#1 恒星名
#2 x座標（光年）
#3 y座標（光年）
#4 z座標（光年）
#5 地球からの距離（光年）
#6 絶対等級（星本来の明るさ。小さいほど明るい。）
#7 光度比（星の明るさを等級から光度に直したもの。大きいほど明るい。）
#8 半径比（星の光度は半径の二乗に比例するという関係から概算した半径比）
Rigel       150.775  750.090 -110.274  773.0  -6.690  474.242   21.777
Betelgeuse   13.433  637.493   82.894  643.0  -6.020  255.859   15.996
Bellatrix    36.603  238.719   26.875  243.0  -2.720   12.246    3.499
Alnilam     139.003 1334.485  -28.150 1342.0  -6.380  356.451   18.880
Alnitak-A    68.472  813.654  -27.695  817.0  -5.250  125.893   11.220
Saiph        37.952  709.743 -121.104  721.0  -4.650   72.444    8.511
Mintaka-A   111.604  909.163   -4.781  916.0  -4.990   99.083    9.954
Hatsya      141.006 1310.393 -136.428 1325.0  -5.300  131.826   11.482
π3-Ori       7.778   24.608    3.151   26.0   3.670    0.034    0.185
ηOri       138.973  889.420  -37.685  901.0  -3.860   34.995    5.916
Meissa-A    112.510 1033.073  182.005 1055.0  -4.160   46.132    6.792
τ-Ori      101.167  540.668  -66.022  554.0  -2.560   10.568    3.251
π4-Ori     370.484 1196.955  122.969 1259.0  -4.250   50.119    7.079
π5-Ori     379.391 1285.986   57.149 1342.0  -4.360   55.463    7.447
σ-Ori-A    106.200 1141.890  -52.078 1148.0  -3.960   38.371    6.194
ο2-Ori      45.036  158.028   39.494  169.0   0.480    0.643    0.802
φ2-Ori      11.516  113.897   18.729  116.0   1.330    0.294    0.542
μ-Ori       -1.558  149.842   25.473  152.0   0.780    0.488    0.698
29-Ori       27.006  170.258  -23.638  174.0   0.490    0.637    0.798
32-Ori       36.417  284.125   29.845  288.0  -0.530    1.629    1.276
Alnitak-B    68.468  813.655  -27.697  817.0  -2.800   13.183    3.631
π2-Ori      57.146  182.947   30.015  194.0   0.480    0.643    0.802
φ1-Ori     106.522  965.663  162.395  985.0  -3.010   15.996    3.999
χ1-Ori       0.643   26.257    9.703   28.0   4.670    0.014    0.116
ν-Ori      -17.057  516.077  136.124  534.0  -1.650    4.571    2.138
ξ-Ori      -32.005  613.771  155.619  634.0  -2.000    6.310    2.512
ρ-Ori       69.538  336.460   17.172  344.0  -0.650    1.820    1.349
π6-Ori     252.367  918.535   28.505  953.0  -2.860   13.932    3.733
ω-Ori      146.725 1611.138  116.575 1622.0  -3.980   39.084    6.252
HD40657      -0.102  419.396  -22.523  420.0  -1.020    2.559    1.600
42-Ori       83.953  778.687  -66.295  786.0  -2.330    8.551    2.924
ψ-Ori      204.027 1400.145   76.523 1417.0  -3.600   27.542    5.248
υ-Ori      187.219 1520.993 -196.356 1545.0  -3.760   31.915    5.649
π1-Ori      33.382  114.332   21.326  121.0   1.800    0.191    0.437
11-Ori       92.363  374.406  106.251  400.0  -0.790    2.070    1.439
ο1-Ori     152.421  502.723  133.422  542.0  -1.390    3.597    1.897
31-Ori       60.036  451.947   -8.692  456.0  -1.020    2.559    1.600
22-Ori      214.059 1271.073   -8.605 1289.0  -3.260   20.137    4.487
56-Ori       36.685 1111.812   36.031 1113.0  -2.910   14.588    3.819
49-Ori       13.965  151.146  -19.210  153.0   1.410    0.273    0.522
HD36960     201.348 1841.814 -194.802 1863.0  -4.000   39.811    6.310
15-Ori       66.685  298.942   85.502  318.0  -0.140    1.138    1.067
25-Ori      169.826 1095.337   35.733 1109.0  -2.770   12.823    3.581
51-Ori       23.059  301.018    7.772  302.0   0.070    0.938    0.968
HD44131     -44.028  503.410  -25.993  506.0  -1.050    2.630    1.622
HD37756     174.441 2082.300  -41.172 2090.0  -4.080   42.855    6.546
69-Ori      -39.090  742.501  215.037  774.0  -1.930    5.916    2.432
θ2-Ori     202.258 1875.666 -178.864 1895.0  -3.840   34.356    5.861
23-Ori      155.028  947.562   59.474  962.0  -2.360    8.790    2.965
