6312.19  1.00031
6312.62  0.9888498
6313.05  0.9782417
6313.48  0.9735426
6313.91  0.9833177
6314.34  0.9974208
6314.77  0.9978239
6315.20  0.9962839
6315.63  0.9966177
6316.05  0.9951245
6316.48  0.9974446
6316.91  1.000429
6317.34  0.990933
6317.77  0.9837111
6318.20  0.9799888
6318.63  0.981773
6319.06  0.9947569
6319.49  1.002188
6319.92  1.001745
6320.35  1.001986
6320.78  1.001752
6321.21  1.000909
6321.63  1.002842
6322.06  0.9948353
6322.49  0.9831516
6322.92  0.9775975
6323.35  0.9849222
6323.78  0.9965956
6324.21  0.9999992
6324.64  0.9981279
6325.07  0.9978316
6325.50  1.001515
6325.93  1.003161
6326.36  1.004863
6326.79  1.003806
6327.22  0.9986172
6327.64  0.995528
6328.07  0.9933546
6328.50  0.9947046
6328.93  0.9979832
6329.36  1.000816
6329.79  0.9995132
6330.22  0.9989129
6330.65  0.9951068
6331.08  0.9949583
6331.51  0.9994959
6331.94  0.9985225
6332.37  0.9979098
6332.80  0.9973097
6333.23  0.9954638
6333.65  0.996672
6334.08  0.9960896
6334.51  0.9959339
6334.94  0.9967309
6335.37  0.9969929
6335.80  0.9974124
6336.23  0.9990217
6336.66  1.000004
6337.09  0.996935
6337.52  0.9985774
6337.95  0.9979447
6338.38  0.9968584
6338.81  0.999965
6339.24  0.9986171
6339.66  0.9959015
6340.09  0.9951229
6340.52  0.9939533
6340.95  0.989089
6341.38  0.9921201
6341.81  0.995599
6342.24  0.9971156
6342.67  0.9989209
6343.10  0.9987675
6343.53  0.995469
6343.96  0.9966263
6344.39  0.9982366
6344.82  0.9975216
6345.25  0.995765
6345.67  0.9882233
6346.10  0.988395
6346.53  0.9950072
6346.96  0.9959635
6347.39  0.9981449
6347.82  0.9986854
6348.25  0.9964675
6348.68  0.9972325
6349.11  0.9935529
6349.54  0.9901206
6349.97  0.9943967
6350.40  0.9963315
6350.83  0.9972445
6351.25  0.9985896
6351.68  0.9987051
6352.11  0.9999777
6352.54  1.00056
6352.97  1.000198
6353.40  0.9982588
6353.83  0.9948142
6354.26  0.9940097
6354.69  0.9959345
6355.12  1.000628
6355.55  1.000373
6355.98  0.9984227
6356.41  1.001401
6356.84  0.9975092
6357.26  0.9951307
6357.69  0.995745
6358.12  0.9982727
6358.55  0.9991465
6358.98  0.9990811
6359.41  0.9987669
6359.84  0.9938963
6360.27  0.9947369
6360.70  1.000207
6361.13  1.00165
6361.56  1.001645
6361.99  0.9989257
6362.42  1.001069
6362.85  1.003195
6363.27  1.000332
6363.70  0.9999006
6364.13  0.9982564
6364.56  0.9990402
6364.99  1.000701
6365.42  1.002659
6365.85  1.001688
6366.28  1.000716
6366.71  0.9996774
6367.14  0.9975519
6367.57  0.9982319
6368.00  1.001335
6368.43  1.00199
6368.86  0.9989469
6369.28  0.9983839
6369.71  0.9968392
6370.14  0.9935678
6370.57  0.9943779
6371.00  0.9984351
6371.43  1.002021
6371.86  1.000487
6372.29  0.9990991
6372.72  1.001219
6373.15  1.003481
6373.58  1.003126
6374.01  1.001315
6374.44  1.001747
6374.87  0.9982925
6375.29  0.9990926
6375.72  0.9991704
6376.15  1.001062
6376.58  1.000978
6377.01  0.9999024
6377.44  0.9996911
6377.87  0.9993625
6378.30  0.9986243
6378.73  0.9977285
6379.16  0.9989526
6379.59  0.9985231
6380.02  0.997528
6380.45  0.9981765
6380.87  0.9982405
6381.30  0.9962865
6381.73  0.997665
6382.16  0.998252
6382.59  0.9985154
6383.02  0.9972528
6383.45  0.9980866
6383.88  1.000175
6384.31  0.997358
6384.74  0.9995906
6385.17  1.001119
6385.60  1.002321
6386.03  1.003193
6386.46  1.00097
6386.88  1.00204
6387.31  1.001795
6387.74  1.002548
6388.17  1.000721
6388.60  1.001794
6389.03  1.001665
6389.46  1.00236
6389.89  1.002619
6390.32  1.001626
6390.75  1.001394
6391.18  1.002723
6391.61  1.002224
6392.04  1.001069
6392.47  1.001152
6392.89  1.001254
6393.32  1.00061
6393.75  0.9997837
6394.18  1.000397
6394.61  1.000737
6395.04  1.00141
6395.47  1.000798
6395.90  0.9990165
6396.33  0.996069
6396.76  0.9990757
6397.19  0.9985992
6397.62  0.995835
6398.05  0.9966829
6398.48  0.9971728
6398.90  0.9956869
6399.33  0.9973674
6399.76  0.9978796
6400.19  0.9981937
6400.62  0.997412
6401.05  0.9973681
6401.48  0.9954017
6401.91  0.994654
6402.34  0.9937088
6402.77  0.9930004
6403.20  0.9942316
6403.63  0.9950911
6404.06  0.9962474
6404.49  0.9921935
6404.91  0.9911221
6405.34  0.9891876
6405.77  0.9874616
6406.20  0.9899489
6406.63  0.9877323
6407.06  0.9860616
6407.49  0.9865061
6407.92  0.9892662
6408.35  0.9904522
6408.78  0.9929401
6409.21  0.9938443
6409.64  0.9957386
6410.07  0.9977102
6410.49  0.9983654
6410.92  0.9960791
6411.35  0.994903
6411.78  0.9960518
6412.21  0.9965467
6412.64  0.9958221
6413.07  0.9976022
6413.50  0.9965283
6413.93  0.9947049
6414.36  0.9959167
6414.79  0.9941365
6415.22  0.9929579
6415.65  0.9934412
6416.08  0.9946314
6416.50  0.9955601
6416.93  0.9949211
6417.36  0.9956393
6417.79  0.9928432
6418.22  0.9911548
6418.65  0.9930262
6419.08  0.9941674
6419.51  0.9945958
6419.94  0.9960541
6420.37  0.998055
6420.80  0.9960217
6421.23  0.9956917
6421.66  0.9957459
6422.09  0.9944772
6422.51  0.994711
6422.94  0.9961463
6423.37  0.9940618
6423.80  0.9912353
6424.23  0.9935688
6424.66  0.9964152
6425.09  0.9971052
6425.52  0.9969034
6425.95  0.9978397
6426.38  0.9955396
6426.81  0.9971182
6427.24  0.9965916
6427.67  0.9968526
6428.10  0.9951795
6428.52  0.9947962
6428.95  0.9954085
6429.38  0.994792
6429.81  0.9969973
6430.24  0.997707
6430.67  0.9969065
6431.10  0.9955053
6431.53  0.9922448
6431.96  0.9904884
6432.39  0.9946836
6432.82  0.9960549
6433.25  0.9943351
6433.68  0.9952751
6434.11  0.9992282
6434.53  0.9994192
6434.96  0.9941839
6435.39  0.9809238
6435.82  0.9781228
6436.25  0.9938962
6436.68  1.001832
6437.11  1.000484
6437.54  1.000029
6437.97  0.9969447
6438.40  0.9943134
6438.83  0.9950056
6439.26  0.9953848
6439.69  0.9945537
6440.11  0.9941182
6440.54  0.9927124
6440.97  0.9945641
6441.40  0.9953385
6441.83  0.9936056
6442.26  0.9930288
6442.69  0.9925317
6443.12  0.9912786
6443.55  0.9938056
6443.98  0.9989135
6444.41  0.9992287
6444.84  0.9992889
6445.27  0.9975159
6445.70  0.9968986
6446.12  0.9972149
6446.55  0.9928234
6446.98  0.9937211
6447.41  0.9949058
6447.84  0.996069
6448.27  0.9941222
6448.70  0.9931741
6449.13  0.99279
6449.56  0.9922137
6449.99  0.9895686
6450.42  0.9876828
6450.85  0.9890395
6451.28  0.9898731
6451.71  0.9882944
6452.13  0.9873478
6452.56  0.9835685
6452.99  0.981972
6453.42  0.9871028
6453.85  0.9912469
6454.28  0.9912513
6454.71  0.9939095
6455.14  0.994326
6455.57  0.9904646
6456.00  0.9895097
6456.43  0.9941276
6456.86  0.9942353
6457.29  0.9820643
6457.72  0.975233
6458.14  0.9781272
6458.57  0.979444
6459.00  0.9826139
6459.43  0.9899912
6459.86  0.9940189
6460.29  0.9903726
6460.72  0.9913703
6461.15  0.997934
6461.58  0.9977223
6462.01  0.9897469
6462.44  0.982112
6462.87  0.9777098
6463.30  0.9776598
6463.73  0.9859629
6464.15  0.9888546
6464.58  0.9805865
6465.01  0.9733551
6465.44  0.9748825
6465.87  0.9783381
6466.30  0.9745398
6466.73  0.9711412
6467.16  0.9781804
6467.59  0.9790628
6468.02  0.964999
6468.45  0.9557484
6468.88  0.9684194
6469.31  0.9842115
6469.73  0.9909483
6470.16  0.9937394
6470.59  0.986574
6471.02  0.9659516
6471.45  0.9545826
6471.88  0.9575825
6472.31  0.9722771
6472.74  0.9819435
6473.17  0.967441
6473.60  0.929828
6474.03  0.9034745
6474.46  0.9123999
6474.89  0.9452645
6475.32  0.9656764
6475.74  0.964799
6476.17  0.9688921
6476.60  0.9825486
6477.03  0.9885289
6477.46  0.9774976
6477.89  0.9596624
6478.32  0.941942
6478.75  0.9344146
6479.18  0.9601143
6479.61  0.9802958
6480.04  0.982561
6480.47  0.9842638
6480.90  0.9897634
6481.33  0.9781926
6481.75  0.9411654
6482.18  0.9147056
6482.61  0.9250712
6483.04  0.9528365
6483.47  0.974186
6483.90  0.9781982
6484.33  0.9785649
6484.76  0.9819348
6485.19  0.9738679
6485.62  0.9695243
6486.05  0.977825
6486.48  0.9839249
6486.91  0.9894717
6487.34  0.9877791
6487.76  0.9790718
6488.19  0.9856095
6488.62  0.9910799
6489.05  0.9633472
6489.48  0.9378012
6489.91  0.9592202
6490.34  0.9892386
6490.77  0.9909544
6491.20  0.9650567
6491.63  0.9415013
6492.06  0.9594174
6492.49  0.9843745
6492.92  0.9866404
6493.35  0.9869905
6493.77  0.9860404
6494.20  0.9589141
6494.63  0.9411852
6495.06  0.9699501
6495.49  0.9923866
6495.92  0.9811424
6496.35  0.9731554
6496.78  0.9859423
6497.21  0.9955835
6497.64  0.9996434
6498.07  0.9999117
6498.50  0.9983389
6498.93  1.001514
6499.35  1.002477
6499.78  0.9980467
6500.21  0.9983537
6500.64  0.9988059
6501.07  0.9955553
6501.50  0.9967955
6501.93  0.9951739
6502.36  0.9876276
6502.79  0.9867694
6503.22  0.9928657
6503.65  1.002517
6504.08  1.006284
6504.51  1.002917
6504.94  1.002658
6505.36  1.005001
6505.79  1.00275
6506.22  0.9987134
6506.65  0.9926584
6507.08  0.9776244
6507.51  0.9770702
6507.94  0.9944428
6508.37  0.9994831
6508.80  1.000264
6509.23  1.002359
6509.66  1.003159
6510.09  0.9949034
6510.52  0.9741266
6510.95  0.9716054
6511.37  0.9879569
6511.80  0.9966816
6512.23  0.9920581
6512.66  0.9776413
6513.09  0.9440858
6513.52  0.9373029
6513.95  0.9625247
6514.38  0.9628005
6514.81  0.9204774
6515.24  0.8823065
6515.67  0.9105365
6516.10  0.9566478
6516.53  0.972529
6516.96  0.9765693
6517.38  0.975701
6517.81  0.9602327
6518.24  0.9587314
6518.67  0.9825885
6519.10  0.9988488
6519.53  1.001892
6519.96  1.001873
6520.39  0.9940401
6520.82  0.9896982
6521.25  0.992971
6521.68  0.9884602
6522.11  0.9661645
6522.54  0.9548923
6522.97  0.977537
6523.39  0.9986795
6523.82  1.00066
6524.25  0.9996136
6524.68  0.9986195
6525.11  0.9986865
6525.54  0.9984162
6525.97  0.9959583
6526.40  0.9933136
6526.83  0.9935524
6527.26  0.9961765
6527.69  0.9982907
6528.12  1.000214
6528.55  0.9982486
6528.97  0.9955549
6529.40  0.9938005
6529.83  0.9988217
6530.26  0.9983823
6530.69  0.9755308
6531.12  0.9633803
6531.55  0.9857458
6531.98  1.000383
6532.41  0.9864528
6532.84  0.9773801
6533.27  0.9885862
6533.70  0.9987387
6534.13  1.002881
6534.56  1.005459
6534.98  0.9974597
6535.41  0.9913716
6535.84  0.9988856
6536.27  1.006383
6536.70  1.008493
6537.13  1.008428
6537.56  1.006518
6537.99  1.00424
6538.42  1.003136
6538.85  1.004651
6539.28  1.004231
6539.71  1.003711
6540.14  1.003438
6540.57  0.993602
6540.99  0.9819905
6541.42  0.9872233
6541.85  0.9858631
6542.28  0.9536234
6542.71  0.9443613
6543.14  0.9821223
6543.57  1.003797
6544.00  1.001636
6544.43  0.9966361
6544.86  0.9996437
6545.29  1.004766
6545.72  0.9987732
6546.15  0.9833117
6546.58  0.9767923
6547.00  0.9661324
6547.43  0.961307
6547.86  0.9904833
6548.29  1.008487
6548.72  1.009787
6549.15  1.010337
6549.58  1.011591
6550.01  1.008988
6550.44  0.9984208
6550.87  0.9715879
6551.30  0.950218
6551.73  0.9730893
6552.16  0.9871542
6552.59  0.9911384
6553.01  0.9994379
6553.44  1.003626
6553.87  1.005659
6554.30  1.007056
6554.73  1.010165
6555.16  1.002184
6555.59  0.9861447
6556.02  0.9795071
6556.45  0.9838508
6556.88  0.9793507
6557.31  0.9771459
6557.74  0.9761118
6558.17  0.9724452
6558.59  0.9635817
6559.02  0.9508486
6559.45  0.9488683
6559.88  0.9628453
6560.31  0.9892272
6560.74  1.00982
6561.17  1.026965
6561.60  1.038204
6562.03  1.031198
6562.46  1.001811
6562.89  0.9839174
6563.32  0.9914919
6563.75  0.9927881
6564.18  0.984564
6564.60  0.9756837
6565.03  0.9711003
6565.46  0.9710231
6565.89  0.9757513
6566.32  0.9856557
6566.75  0.9906433
6567.18  0.990523
6567.61  0.9902644
6568.04  1.000819
6568.47  1.007758
6568.90  1.006385
6569.33  1.00858
6569.76  1.006268
6570.19  0.9976953
6570.61  0.9747261
6571.04  0.9796438
6571.47  1.004292
6571.90  1.010354
6572.33  1.00754
6572.76  1.002745
6573.19  0.9724883
6573.62  0.9573437
6574.05  0.9885989
6574.48  1.010706
6574.91  1.012572
6575.34  1.010933
6575.77  1.014433
6576.20  1.014794
6576.62  1.012259
6577.05  1.011116
6577.48  1.005245
6577.91  1.003462
6578.34  1.004214
6578.77  0.9971874
6579.20  0.9872913
6579.63  0.9900509
6580.06  1.003438
6580.49  1.007132
6580.92  1.003873
6581.35  1.002017
6581.78  0.9944059
6582.21  0.9924963
6582.63  0.9968059
6583.06  0.9990821
6583.49  0.9961767
6583.92  0.9928076
6584.35  0.992048
6584.78  0.9845534
6585.21  0.9777713
6585.64  0.9910516
6586.07  1.006887
6586.50  1.010278
6586.93  1.010178
6587.36  1.007173
6587.79  1.008788
6588.21  1.012458
6588.64  1.009014
6589.07  1.008546
6589.50  1.00783
6589.93  1.007851
6590.36  1.010439
6590.79  1.014012
6591.22  1.009455
6591.65  1.000726
6592.08  1.001159
6592.51  1.000377
6592.94  0.996928
6593.37  1.000685
6593.80  1.010238
6594.22  1.009583
6594.65  1.008719
6595.08  1.0065
6595.51  1.00483
6595.94  1.006188
6596.37  1.007555
6596.80  1.00664
6597.23  1.003346
6597.66  0.9996862
6598.09  0.9942862
6598.52  1.001917
6598.95  1.00622
6599.38  1.003277
6599.81  1.002002
6600.23  0.9984104
6600.66  0.9934576
6601.09  0.9971852
6601.52  0.9997983
6601.95  0.9992982
6602.38  1.000105
6602.81  1.003194
6603.24  1.001599
6603.67  0.9989216
6604.10  0.9961144
6604.53  1.000286
6604.96  1.006157
6605.39  1.003432
6605.82  1.001792
6606.24  1.004036
6606.67  1.001609
6607.10  0.9986406
6607.53  0.9996045
6607.96  1.001168
6608.39  1.004036
6608.82  1.005878
6609.25  1.003907
6609.68  1.005729
6610.11  1.006061
6610.54  1.00279
6610.97  0.999507
6611.40  0.9972489
6611.83  0.9981009
6612.25  0.9963568
6612.68  0.9940915
6613.11  0.9923993
6613.54  0.9955286
6613.97  0.9967244
6614.40  0.9984303
6614.83  0.9984556
6615.26  0.9989103
6615.69  0.9955353
6616.12  0.9969181
6616.55  1.000569
6616.98  0.9999232
6617.41  0.9994286
6617.84  0.997929
6618.26  0.9985565
6618.69  0.9974686
6619.12  0.9976968
6619.55  0.9985194
6619.98  0.9993415
6620.41  0.9967376
6620.84  0.9960554
6621.27  0.9987876
6621.70  0.9985009
6622.13  0.9978498
6622.56  0.9956856
6622.99  0.9957565
6623.42  0.9950651
6623.84  0.9905654
6624.27  0.9927773
6624.70  0.995325
6625.13  0.9939712
6625.56  0.9949603
6625.99  0.9963776
6626.42  0.9947755
6626.85  0.9937784
6627.28  0.9926882
6627.71  0.9920381
6628.14  0.9945056
6628.57  0.9942656
6629.00  0.9959979
6629.43  0.9976723
6629.85  0.9966682
6630.28  0.9947069
6630.71  0.9922224
6631.14  0.9907903
6631.57  0.9871554
6632.00  0.9871482
6632.43  0.9897084
6632.86  0.9906338
6633.29  0.9888844
6633.72  0.9906538
6634.15  0.9921989
6634.58  0.9908554
6635.01  0.9948749
6635.44  0.9980966
6635.86  0.9959335
6636.29  0.9925695
6636.72  0.9903901
6637.15  0.9901834
6637.58  0.9912204
6638.01  0.9919215
6638.44  0.9907373
6638.87  0.9906927
6639.30  0.9916927
6639.73  0.9936444
6640.16  0.9928356
6640.59  0.9895176
6641.02  0.9881238
6641.45  0.9854217
6641.87  0.9848219
6642.30  0.9871509
6642.73  0.9908262
6643.16  0.9967724
6643.59  0.9970359
6644.02  0.998619
6644.45  1.000639
6644.88  0.9991357
6645.31  0.9939851
6645.74  0.9944792
6646.17  0.9967034
6646.60  0.9993422
6647.03  0.9971742
6647.46  0.9962913
6647.88  0.9968823
6648.31  0.9987436
6648.74  0.9992604
6649.17  0.999099
6649.60  0.9960566
6650.03  0.9952381
6650.46  0.9940591
6650.89  0.994681
6651.32  0.9954289
6651.75  0.9945048
6652.18  0.9962236
6652.61  0.9943276
6653.04  0.9922861
6653.46  0.9883404
6653.89  0.992262
6654.32  0.9940752
6654.75  0.9911189
6655.18  0.9919792
6655.61  0.9940416
6656.04  0.9943932
6656.47  0.9950099
6656.90  0.9955248
6657.33  0.9949735
6657.76  0.9976133
6658.19  0.9984161
6658.62  0.9987921
6659.05  0.9960866
6659.47  0.9957835
6659.90  0.9950233
6660.33  0.993154
6660.76  0.9946068
6661.19  0.999913
6661.62  1.001136
6662.05  0.9972536
6662.48  0.9964986
6662.91  0.9988354
6663.34  1.001011
6663.77  0.9993565
6664.20  0.9972414
6664.63  0.999382
6665.06  1.000233
6665.48  1.001867
6665.91  1.003002
6666.34  0.998759
6666.77  0.999132
6667.20  1.003559
6667.63  1.005781
6668.06  1.004861
6668.49  1.006558
6668.92  1.002007
6669.35  0.9986818
6669.78  0.9995107
6670.21  1.000168
6670.64  0.9991563
6671.07  0.9981674
6671.49  0.9979068
6671.92  0.9968539
6672.35  0.9980202
6672.78  0.9954081
6673.21  0.9940438
6673.64  0.9930974
6674.07  0.9875007
6674.50  0.9799051
6674.93  0.9679556
6675.36  0.9462025
6675.79  0.9163018
6676.22  0.8832631
6676.65  0.846911
6677.08  0.8123798
6677.50  0.7869077
6677.93  0.7737929
6678.36  0.7736551
6678.79  0.7877498
6679.22  0.8163906
6679.65  0.8508455
6680.08  0.8903463
6680.51  0.9254371
6680.94  0.9510025
6681.37  0.9677167
6681.80  0.9747296
6682.23  0.9779759
6682.66  0.9810088
6683.08  0.9839134
6683.51  0.986754
6683.94  0.9871587
6684.37  0.9889026
6684.80  0.9916232
6685.23  0.9932327
6685.66  0.9955007
6686.09  0.9974191
6686.52  0.998537
6686.95  0.9983167
6687.38  0.9974484
6687.81  1.001037
6688.24  1.000103
6688.67  0.9993387
6689.09  0.9984836
6689.52  0.9980813
6689.95  0.9997849
6690.38  1.001663
6690.81  1.003047
6691.24  1.000293
6691.67  0.9986933
6692.10  0.999931
6692.53  1.000453
6692.96  1.001659
6693.39  1.002112
6693.82  1.001249
6694.25  1.001657
6694.68  1.003323
6695.10  1.003729
6695.53  1.003248
6695.96  1.004444
6696.39  1.005204
6696.82  1.004135
6697.25  1.002561
6697.68  1.002841
6698.11  1.005918
6698.54  1.007204
6698.97  1.007707
6699.40  1.007252
6699.83  1.008226
6700.26  1.007192
6700.69  1.006776
6701.11  1.006061
6701.54  1.005327
6701.97  1.007215
6702.40  1.006252
6702.83  1.006815
6703.26  1.005227
6703.69  1.000945
6704.12  1.001875
6704.55  1.002023
6704.98  1.005021
6705.41  1.003771
6705.84  1.001255
6706.27  0.99897
6706.70  1.004301
6707.12  1.004782
6707.55  1.002408
6707.98  1.000271
6708.41  0.9974246
6708.84  0.997621
6709.27  0.9990283
6709.70  0.9989884
6710.13  0.9966214
6710.56  0.9972844
6710.99  0.9980435
6711.42  1.000629
6711.85  1.000968
6712.28  0.9984847
6712.70  0.9976969
6713.13  0.9998994
6713.56  1.001659
6713.99  1.004065
6714.42  1.001198
6714.85  0.9998448
6715.28  1.00533
6715.71  1.006475
6716.14  1.009621
6716.57  1.015484
6717.00  1.015644
6717.43  1.015898
6717.86  1.015257
6718.29  1.013341
6718.71  1.008347
6719.14  1.001687
6719.57  0.9982679
6720.00  0.9997081
6720.43  1.002333
6720.86  1.002857
6721.29  1.001583
6721.72  1.001527
6722.15  0.9980618
6722.58  0.9965661
6723.01  0.9967982
6723.44  0.9980795
6723.87  0.997779
6724.30  0.9981975
6724.72  0.9999071
6725.15  0.9989833
6725.58  0.9986133
6726.01  0.9978247
6726.44  1.000758
6726.87  0.9999012
6727.30  0.9965394
6727.73  0.9951468
6728.16  0.9974704
6728.59  0.9991886
6729.02  0.9978189
6729.45  0.9988897
6729.88  0.9974114
6730.31  0.9999179
6730.73  1.000895
6731.16  0.9978847
6731.59  1.000648
6732.02  0.9997537
6732.45  0.9973863
6732.88  0.9970348
6733.31  0.9991235
6733.74  0.9957409
6734.17  0.9972305
6734.60  0.9960927
6735.03  0.9979721
6735.46  0.9972501
6735.89  0.9959509
6736.32  0.9976123
6736.74  0.9985013
6737.17  0.9981121
6737.60  0.998426
6738.03  1.000247
6738.46  0.9977742
6738.89  0.9945127
6739.32  0.996469
6739.75  0.9963585
6740.18  0.9955837
6740.61  0.9945855
6741.04  0.9996955
6741.47  1.000069
6741.90  1.003175
6742.32  1.002032
6742.75  0.9979061
6743.18  0.9978264
6743.61  1.000485
6744.04  1.000388
6744.47  0.9997277
6744.90  0.9997238
6745.33  1.001943
6745.76  0.9983009
6746.19  1.00053
6746.62  1.000849
6747.05  0.9994164
6747.48  1.003474
6747.91  1.003646
6748.33  0.9982898
6748.76  1.000896
6749.19  1.000623
6749.62  0.9985942
6750.05  0.9969093
6750.48  0.9962098
6750.91  0.9965594
6751.34  0.9597075
