3944.78  0.9789158
3945.35  0.9894601
3945.92  0.9981205
3946.49  0.996112
3947.06  0.9991863
3947.63  0.9998806
3948.20  0.9991986
3948.77  0.9992946
3949.34  1.001147
3949.91  1.00076
3950.48  0.9979329
3951.05  1.000985
3951.62  1.00194
3952.19  1.001595
3952.76  0.9992486
3953.33  1.00151
3953.90  0.9984003
3954.47  0.9942328
3955.04  0.9906871
3955.61  0.9919868
3956.18  0.9977827
3956.75  1.001279
3957.32  0.9991175
3957.89  1.001232
3958.46  1.006578
3959.03  1.003803
3959.60  0.9985893
3960.17  0.993027
3960.74  0.984263
3961.31  0.9698154
3961.88  0.9631808
3962.45  0.9617565
3963.03  0.9616299
3963.60  0.9635192
3964.17  0.9495741
3964.74  0.9344053
3965.31  0.9250489
3965.88  0.9277244
3966.45  0.9194739
3967.02  0.9095598
3967.59  0.8831031
3968.16  0.8378923
3968.73  0.7954553
3969.30  0.7661594
3969.87  0.742236
3970.44  0.7350423
3971.01  0.7490875
3971.58  0.7908249
3972.15  0.8368143
3972.72  0.8779029
3973.29  0.9076873
3973.86  0.9271088
3974.43  0.9427239
3975.00  0.9610808
3975.57  0.9774228
3976.14  0.9786094
3976.71  0.9886112
3977.28  0.9943694
3977.85  0.9972459
3978.42  0.9964659
3978.99  0.9981476
3979.56  0.9957896
3980.13  0.9964648
3980.70  1.001347
3981.27  1.000108
3981.84  0.9915955
3982.41  0.9965631
3982.98  1.001167
3983.55  0.9971115
3984.12  0.9981436
3984.69  0.9967493
3985.26  1.003543
3985.83  1.004702
3986.40  1.001901
3986.97  1.000139
3987.54  1.000127
3988.11  1.002318
3988.68  1.002719
3989.25  1.001634
3989.82  1.001884
3990.39  1.003641
3990.96  1.005168
3991.53  1.006435
3992.10  0.9992887
3992.67  1.001573
3993.24  1.002692
3993.81  0.9996724
3994.38  0.9974761
3994.95  0.983614
3995.52  0.9943373
3996.09  1.000159
3996.66  1.000665
3997.23  0.9953017
3997.80  0.9965288
3998.37  0.9916354
3998.94  0.9907588
3999.51  0.9977459
4000.08  0.9969276
4000.65  0.9942988
4001.22  0.9911528
4001.79  0.9950975
4002.36  0.9984084
4002.93  0.9959831
4003.50  0.9914984
4004.07  0.9955974
4004.64  0.9910486
4005.21  0.9918593
4005.78  0.9899042
4006.35  0.9887525
4006.92  0.9910272
4007.49  0.9822754
4008.06  0.9806617
4008.63  0.9812087
4009.20  0.9681354
4009.77  0.9582369
4010.34  0.9605744
4010.91  0.9716312
4011.48  0.9835598
4012.05  0.9888841
4012.62  0.9941567
4013.19  0.9980816
4013.76  0.9970087
4014.33  0.9946398
4014.90  0.9945073
4015.47  0.99027
4016.04  0.9894152
4016.61  0.9922372
4017.18  0.9917163
4017.75  0.9925463
4018.32  0.9933603
4018.89  0.9920765
4019.46  0.9953713
4020.03  0.993288
4020.60  0.9918442
4021.17  0.9881688
4021.74  0.9847657
4022.31  0.9808071
4022.88  0.9742602
4023.45  0.9599497
4024.02  0.9376343
4024.59  0.9121229
4025.16  0.8833192
4025.73  0.8502049
4026.30  0.8248536
4026.87  0.8293111
4027.44  0.8618212
4028.01  0.9047915
4028.58  0.9367637
4029.15  0.9647419
4029.72  0.981416
4030.29  0.986385
4030.86  0.9908503
4031.43  0.9930521
4032.00  0.9957457
4032.57  0.9929498
4033.14  1.000319
4033.71  0.9990417
4034.28  0.9992033
4034.85  1.00263
4035.42  0.9980265
4035.99  0.9974052
4036.57  1.000094
4037.14  1.000719
4037.71  0.9990614
4038.28  1.000078
4038.85  0.9989485
4039.42  0.9977535
4039.99  0.9991094
4040.56  1.001146
4041.13  0.9985659
4041.70  0.9973177
4042.27  0.9940242
4042.84  1.001767
4043.41  1.007278
4043.98  1.000708
4044.55  1.003304
4045.12  1.006488
4045.69  1.006513
4046.26  1.007057
4046.83  1.009158
4047.40  1.003233
4047.97  1.006287
4048.54  1.008006
4049.11  1.008549
4049.68  1.005541
4050.25  1.003501
4050.82  1.011798
4051.39  1.009271
4051.96  1.009513
4052.53  1.013593
4053.10  1.012298
4053.67  1.009782
4054.24  1.006616
4054.81  1.002494
4055.38  1.0026
4055.95  1.003841
4056.52  1.001845
4057.09  1.005485
4057.66  1.007403
4058.23  1.005451
4058.80  1.007219
4059.37  1.006762
4059.94  1.004376
4060.51  1.003852
4061.08  1.002362
4061.65  1.001229
4062.22  1.007756
4062.79  1.004727
4063.36  1.003442
4063.93  1.010413
4064.50  1.01485
4065.07  1.013381
4065.64  1.009702
4066.21  1.01449
4066.78  1.009129
4067.35  0.9975224
4067.92  0.9771988
4068.49  0.9609362
4069.06  0.949472
4069.63  0.9426851
4070.20  0.9389008
4070.77  0.9416307
4071.34  0.9561002
4071.91  0.9646776
4072.48  0.973244
4073.05  0.9797371
4073.62  0.994477
4074.19  0.9987032
4074.76  0.993856
4075.33  0.9919297
4075.90  0.9881815
4076.47  0.9874325
4077.04  0.990422
4077.61  0.999797
4078.18  1.014004
4078.75  1.016042
4079.32  1.016246
4079.89  1.015075
4080.46  1.018056
4081.03  1.014508
4081.60  1.018178
4082.17  1.018519
4082.74  1.014018
4083.31  1.016017
4083.88  1.01309
4084.45  1.004447
4085.02  1.002934
4085.59  0.9946357
4086.16  0.990972
4086.73  0.9771129
4087.30  0.9547482
4087.87  0.9213593
4088.44  0.8803004
4089.01  0.8551095
4089.58  0.8486578
4090.15  0.8747948
4090.72  0.9212614
4091.29  0.9654253
4091.86  0.9891136
4092.43  0.9971066
4093.00  0.9937556
4093.57  0.9944894
4094.14  0.9945236
4094.71  0.9908088
4095.28  0.9755766
4095.85  0.9577447
4096.42  0.9389857
4096.99  0.9136091
4097.56  0.8935052
4098.13  0.8816629
4098.70  0.8732176
4099.27  0.8624623
4099.84  0.8401427
4100.41  0.8104869
4100.98  0.769601
4101.55  0.7316057
4102.12  0.7111368
4102.69  0.7182112
4103.26  0.7536488
4103.83  0.8004106
4104.40  0.8486856
4104.97  0.8895071
4105.54  0.9210306
4106.11  0.9450439
4106.68  0.958711
4107.25  0.9689592
4107.82  0.9887492
4108.39  0.9932395
4108.96  0.9937894
4109.53  0.9992563
4110.11  0.9989896
4110.68  1.000089
4111.25  0.9999443
4111.82  1.002104
4112.39  0.9997011
4112.96  0.9985815
4113.53  0.9975631
4114.10  0.9927754
4114.67  0.9691872
4115.24  0.9472229
4115.81  0.9215085
4116.38  0.900079
4116.95  0.9095392
4117.52  0.9339792
4118.09  0.9572043
4118.66  0.9729936
4119.23  0.9740739
4119.80  0.9674286
4120.37  0.9607553
4120.94  0.9503606
4121.51  0.9507965
4122.08  0.9668319
4122.65  0.9799711
4123.22  0.9966639
4123.79  1.004827
4124.36  1.008822
4124.93  1.013044
4125.50  1.011708
4126.07  1.015917
4126.64  1.020229
4127.21  1.011598
4127.78  1.017471
4128.35  1.014062
4128.92  1.012144
4129.49  1.016203
4130.06  1.014226
4130.63  1.013221
4131.20  1.014807
4131.77  1.016866
4132.34  1.0124
4132.91  1.009187
4133.48  1.008391
4134.05  1.0146
4134.62  1.014953
4135.19  1.016423
4135.76  1.014978
4136.33  1.014375
4136.90  1.022748
4137.47  1.018834
4138.04  1.015021
4138.61  1.013012
4139.18  1.012443
4139.75  1.008138
4140.32  1.007646
4140.89  1.007034
4141.46  1.000926
4142.03  0.9911678
4142.60  0.9825043
4143.17  0.9666987
4143.74  0.950828
4144.31  0.944411
4144.88  0.9526113
4145.45  0.966158
4146.02  0.9784831
4146.59  0.9838666
4147.16  0.9953419
4147.73  0.9997389
4148.30  1.003193
4148.87  1.005153
4149.44  1.003264
4150.01  1.004939
4150.58  1.006078
4151.15  1.002659
4151.72  1.00145
4152.29  0.9950045
4152.86  0.9922497
4153.43  0.9885964
4154.00  0.9885858
4154.57  0.9862706
4155.14  0.9953935
4155.71  0.9992623
4156.28  0.9939125
4156.85  0.9903807
4157.42  0.994215
4157.99  0.9994636
4158.56  1.003853
4159.13  1.004916
4159.70  1.006179
4160.27  1.008601
4160.84  1.006087
4161.41  1.003273
4161.98  1.002303
4162.55  1.000913
4163.12  0.9920015
4163.69  0.9895012
4164.26  0.9921281
4164.83  0.9964085
4165.40  0.9963955
4165.97  1.000211
4166.54  1.004557
4167.11  1.003443
4167.68  1.002118
4168.25  0.9994345
4168.82  0.9970919
4169.39  0.993667
4169.96  0.9935861
4170.53  0.9974345
4171.10  1.001397
4171.67  0.9989657
4172.24  1.00136
4172.81  1.002249
4173.38  1.002671
4173.95  1.006338
4174.52  1.004615
4175.09  1.006487
4175.66  1.002629
4176.23  0.9970343
4176.80  0.9986494
4177.37  1.001564
4177.94  1.001353
4178.51  0.9957349
4179.08  0.998024
4179.65  1.004171
4180.22  1.00327
4180.79  1.003771
4181.36  1.003498
4181.93  1.002239
4182.50  1.002634
4183.07  1.000736
4183.65  1.000468
4184.22  0.996116
4184.79  0.9924876
4185.36  0.9832619
4185.93  0.9710801
4186.50  0.9695517
4187.07  0.9669692
4187.64  0.9679719
4188.21  0.9781095
4188.78  0.9856024
4189.35  0.9861606
4189.92  0.9851292
4190.49  0.9880427
4191.06  0.9931726
4191.63  0.9934108
4192.20  0.9966487
4192.77  0.9983106
4193.34  0.9980236
4193.91  0.9981789
4194.48  1.000465
4195.05  0.9989844
4195.62  0.9953962
4196.19  0.9910217
4196.76  0.9867585
4197.33  0.9845186
4197.90  0.9865867
4198.47  0.9776902
4199.04  0.9687756
4199.61  0.9566832
4200.18  0.9485691
4200.75  0.9485468
4201.32  0.9594972
4201.89  0.9729667
4202.46  0.9808029
4203.03  0.9879783
4203.60  0.9937996
4204.17  0.9975873
4204.74  1.000903
4205.31  0.9996467
4205.88  0.9989422
4206.45  0.9983616
4207.02  0.9972469
4207.59  0.9982942
4208.16  0.999316
4208.73  1.003937
4209.30  1.001783
4209.87  0.9995783
4210.44  0.9977562
4211.01  0.9976251
4211.58  0.9989543
4212.15  0.9940528
4212.72  0.9913978
4213.29  0.9886435
4213.86  0.9927659
4214.43  0.9955019
4215.00  0.9978325
4215.57  0.9995329
4216.14  0.9987206
4216.71  0.9964457
4217.28  0.995505
4217.85  0.9979095
4218.42  1.002304
4218.99  0.9937623
4219.56  0.9924393
4220.13  0.9911544
4220.70  0.9888548
4221.27  0.9943467
4221.84  0.9987613
4222.41  0.9966163
4222.98  1.000598
4223.55  0.9992884
4224.12  1.000548
4224.69  1.000755
4225.26  1.003153
4225.83  1.005891
4226.40  1.004703
4226.97  1.002672
4227.54  1.001112
4228.11  1.000768
4228.68  1.001728
4229.25  1.000548
4229.82  0.9978046
4230.39  1.001058
4230.96  1.000251
4231.53  0.9990774
4232.10  1.002701
4232.67  1.000238
4233.24  1.000964
4233.81  0.9997689
4234.38  1.001343
4234.95  0.9994202
4235.52  1.002459
4236.09  1.002819
4236.66  1.000037
4237.23  0.9989292
4237.80  0.9998899
4238.37  1.000115
4238.94  0.9994941
4239.51  0.9954918
4240.08  1.001024
4240.65  1.004013
4241.22  1.001486
4241.79  0.9980282
4242.36  0.9990157
4242.93  1.001552
4243.50  0.9964904
4244.07  1.000964
4244.64  0.9992697
4245.21  1.000795
4245.78  1.000315
4246.35  0.995115
4246.92  0.9976172
4247.49  0.9978062
4248.06  1.000059
4248.63  0.9951627
4249.20  0.9966771
4249.77  0.9994643
4250.34  0.9966941
4250.91  0.9963198
4251.48  0.999096
4252.05  0.9939093
4252.62  0.9917084
4253.19  0.9885523
4253.76  0.978679
4254.33  0.9760848
4254.90  0.9804541
4255.47  0.9872216
4256.04  0.989894
4256.61  0.9935789
4257.18  0.9977589
4257.76  0.9923862
4258.33  0.9940303
4258.90  1.001962
4259.47  1.002279
4260.04  1.000286
4260.61  1.001356
4261.18  1.000198
4261.75  1.002841
4262.32  1.001868
4262.89  0.9983302
4263.46  1.002867
4264.03  1.00519
4264.60  1.002533
4265.17  1.000417
4265.74  1.000185
4266.31  0.9956851
4266.88  0.9944222
4267.45  0.9867811
4268.02  0.985482
4268.59  0.9911814
4269.16  0.9932786
4269.73  0.9957885
4270.30  0.9987965
4270.87  1.001979
4271.44  1.001358
4272.01  1.002351
4272.58  1.002878
4273.15  1.001556
4273.72  0.9978889
4274.29  0.9979095
4274.86  0.9953111
4275.43  0.9892616
4276.00  0.9824096
4276.57  0.9806277
4277.14  0.9810278
4277.71  0.9826543
4278.28  0.9851115
4278.85  0.9920104
4279.42  0.9960677
4279.99  0.9960568
4280.56  0.9954908
4281.13  1.000745
4281.70  1.001286
4282.27  0.9982209
4282.84  0.9938184
4283.41  0.9904124
4283.98  0.9890122
4284.55  0.9850227
4285.12  0.9836438
4285.69  0.9854922
4286.26  0.9870535
4286.83  0.99387
4287.40  0.9955199
4287.97  0.9968588
4288.54  0.9996909
4289.11  0.9997558
4289.68  0.9956438
4290.25  0.9963428
4290.82  0.9934898
4291.39  0.9923993
4291.96  0.9990608
4292.53  1.000493
4293.10  0.9993594
4293.67  1.002025
4294.24  1.001709
4294.81  0.9994789
4295.38  0.9994678
4295.95  1.00384
4296.52  1.002595
4297.09  1.004599
4297.66  1.009332
4298.23  1.012094
4298.80  1.009582
4299.37  1.011678
4299.94  1.013095
4300.51  1.012668
4301.08  1.013005
4301.65  1.012582
4302.22  1.010501
4302.79  1.008935
4303.36  1.00615
4303.93  0.9988607
4304.50  0.9980709
4305.07  1.00222
4305.64  1.003168
4306.21  1.006494
4306.78  1.004912
4307.35  1.003136
4307.92  1.004264
4308.49  1.007081
4309.06  1.005774
4309.63  1.004434
4310.20  1.004439
4310.77  1.009102
4311.34  1.002331
4311.91  1.002416
4312.48  1.005601
4313.05  1.005689
4313.62  1.002676
4314.19  0.9997832
4314.76  0.9980112
4315.33  0.9948207
4315.90  0.9972253
4316.47  0.9953963
4317.04  0.9900537
4317.61  0.9888879
4318.18  0.9894071
4318.75  0.9895176
4319.32  0.9873616
4319.89  0.9870604
4320.46  0.9859176
4321.03  0.9918448
4321.60  0.9998193
4322.17  1.004208
4322.74  1.007073
4323.31  1.008018
4323.88  1.007374
4324.45  1.00477
4325.02  1.005087
4325.59  1.000024
4326.16  0.9963993
4326.73  0.997606
4327.30  0.9981233
4327.87  0.9967971
4328.44  0.9933922
4329.01  0.9986252
4329.58  0.9988609
4330.15  0.9939426
4330.72  0.9942209
4331.30  0.9950969
4331.87  0.990171
4332.44  0.9876653
4333.01  0.9862632
4333.58  0.9837603
4334.15  0.9792038
4334.72  0.9748595
4335.29  0.9648035
4335.86  0.954833
4336.43  0.9426082
4337.00  0.9194889
4337.57  0.892258
4338.14  0.8639423
4338.71  0.8238553
4339.28  0.7827991
4339.85  0.7420532
4340.42  0.7094856
4340.99  0.7052987
4341.56  0.7322004
4342.13  0.775852
4342.70  0.8254424
4343.27  0.8706334
4343.84  0.9002304
4344.41  0.9197596
4344.98  0.930705
4345.55  0.9359578
4346.12  0.9427285
4346.69  0.9499714
4347.26  0.9552219
4347.83  0.9541214
4348.40  0.9557198
4348.97  0.9567087
4349.54  0.9565811
4350.11  0.9534898
4350.68  0.9601905
4351.25  0.9670389
4351.82  0.9697932
4352.39  0.9786791
4352.96  0.9874079
4353.53  0.9943051
4354.10  0.9955912
4354.67  0.9943627
4355.24  1.00045
4355.81  1.003539
4356.38  1.005647
4356.95  1.008845
4357.52  1.007656
4358.09  1.006986
4358.66  1.005213
4359.23  1.007485
4359.80  1.006798
4360.37  1.00827
4360.94  1.008016
4361.51  1.002065
4362.08  1.004596
4362.65  1.006569
4363.22  1.00392
4363.79  1.003348
4364.36  1.006923
4364.93  1.002998
4365.50  0.9968534
4366.07  0.9938751
4366.64  0.987546
4367.21  0.9819524
4367.78  0.982058
4368.35  0.9876351
4368.92  0.9891541
4369.49  0.9914498
4370.06  0.9967105
4370.63  0.9999561
4371.20  1.000919
4371.77  1.000932
4372.34  1.004194
4372.91  1.003785
4373.48  1.003386
4374.05  1.003682
4374.62  1.004001
4375.19  1.004256
4375.76  1.00093
4376.33  1.000716
4376.90  1.000006
4377.47  0.9975228
4378.04  0.991761
4378.61  0.9843718
4379.18  0.9804344
4379.75  0.9798403
4380.32  0.9832194
4380.89  0.9909415
4381.46  0.9967481
4382.03  0.9979314
4382.60  1.001895
4383.17  1.004529
4383.74  1.002067
4384.31  0.9993763
4384.88  0.9940374
4385.45  0.9893041
4386.02  0.9814699
4386.59  0.9682238
4387.16  0.9494884
4387.73  0.9307595
4388.30  0.9204422
4388.87  0.926159
4389.44  0.9420144
4390.01  0.9632364
4390.58  0.9746822
4391.15  0.9829907
4391.72  0.9862687
4392.29  0.9846197
4392.86  0.9910651
4393.43  0.9967298
4394.00  0.9975719
4394.57  0.9985004
4395.14  1.0005
4395.71  0.9981787
4396.28  0.9968997
4396.85  0.9995944
4397.42  0.9999532
4397.99  1.002404
4398.56  1.00129
4399.13  1.003627
4399.70  1.004812
4400.27  1.005611
4400.84  1.007588
4401.41  1.004212
4401.98  1.003246
4402.55  1.004285
4403.12  1.00678
4403.69  1.004725
4404.26  1.006322
4404.84  1.006418
4405.41  1.004233
4405.98  1.004384
4406.55  1.007274
4407.12  1.005547
4407.69  1.000614
4408.26  1.003753
4408.83  1.000308
4409.40  0.9966885
4409.97  0.9967097
4410.54  0.9994184
4411.11  0.9999765
4411.68  1.001782
4412.25  0.9997074
4412.82  0.9993455
4413.39  0.9951071
4413.96  0.9952575
4414.53  0.9904777
4415.10  0.9832746
4415.67  0.9849979
4416.24  0.9823001
4416.81  0.97957
4417.38  0.9823721
4417.95  0.9884614
4418.52  0.992672
4419.09  0.9958834
4419.66  0.9991872
4420.23  0.998421
4420.80  0.9989287
4421.37  1.001828
4421.94  1.001563
4422.51  1.002954
4423.08  1.001485
4423.65  0.9998078
4424.22  0.9996761
4424.79  1.000237
4425.36  0.9980981
4425.93  0.9975335
4426.50  0.9990551
4427.07  0.9952371
4427.64  0.995061
4428.21  0.9943942
4428.78  0.9932587
4429.35  0.9891804
4429.92  0.9898056
4430.49  0.99438
4431.06  0.9949307
4431.63  0.9968468
4432.20  0.9939308
4432.77  0.9970691
4433.34  0.9962919
4433.91  0.9951847
4434.48  0.9946078
4435.05  0.9907481
4435.62  0.9922936
4436.19  0.9932896
4436.76  0.9954854
4437.33  0.9915994
4437.90  0.9923264
4438.47  0.9914873
4439.04  0.9936684
4439.61  0.9963802
4440.18  0.9980541
4440.75  0.9987227
4441.32  1.001691
4441.89  1.000723
4442.46  1.002987
4443.03  1.002541
4443.60  1.002814
4444.17  1.001022
4444.74  0.9999148
4445.31  1.005424
4445.88  1.002604
4446.45  0.9987914
4447.02  0.9955184
4447.59  0.9950017
4448.16  0.9945967
4448.73  0.9943777
4449.30  0.9925872
4449.87  0.9962332
4450.44  1.001501
4451.01  1.00222
4451.58  1.003706
4452.15  1.000299
4452.72  0.996498
4453.29  0.9979919
4453.86  0.9999267
4454.43  1.000614
4455.00  1.00122
4455.57  1.001833
4456.14  1.004245
4456.71  1.005203
4457.28  1.005337
4457.85  1.004916
4458.42  1.001626
4458.99  0.999388
4459.56  1.002828
4460.13  1.007256
4460.70  1.005011
4461.27  1.00243
4461.84  1.002809
4462.41  1.006695
4462.98  1.004391
4463.55  0.9994224
4464.12  1.000029
4464.69  0.9967292
4465.26  0.99119
4465.83  0.9896941
4466.40  0.9857229
4466.97  0.9798693
4467.54  0.9744268
4468.11  0.9620745
4468.68  0.9488499
4469.25  0.9275831
4469.82  0.8936833
4470.39  0.8571925
4470.96  0.8223016
4471.53  0.8063781
4472.10  0.8152204
4472.67  0.8464144
4473.24  0.8947933
4473.81  0.9371815
4474.38  0.9622979
4474.95  0.9795789
4475.52  0.989715
4476.09  0.9954419
4476.66  0.9996806
4477.23  1.000668
4477.80  0.999885
4478.38  1.000035
4478.95  0.9994409
4479.52  0.9955183
4480.09  0.9912357
4480.66  0.9849478
4481.23  0.9831454
4481.80  0.9833845
4482.37  0.9874222
4482.94  0.99627
4483.51  1.002669
4484.08  1.012391
4484.65  1.020831
4485.22  1.025253
4485.79  1.027552
4486.36  1.02605
4486.93  1.022943
4487.50  1.020001
4488.07  1.015945
4488.64  1.009516
4489.21  1.006905
4489.78  1.006066
4490.35  1.00679
4490.92  1.002382
4491.49  1.003774
4492.06  1.004752
4492.63  1.005201
4493.20  1.008924
4493.77  1.009536
4494.34  1.01048
4494.91  1.009114
4495.48  1.011581
4496.05  1.012062
4496.62  1.014113
4497.19  1.012046
4497.76  1.010622
4498.33  1.011994
4498.90  1.011309
4499.47  1.010503
4500.04  1.010677
4500.61  1.008836
4501.18  1.00901
4501.75  1.012087
4502.32  1.019071
4502.89  1.022597
4503.46  1.024245
4504.03  1.027296
4504.60  1.026571
4505.17  1.023797
4505.74  1.016605
4506.31  1.01107
4506.88  1.009644
4507.45  1.009328
4508.02  1.008502
4508.59  1.006567
4509.16  1.004536
4509.73  1.003448
4510.30  1.001924
4510.87  0.9950172
4511.44  0.9933109
4512.01  0.9971663
4512.58  0.997497
4513.15  0.9963222
4513.72  0.996199
4514.29  0.9904583
4514.86  0.9863418
4515.43  0.9896613
4516.00  0.9893046
4516.57  0.9934879
4517.14  0.9971018
4517.71  0.9978909
4518.28  0.9996985
4518.85  1.001258
4519.42  1.002696
4519.99  1.007982
4520.56  1.008331
4521.13  1.007516
4521.70  1.006077
4522.27  1.004983
4522.84  1.00197
4523.41  1.002734
4523.98  1.005412
4524.55  1.006806
4525.12  1.003124
4525.69  1.003732
4526.26  1.007193
4526.83  1.007966
4527.40  1.004948
4527.97  1.001239
4528.54  0.9993594
4529.11  0.9974793
4529.68  1.000036
4530.25  1.000946
4530.82  1.003224
4531.39  1.001668
4531.96  1.00545
4532.53  1.006362
4533.10  1.006351
4533.67  1.004825
4534.24  0.9989248
4534.81  0.9943855
4535.38  0.9947007
4535.95  0.9956055
4536.52  0.9970619
4537.09  0.9972471
4537.66  0.9967512
4538.23  0.9974899
4538.80  0.99419
4539.37  0.9864365
4539.94  0.9749163
4540.51  0.9611682
4541.08  0.9498036
4541.65  0.9443889
4542.22  0.9458256
4542.79  0.9532472
4543.36  0.9651498
4543.93  0.9764904
4544.50  0.9853996
4545.07  0.9889679
4545.64  0.9928412
4546.21  0.9961019
4546.78  0.9958491
4547.35  0.9979681
4547.92  0.9971842
4548.49  0.9941472
4549.06  0.989771
4549.63  0.9879984
4550.20  0.9913462
4550.77  0.9891286
4551.34  0.9829185
4551.92  0.9751033
4552.49  0.9659645
4553.06  0.9647974
4553.63  0.9704928
4554.20  0.978446
4554.77  0.9893483
4555.34  0.9968522
4555.91  0.9991654
4556.48  1.000715
4557.05  1.001222
4557.62  1.001132
4558.19  0.9998897
4558.76  0.9995774
4559.33  0.9996266
4559.90  0.9999294
4560.47  1.002001
4561.04  1.004382
4561.61  1.004472
4562.18  1.004066
4562.75  1.00523
4563.32  1.00498
4563.89  1.004183
4564.46  1.002015
4565.03  0.9999384
4565.60  0.9991066
4566.17  0.9958346
4566.74  0.9897302
4567.31  0.9801369
4567.88  0.9732101
4568.45  0.9727193
4569.02  0.9790677
4569.59  0.9850277
4570.16  0.9907781
4570.73  0.996379
4571.30  0.9958208
4571.87  0.997064
4572.44  0.9974586
4573.01  0.9943604
4573.58  0.9948531
4574.15  0.9915529
4574.72  0.9875324
4575.29  0.9858243
4575.86  0.9885867
4576.43  0.9937534
4577.00  0.9997658
4577.57  1.00033
4578.14  1.000343
4578.71  0.9991646
4579.28  0.998494
4579.85  1.002271
4580.42  1.002009
4580.99  0.9995673
4581.56  0.9997155
4582.13  1.000664
4582.70  0.9998239
4583.27  0.9986316
4583.84  1.002377
4584.41  0.9996651
4584.98  0.9995269
4585.55  1.00139
4586.12  1.001219
4586.69  1.000687
4587.26  1.00044
4587.83  0.999961
4588.40  1.000197
4588.97  0.9981257
4589.54  0.996871
4590.11  0.9928226
4590.68  0.9873957
4591.25  0.9857937
4591.82  0.9887878
4592.39  0.9868333
4592.96  0.9912574
4593.53  0.9973888
4594.10  0.995351
4594.67  0.9940476
4595.24  0.9924654
4595.81  0.9899271
4596.38  0.9874026
4596.95  0.9895455
4597.52  0.9925876
4598.09  0.9947487
4598.66  0.9983268
4599.23  0.9968203
4599.80  1.001134
4600.37  1.002348
4600.94  0.9973969
4601.51  0.994252
4602.08  0.9917627
4602.65  0.9937835
4603.22  0.997631
4603.79  1.000885
4604.36  1.001152
4604.93  1.002023
4605.50  0.9992163
4606.07  1.000249
4606.64  1.002959
4607.21  1.000774
4607.78  0.9982511
4608.35  0.9957694
4608.92  0.9922274
4609.49  0.9861639
4610.06  0.9855004
4610.63  0.9906089
4611.20  0.9938259
4611.77  0.995274
4612.34  0.9948856
4612.91  1.0001
4613.48  1.002492
4614.05  1.002418
4614.62  1.002133
4615.19  1.005231
4615.76  1.007824
4616.33  1.006828
4616.90  1.003145
4617.47  1.001279
4618.04  1.002374
4618.61  1.002969
4619.18  1.004587
4619.75  1.004476
4620.32  1.001703
4620.89  1.002285
4621.46  1.003362
4622.03  1.004185
4622.60  1.00647
4623.17  1.007041
4623.74  1.01049
4624.31  1.009962
4624.88  1.008721
4625.45  1.011285
4626.03  1.010489
4626.60  1.008434
4627.17  1.007482
4627.74  1.00914
4628.31  1.006161
4628.88  1.004268
4629.45  0.9990954
4630.02  0.9902697
4630.59  0.9869447
4631.16  0.9845146
4631.73  0.9888566
4632.30  0.9987301
4632.87  1.004442
4633.44  1.007206
4634.01  1.007867
4634.58  1.0111
4635.15  1.012072
4635.72  1.014979
4636.29  1.01499
4636.86  1.013244
4637.43  1.00988
4638.00  1.002327
4638.57  0.9986327
4639.14  0.9997482
4639.71  1.001628
4640.28  0.9981337
4640.85  0.9950377
4641.42  0.9936273
4641.99  0.9892159
4642.56  0.9935318
4643.13  0.9968538
4643.70  0.9984588
4644.27  0.997717
4644.84  0.990122
4645.41  0.9686959
4645.98  0.9452839
4646.55  0.9186788
4647.12  0.8896131
4647.69  0.8747737
4648.26  0.8651553
4648.83  0.8615061
4649.40  0.8593596
4649.97  0.8570637
4650.54  0.8564119
4651.11  0.8680554
4651.68  0.8895698
4652.25  0.9175655
4652.82  0.9455796
4653.39  0.964161
4653.96  0.9692634
4654.53  0.978295
4655.10  0.9874812
4655.67  0.9965003
4656.24  1.004467
4656.81  1.006375
4657.38  1.006376
4657.95  1.006924
4658.52  1.006747
4659.09  1.006848
4659.66  1.004552
4660.23  1.005967
4660.80  1.001344
4661.37  0.9938036
4661.94  0.9935474
4662.51  0.9952006
4663.08  1.000406
4663.65  1.004495
4664.22  1.004356
4664.79  0.9985551
4665.36  0.9980247
4665.93  0.9963385
4666.50  0.9978929
4667.07  1.005029
4667.64  1.003712
4668.21  1.007589
4668.78  1.009927
4669.35  1.008431
4669.92  1.007627
4670.49  1.011695
4671.06  1.010243
4671.63  1.008552
4672.20  1.006912
4672.77  1.008109
4673.34  1.002794
4673.91  0.9988557
4674.48  0.999852
4675.05  0.9987527
4675.62  0.994065
4676.19  0.9917759
4676.76  0.9931913
4677.33  0.9969909
4677.90  1.002047
4678.47  1.004117
4679.04  1.007014
4679.61  1.009142
4680.18  1.01056
4680.75  1.00871
4681.32  1.008283
4681.89  1.006932
4682.46  1.005921
4683.03  1.002827
4683.60  0.9976374
4684.17  0.9878548
4684.74  0.97045
4685.31  0.9521471
4685.88  0.9440722
4686.45  0.9472874
4687.02  0.9614067
4687.59  0.9773648
4688.16  0.9897475
4688.73  0.9998593
4689.30  1.004876
4689.87  1.008194
4690.44  1.009438
4691.01  1.010228
4691.58  1.009889
4692.15  1.008117
4692.72  1.008564
4693.29  1.009851
4693.86  1.010768
4694.43  1.009053
4695.00  1.006205
4695.57  1.006222
4696.14  1.0078
4696.71  1.006425
4697.28  1.004068
4697.85  1.005704
4698.42  1.003609
4698.99  0.9995046
4699.57  1.000433
4700.14  1.001097
4700.71  1.004853
4701.28  1.002926
4701.85  1.002769
4702.42  1.003192
4702.99  1.002169
4703.56  1.001601
4704.13  1.000767
4704.70  0.9994683
4705.27  0.9954483
4705.84  0.9939042
4706.41  0.994577
4706.98  0.9973763
4707.55  1.00011
4708.12  1.001367
4708.69  1.000036
4709.26  0.9963837
4709.83  0.9941039
4710.40  0.9918945
4710.97  0.9816476
4711.54  0.9687033
4712.11  0.9567678
4712.68  0.9418732
4713.25  0.9360999
4713.82  0.9399601
4714.39  0.9504266
4714.96  0.9695381
4715.53  0.9864233
4716.10  0.9935542
4716.67  0.9959835
4717.24  0.9979524
4717.81  1.002498
4718.38  1.005199
4718.95  1.004017
4719.52  1.003296
4720.09  1.005961
4720.66  1.005613
4721.23  1.003619
4721.80  1.002717
4722.37  1.005402
4722.94  1.008534
4723.51  1.005009
4724.08  1.007118
4724.65  1.006548
4725.22  1.005633
4725.79  1.005548
4726.36  1.003503
4726.93  1.004824
4727.50  1.004697
4728.07  1.006175
4728.64  1.002083
4729.21  1.005059
4729.78  1.006203
4730.35  1.005424
4730.92  1.006511
4731.49  1.004285
4732.06  1.002411
4732.63  1.004681
4733.20  1.001692
4733.77  1.004114
4734.34  1.001785
4734.91  1.001152
4735.48  1.002216
4736.05  1.002074
4736.62  1.001994
4737.19  1.00245
4737.76  1.002259
4738.33  0.9994146
4738.90  1.001633
4739.47  1.001876
4740.04  0.9993777
4740.61  0.9995921
4741.18  1.000393
4741.75  1.001215
4742.32  0.9989038
4742.89  0.9991326
4743.46  0.9967737
4744.03  0.9990309
4744.60  0.9990354
4745.17  0.9979625
4745.74  1.002821
4746.31  0.9995131
4746.88  1.000293
4747.45  1.000918
4748.02  0.9996488
4748.59  1.000026
4749.16  0.999896
4749.73  1.001179
4750.30  0.9992884
4750.87  0.9988869
4751.44  0.9984896
4752.01  0.9993818
4752.58  0.9956102
4753.15  0.9959064
4753.72  0.9974264
4754.29  0.9958423
4754.86  0.998007
4755.43  0.9983684
4756.00  0.9992071
4756.57  0.9953417
4757.14  0.9954687
4757.71  0.9987948
4758.28  0.9996911
4758.85  0.9961168
4759.42  0.9960496
4759.99  0.9959571
4760.56  0.9938926
4761.13  0.9939662
4761.70  0.9915876
4762.27  0.9934835
4762.84  0.9947444
4763.41  0.9914139
4763.98  0.9934463
4764.55  0.9947172
4765.12  0.9942008
4765.69  0.997027
4766.26  0.9969766
4766.83  0.9954355
4767.40  0.9959738
4767.97  0.9937723
4768.54  0.9912919
4769.11  0.9944192
4769.68  0.9968827
4770.25  0.9946121
4770.82  0.993311
4771.39  0.9944986
4771.96  0.9942703
4772.53  0.992422
4773.11  0.992391
4773.68  0.993853
4774.25  0.9957142
4774.82  0.9940927
4775.39  0.9922427
4775.96  0.9942275
4776.53  0.9932607
4777.10  0.9945652
4777.67  0.996809
4778.24  0.9941737
4778.81  0.9938392
4779.38  0.9940529
4779.95  0.9937131
4780.52  0.9928424
4781.09  0.9945053
4781.66  0.9948804
4782.23  0.9956256
4782.80  0.9979805
4783.37  0.998845
4783.94  0.9985124
4784.51  0.9980342
4785.08  0.9997001
4785.65  0.9980097
4786.22  0.9957394
4786.79  0.9985052
4787.36  0.998778
4787.93  0.997338
4788.50  0.9964798
4789.07  0.9999246
4789.64  0.9989496
4790.21  0.9972343
4790.78  0.998129
4791.35  0.9982939
4791.92  0.9957364
4792.49  1.000485
4793.06  1.001746
4793.63  0.9991021
4794.20  0.9976739
4794.77  0.9980009
4795.34  0.9980212
4795.91  0.996837
4796.48  0.998955
4797.05  0.9986716
4797.62  1.001019
4798.19  1.002123
4798.76  1.000332
4799.33  1.001825
4799.90  1.001923
4800.47  1.000022
4801.04  1.002383
4801.61  1.001632
4802.18  1.002316
4802.75  1.000166
4803.32  0.9995129
4803.89  0.9990044
4804.46  0.9987244
4805.03  0.9977349
4805.60  0.9975965
4806.17  0.9968055
4806.74  0.9997602
4807.31  1.00231
4807.88  1.002241
4808.45  1.003613
4809.02  1.004486
4809.59  1.004946
4810.16  1.003605
4810.73  1.002654
4811.30  1.001316
4811.87  1.001182
4812.44  1.000002
4813.01  1.00019
4813.58  1.001224
4814.15  1.001666
4814.72  1.003122
4815.29  1.001741
4815.86  1.002596
4816.43  1.001627
4817.00  1.003903
4817.57  1.002184
4818.14  1.001153
4818.71  1.00038
4819.28  1.002658
4819.85  1.000131
4820.42  1.001485
4820.99  0.9970594
4821.56  1.002739
4822.13  1.007412
4822.70  1.004294
4823.27  0.9996102
4823.84  1.002706
4824.41  1.004339
4824.98  1.003069
4825.55  1.002735
4826.12  1.003583
4826.69  1.008187
4827.26  1.00603
4827.83  1.004606
4828.40  1.000251
4828.97  1.001417
4829.54  1.003424
4830.11  1.001854
4830.68  1.004549
4831.25  1.004412
4831.82  1.004937
4832.39  1.003516
4832.96  1.003698
4833.53  1.005217
4834.10  1.006126
4834.67  1.002118
4835.24  1.002106
4835.81  1.004946
4836.38  1.006658
4836.95  1.005479
4837.52  1.006547
4838.09  1.008854
4838.66  1.009086
4839.23  1.005575
4839.80  1.005651
4840.37  1.005568
4840.94  1.006534
4841.51  1.008227
4842.08  1.00699
4842.65  1.00604
4843.22  1.002572
4843.79  1.002914
4844.36  1.000161
4844.93  1.002617
4845.50  1.003279
4846.07  1.000854
4846.65  1.001049
4847.22  1.001337
4847.79  1.003528
4848.36  1.00091
4848.93  0.999464
4849.50  0.9999897
4850.07  0.9995372
4850.64  0.9970671
4851.21  0.9965467
4851.78  0.994024
4852.35  0.9912213
4852.92  0.9910628
4853.49  0.986837
4854.06  0.9822423
4854.63  0.978802
4855.20  0.9701727
4855.77  0.9634131
4856.34  0.9512369
4856.91  0.9350228
4857.48  0.9164454
4858.05  0.8937851
4858.62  0.8680091
4859.19  0.8375075
4859.76  0.8060326
4860.33  0.7732714
4860.90  0.7438493
4861.47  0.7310302
4862.04  0.7408983
4862.61  0.7718382
4863.18  0.8136645
4863.75  0.8574852
4864.32  0.8944218
4864.89  0.9185103
4865.46  0.9357284
4866.03  0.9488869
4866.60  0.9561684
4867.17  0.9633534
4867.74  0.9681429
4868.31  0.9733728
4868.88  0.9807938
4869.45  0.9866321
4870.02  0.9902528
4870.59  0.9905643
4871.16  0.992644
4871.73  0.9947509
4872.30  0.9947388
4872.87  0.997717
4873.44  0.9972225
4874.01  0.9976265
4874.58  1.001225
4875.15  1.00035
4875.72  0.9998289
4876.29  0.9996907
4876.86  1.000644
4877.43  1.002193
4878.00  1.001063
4878.57  0.9996301
4879.14  1.001426
4879.71  1.003564
4880.28  1.002979
4880.85  1.001581
4881.42  1.000181
4881.99  1.00203
4882.56  1.000519
4883.13  0.9965298
4883.70  1.00008
4884.27  1.000256
4884.84  0.9979637
4885.41  0.9991133
4885.98  0.9990578
4886.55  0.999529
4887.12  0.9996833
4887.69  1.001484
4888.26  0.9999576
4888.83  0.9997842
4889.40  1.00074
4889.97  0.998682
4890.54  0.9987133
4891.11  0.9975418
4891.68  0.998476
4892.25  1.000771
4892.82  0.9986003
4893.39  0.9996032
4893.96  1.000092
4894.53  0.9979938
4895.10  1.001043
4895.67  1.001517
4896.24  0.9988765
4896.81  0.9994932
4897.38  1.00087
4897.95  1.002292
4898.52  1.000085
4899.09  1.000678
4899.66  1.004076
4900.23  1.000256
4900.80  0.9984747
4901.37  0.9988317
4901.94  1.003006
4902.51  0.9985107
4903.08  0.9991881
4903.65  1.001955
4904.22  1.001526
4904.79  1.001488
4905.36  0.9996919
4905.93  1.000814
4906.50  1.000311
4907.07  0.9978438
4907.64  0.9960389
4908.21  0.9962193
4908.78  0.9992857
4909.35  1.001018
4909.92  0.9994599
4910.49  0.9980138
4911.06  0.9999096
4911.63  0.9970268
4912.20  0.9989077
4912.77  0.9980391
4913.34  0.9971285
4913.91  1.000306
4914.48  1.002283
4915.05  0.9997984
4915.62  1.001266
4916.19  0.9992713
4916.76  0.9986195
4917.33  0.9979829
4917.90  0.9954655
4918.47  0.9904059
4919.04  0.9821384
4919.61  0.9726524
4920.18  0.9572199
4920.76  0.9378636
4921.33  0.9166614
4921.90  0.8977187
4922.47  0.8898469
4923.04  0.9001005
4923.61  0.9219365
4924.18  0.9429635
4924.75  0.9617416
4925.32  0.9733552
4925.89  0.9824369
4926.46  0.9872988
4927.03  0.9908129
4927.60  0.9943598
4928.17  0.9960239
4928.74  0.997859
4929.31  0.9962586
4929.88  0.9956936
4930.45  0.9963754
4931.02  0.9965168
4931.59  0.9970818
4932.16  0.9975955
4932.73  0.9986463
4933.30  0.9979413
4933.87  0.9978111
4934.44  1.000059
4935.01  0.9978693
4935.58  0.9967221
4936.15  1.000069
4936.72  0.9989073
4937.29  0.9999559
4937.86  1.000851
4938.43  0.9993032
4939.00  1.001545
4939.57  1.004537
4940.14  1.000565
4940.71  0.999335
4941.28  1.00034
4941.85  0.9964327
4942.42  0.9927987
4942.99  0.9935976
4943.56  0.996092
4944.13  0.9982882
4944.70  1.000831
4945.27  0.9977873
4945.84  0.9986624
4946.41  0.9977626
4946.98  0.9960213
4947.55  0.9996817
4948.12  0.9986596
4948.69  0.996255
4949.26  0.9990307
4949.83  0.9984406
4950.40  0.9975442
4950.97  1.00184
4951.54  0.9995453
4952.11  0.9988377
4952.68  1.001048
4953.25  0.9996149
4953.82  1.000203
4954.39  1.000274
4954.96  1.000294
4955.53  0.9995296
4956.10  1.000439
4956.67  1.002112
4957.24  1.001439
4957.81  0.9983878
4958.38  0.9963089
4958.95  0.9985213
4959.52  0.9994573
4960.09  1.001283
4960.66  0.9985157
4961.23  0.9968886
4961.80  0.9984331
4962.37  0.9963439
4962.94  0.9981934
4963.51  1.000036
4964.08  1.001079
4964.65  0.9981088
4965.22  1.000219
4965.79  1.001769
4966.36  0.9999298
4966.93  0.9986178
4967.50  0.9958897
4968.07  0.9995834
4968.64  0.9996427
4969.21  0.9969859
4969.78  0.997432
4970.35  0.9998872
4970.92  0.9992848
4971.49  0.9991548
4972.06  0.9980553
4972.63  1.000184
4973.20  1.00003
4973.77  0.9965955
4974.34  0.9982323
4974.91  1.001393
4975.48  1.000983
4976.05  0.9996362
4976.62  0.9967279
4977.19  0.9993262
4977.76  1.001348
4978.33  1.000623
4978.90  0.9969103
4979.47  0.9991226
4980.04  0.9971421
4980.61  0.9987888
4981.18  1.000325
4981.75  1.000263
4982.32  0.998746
4982.89  1.00054
4983.46  1.001696
4984.03  0.9995509
4984.60  1.000306
4985.17  0.9996405
4985.74  1.000679
4986.31  1.000748
4986.88  1.000728
4987.45  0.9980153
4988.02  1.00162
4988.59  1.00085
4989.16  1.001331
4989.73  1.000665
4990.30  1.000405
4990.87  1.000567
4991.44  1.000239
4992.01  0.9997482
4992.58  0.998108
4993.15  0.9989314
4993.72  1.000814
4994.30  1.001926
4994.87  0.9987904
4995.44  0.9982204
4996.01  1.000819
4996.58  1.000156
4997.15  1.001201
4997.72  1.001266
4998.29  1.001353
4998.86  0.9985674
4999.43  0.9987603
5000.00  0.9975451
5000.57  1.000984
5001.14  1.002224
5001.71  0.9999477
5002.28  0.9979151
5002.85  0.9976228
5003.42  0.9986055
5003.99  1.000541
5004.56  0.9995968
5005.13  0.9995957
5005.70  1.000786
5006.27  0.9990751
5006.84  1.002384
5007.41  1.001613
5007.98  0.9991748
5008.55  0.9992437
5009.12  0.9976387
5009.69  0.9986402
5010.26  0.9980438
5010.83  0.9951351
5011.40  0.9966618
5011.97  0.995447
5012.54  0.9941664
5013.11  0.9883921
5013.68  0.9805534
5014.25  0.9750006
5014.82  0.9584548
5015.39  0.9426407
5015.96  0.9293691
5016.53  0.9216031
5017.10  0.9309446
5017.67  0.9488975
5018.24  0.9639822
5018.81  0.9781194
5019.38  0.9878919
5019.95  0.9926475
5020.52  0.9971839
5021.09  0.9963249
5021.66  0.9951662
5022.23  0.9964303
5022.80  0.9965276
5023.37  0.9978505
5023.94  0.9944377
5024.51  0.9968876
5025.08  0.998575
5025.65  0.994285
5026.22  0.9932055
5026.79  0.9963607
5027.36  0.9953709
5027.93  0.9966114
5028.50  0.9951858
5029.07  0.9918304
5029.64  0.9917773
5030.21  0.9946873
5030.78  0.9957883
5031.35  0.997701
5031.92  0.9994879
5032.49  0.9954962
5033.06  0.9973522
5033.63  0.9966383
5034.20  0.9921997
5034.77  0.9873316
5035.34  0.9881148
5035.91  0.9891987
5036.48  0.9900366
5037.05  0.9894705
5037.62  0.9882117
5038.19  0.987757
5038.76  0.9861261
5039.33  0.9878729
5039.90  0.9913379
5040.47  0.9909459
5041.04  0.9914019
5041.61  0.9908673
5042.18  0.9896818
5042.75  0.986601
5043.32  0.9864795
5043.89  0.9882082
5044.46  0.9907362
5045.03  0.9885233
5045.60  0.9858356
5046.17  0.9864953
5046.74  0.9797711
5047.31  0.9751576
5047.88  0.971644
5048.45  0.9692649
5049.02  0.9692221
5049.59  0.9743058
5050.16  0.9790448
5050.73  0.9872336
5051.30  0.9918142
5051.87  0.9947285
5052.44  0.9958168
5053.01  0.9931241
5053.58  0.9943735
5054.15  0.9969981
5054.72  0.9958923
5055.29  0.9983888
5055.86  1.00135
5056.43  0.998168
5057.00  0.994392
5057.57  0.9922607
5058.14  0.9920994
5058.71  0.9938374
5059.28  0.9931211
5059.85  0.9938771
5060.42  0.9943565
5060.99  0.995044
5061.56  0.9971642
5062.13  0.9979695
5062.70  0.9974038
5063.27  1.000884
5063.84  1.003843
5064.41  1.000676
5064.98  0.9997277
5065.55  1.000779
5066.12  0.998697
5066.69  0.9960181
5067.26  0.994824
5067.84  0.9949695
5068.41  0.9974403
5068.98  0.9959687
5069.55  0.9988605
5070.12  1.000677
5070.69  1.001139
5071.26  1.001631
5071.83  0.9994258
5072.40  1.000656
5072.97  0.9964464
5073.54  0.9926203
5074.11  0.9972838
5074.68  0.9993783
5075.25  0.9995299
5075.82  1.001264
5076.39  1.000231
5076.96  0.9958224
5077.53  0.9961687
5078.10  1.000932
5078.67  1.000964
5079.24  0.9979056
5079.81  1.001211
5080.38  1.003743
5080.95  1.001721
5081.52  1.000967
5082.09  1.000361
5082.66  1.00387
5083.23  1.003073
5083.80  1.001519
5084.37  1.001206
5084.94  1.001166
5085.51  1.001224
5086.08  0.9993814
5086.65  0.9985854
5087.22  0.9988009
5087.79  0.9986459
5088.36  1.00055
5088.93  1.001737
5089.50  1.002761
5090.07  1.002852
5090.64  1.002079
5091.21  1.000136
5091.78  1.001308
5092.35  1.003235
5092.92  0.9981335
5093.49  1.002722
5094.06  1.002063
5094.63  0.9994532
5095.20  0.9995805
5095.77  0.9986153
5096.34  0.9990588
5096.91  1.000154
5097.48  0.9998084
5098.05  1.003148
5098.62  1.004685
5099.19  1.002707
5099.76  0.9990796
5100.33  0.9984026
5100.90  0.9995106
5101.47  0.999648
5102.04  1.003075
5102.61  0.9995795
5103.18  0.9983947
5103.75  1.001716
5104.32  1.003002
5104.89  1.000879
5105.46  1.001507
5106.03  1.002979
5106.60  1.001298
5107.17  0.9995642
5107.74  1.001247
5108.31  1.000089
5108.88  0.9998624
5109.45  0.9996545
5110.02  1.000261
5110.59  1.000425
5111.16  0.9986957
5111.73  0.9918175
