3944.78  0.9594041
3945.35  0.9709377
3945.92  0.9848846
3946.49  0.9947901
3947.06  0.9988889
3947.63  0.9946407
3948.20  0.9967267
3948.77  1.000185
3949.34  0.9988278
3949.91  1.001342
3950.48  0.999382
3951.05  1.001075
3951.62  1.000645
3952.19  1.003579
3952.76  1.000089
3953.33  0.9959623
3953.90  0.9860417
3954.47  0.981014
3955.04  0.9784466
3955.61  0.9920409
3956.18  1.005061
3956.75  1.00539
3957.32  1.014343
3957.89  1.01371
3958.46  1.015152
3959.03  1.009465
3959.60  1.009423
3960.17  1.007384
3960.74  0.9963204
3961.31  0.9808072
3961.88  0.9732279
3962.45  0.9791281
3963.03  0.9818753
3963.60  0.9761232
3964.17  0.9494076
3964.74  0.9278882
3965.31  0.9248272
3965.88  0.9451154
3966.45  0.9539391
3967.02  0.9421449
3967.59  0.9216499
3968.16  0.8675382
3968.73  0.8013482
3969.30  0.744903
3969.87  0.7154561
3970.44  0.7138248
3971.01  0.7451465
3971.58  0.8020719
3972.15  0.860906
3972.72  0.897256
3973.29  0.9124563
3973.86  0.9348624
3974.43  0.9607459
3975.00  0.9879646
3975.57  1.001418
3976.14  1.002167
3976.71  1.008899
3977.28  1.01518
3977.85  1.011766
3978.42  1.010869
3978.99  1.011268
3979.56  1.010157
3980.13  1.01165
3980.70  1.013024
3981.27  1.010794
3981.84  1.00521
3982.41  0.9962527
3982.98  0.989187
3983.55  0.9894355
3984.12  0.9975472
3984.69  1.004919
3985.26  1.0101
3985.83  1.012946
3986.40  1.006622
3986.97  1.006611
3987.54  1.015367
3988.11  1.015881
3988.68  1.014742
3989.25  1.015023
3989.82  1.018681
3990.39  1.014359
3990.96  1.01262
3991.53  1.013064
3992.10  1.014425
3992.67  1.012619
3993.24  1.011795
3993.81  1.006871
3994.38  0.9926797
3994.95  0.9647501
3995.52  0.9789675
3996.09  0.995176
3996.66  0.9982659
3997.23  0.9985122
3997.80  1.006341
3998.37  1.007168
3998.94  1.000285
3999.51  0.9987233
4000.08  0.999847
4000.65  0.999476
4001.22  1.001333
4001.79  1.000819
4002.36  1.004535
4002.93  1.002899
4003.50  0.9961152
4004.07  0.994718
4004.64  0.9975359
4005.21  0.9981332
4005.78  0.9965943
4006.35  0.9989536
4006.92  0.9990037
4007.49  0.9928966
4008.06  0.9853492
4008.63  0.9647726
4009.20  0.9466845
4009.77  0.9422686
4010.34  0.9604508
4010.91  0.9817313
4011.48  0.9895579
4012.05  0.9996896
4012.62  1.001934
4013.19  1.00062
4013.76  1.001694
4014.33  1.002592
4014.90  1.000883
4015.47  0.9977359
4016.04  1.000517
4016.61  1.000386
4017.18  0.9988482
4017.75  1.001041
4018.32  1.001872
4018.89  0.9988806
4019.46  0.999041
4020.03  1.000024
4020.60  0.9994326
4021.17  0.9961147
4021.74  0.9922365
4022.31  0.9887546
4022.88  0.9848273
4023.45  0.9766415
4024.02  0.9600489
4024.59  0.9320453
4025.16  0.8811776
4025.73  0.8237849
4026.30  0.7814081
4026.87  0.7921771
4027.44  0.8523056
4028.01  0.9220582
4028.58  0.9617902
4029.15  0.9812452
4029.72  0.9890391
4030.29  0.9964006
4030.86  0.9993263
4031.43  0.9957576
4032.00  0.9951167
4032.57  0.997146
4033.14  0.9996666
4033.71  0.9974287
4034.28  0.9947214
4034.85  0.9963754
4035.42  0.9921817
4035.99  0.9945782
4036.57  0.9945549
4037.14  0.9950376
4037.71  1.000477
4038.28  1.003486
4038.85  1.004899
4039.42  1.00475
4039.99  0.9972954
4040.56  0.9963684
4041.13  0.9883051
4041.70  0.9874749
4042.27  0.9878306
4042.84  0.9963465
4043.41  1.001314
4043.98  0.9982291
4044.55  0.9983241
4045.12  1.002252
4045.69  1.005615
4046.26  1.008325
4046.83  1.00535
4047.40  1.009794
4047.97  1.007551
4048.54  1.001286
4049.11  1.004653
4049.68  1.004096
4050.25  1.007371
4050.82  1.007011
4051.39  1.008125
4051.96  1.007731
4052.53  1.000231
4053.10  1.005835
4053.67  1.01373
4054.24  1.00704
4054.81  1.002432
4055.38  1.005433
4055.95  0.9977531
4056.52  0.9984592
4057.09  1.00309
4057.66  1.001457
4058.23  1.005877
4058.80  1.008708
4059.37  1.005207
4059.94  1.000482
4060.51  0.9960269
4061.08  0.9939712
4061.65  0.9958148
4062.22  0.9983073
4062.79  0.9995118
4063.36  1.006179
4063.93  1.003981
4064.50  1.005523
4065.07  1.013128
4065.64  1.009955
4066.21  1.011697
4066.78  1.010102
4067.35  1.001449
4067.92  0.9805747
4068.49  0.9533981
4069.06  0.9338851
4069.63  0.9149717
4070.20  0.9054583
4070.77  0.9156471
4071.34  0.9389291
4071.91  0.943867
4072.48  0.9380334
4073.05  0.9555066
4073.62  0.9840346
4074.19  0.9931061
4074.76  0.9893755
4075.33  0.9697824
4075.90  0.9434964
4076.47  0.945106
4077.04  0.9676315
4077.61  0.9920478
4078.18  1.004408
4078.75  1.003162
4079.32  1.004219
4079.89  1.008275
4080.46  1.009068
4081.03  1.015279
4081.60  1.012023
4082.17  1.014503
4082.74  1.016617
4083.31  1.010323
4083.88  1.001447
4084.45  0.9929017
4085.02  0.9882583
4085.59  0.986822
4086.16  0.9919394
4086.73  0.9835784
4087.30  0.957661
4087.87  0.9095241
4088.44  0.8305062
4089.01  0.7659044
4089.58  0.7648949
4090.15  0.8322091
4090.72  0.9152882
4091.29  0.9715352
4091.86  0.9961406
4092.43  0.9987
4093.00  0.993086
4093.57  0.9882202
4094.14  0.9910095
4094.71  0.9913152
4095.28  0.9805168
4095.85  0.9659258
4096.42  0.9354582
4096.99  0.8912726
4097.56  0.8562075
4098.13  0.8556333
4098.70  0.8803768
4099.27  0.8955475
4099.84  0.8722331
4100.41  0.8243103
4100.98  0.7573045
4101.55  0.6965237
4102.12  0.6716775
4102.69  0.686069
4103.26  0.7314479
4103.83  0.7880083
4104.40  0.8458642
4104.97  0.8913002
4105.54  0.926868
4106.11  0.9539845
4106.68  0.9714056
4107.25  0.9817465
4107.82  0.9918284
4108.39  0.9976507
4108.96  1.003466
4109.53  1.001411
4110.11  0.9998544
4110.68  1.000271
4111.25  0.9939368
4111.82  0.9901847
4112.39  0.9919782
4112.96  0.9994524
4113.53  1.000187
4114.10  0.9956104
4114.67  0.9793783
4115.24  0.9409886
4115.81  0.8725868
4116.38  0.822086
4116.95  0.8343358
4117.52  0.897839
4118.09  0.9511697
4118.66  0.965116
4119.23  0.9537948
4119.80  0.9316802
4120.37  0.9164866
4120.94  0.9090997
4121.51  0.9137778
4122.08  0.943606
4122.65  0.9820632
4123.22  1.001533
4123.79  1.007928
4124.36  1.012664
4124.93  1.012067
4125.50  1.010602
4126.07  1.011191
4126.64  1.011538
4127.21  1.013718
4127.78  1.013058
4128.35  1.007608
4128.92  1.009359
4129.49  1.009053
4130.06  1.01057
4130.63  1.010919
4131.20  1.010479
4131.77  1.004261
4132.34  0.9972407
4132.91  0.9867002
4133.48  0.9893274
4134.05  0.996698
4134.62  1.007002
4135.19  1.014276
4135.76  1.011046
4136.33  1.009431
4136.90  1.009588
4137.47  1.009968
4138.04  1.010791
4138.61  1.011964
4139.18  1.006548
4139.75  1.009164
4140.32  1.007725
4140.89  1.00625
4141.46  1.000305
4142.03  0.9869928
4142.60  0.9725179
4143.17  0.9511784
4143.74  0.9217386
4144.31  0.9064713
4144.88  0.9258558
4145.45  0.9582778
4146.02  0.9757392
4146.59  0.9859117
4147.16  0.9970946
4147.73  0.9998001
4148.30  1.00277
4148.87  1.005141
4149.44  1.004231
4150.01  0.9998287
4150.58  0.9993026
4151.15  1.000983
4151.72  0.999232
4152.29  0.9906768
4152.86  0.9795156
4153.43  0.9730699
4154.00  0.9703125
4154.57  0.9770613
4155.14  0.9929643
4155.71  0.9979914
4156.28  0.9933664
4156.85  0.9869873
4157.42  0.9887415
4157.99  0.9972708
4158.56  1.001088
4159.13  1.003558
4159.70  1.007051
4160.27  1.007281
4160.84  1.009114
4161.41  1.005265
4161.98  1.001402
4162.55  0.9961157
4163.12  0.9866975
4163.69  0.9884513
4164.26  0.9980326
4164.83  0.9996102
4165.40  1.000372
4165.97  1.001274
4166.54  1.002789
4167.11  1.002026
4167.68  0.9978563
4168.25  0.998676
4168.82  0.988989
4169.39  0.9823146
4169.96  0.9862717
4170.53  0.9895783
4171.10  0.9950196
4171.67  0.998547
4172.24  0.9990193
4172.81  0.9987359
4173.38  0.9988073
4173.95  1.001124
4174.52  1.002213
4175.09  0.999703
4175.66  0.9956324
4176.23  0.9973968
4176.80  0.9991304
4177.37  0.9993912
4177.94  1.002129
4178.51  1.000615
4179.08  0.9963365
4179.65  0.9944406
4180.22  1.000128
4180.79  1.003049
4181.36  1.002684
4181.93  1.003126
4182.50  1.002065
4183.07  1.000052
4183.65  0.9972917
4184.22  0.9943488
4184.79  0.9846906
4185.36  0.9739419
4185.93  0.9656154
4186.50  0.9605517
4187.07  0.9587994
4187.64  0.9639577
4188.21  0.9790629
4188.78  0.9855202
4189.35  0.982005
4189.92  0.9732614
4190.49  0.972438
4191.06  0.986522
4191.63  0.9971095
4192.20  0.9977015
4192.77  0.9981564
4193.34  1.000127
4193.91  0.999024
4194.48  0.997492
4195.05  1.001146
4195.62  0.9978049
4196.19  0.9901944
4196.76  0.9919594
4197.33  0.9950386
4197.90  0.9917442
4198.47  0.9879149
4199.04  0.9826638
4199.61  0.9745423
4200.18  0.9672099
4200.75  0.963573
4201.32  0.9716386
4201.89  0.9828681
4202.46  0.9928852
4203.03  0.9974341
4203.60  0.9972413
4204.17  1.000685
4204.74  0.999406
4205.31  0.9992907
4205.88  0.9982798
4206.45  0.9992939
4207.02  0.9986588
4207.59  0.997982
4208.16  0.9990794
4208.73  1.000208
4209.30  0.9998299
4209.87  0.9993756
4210.44  0.9979742
4211.01  1.000012
4211.58  1.001461
4212.15  0.9915607
4212.72  0.9869322
4213.29  0.9862549
4213.86  0.9902214
4214.43  0.9980659
4215.00  1.000461
4215.57  0.999221
4216.14  0.996868
4216.71  0.9967285
4217.28  0.9987404
4217.85  0.9992662
4218.42  0.9988506
4218.99  0.997178
4219.56  0.9914827
4220.13  0.9866784
4220.70  0.9870359
4221.27  0.9911119
4221.84  0.9954299
4222.41  0.9987163
4222.98  1.000097
4223.55  1.002447
4224.12  0.9984422
4224.69  0.9992211
4225.26  1.000417
4225.83  1.000096
4226.40  1.001346
4226.97  1.002512
4227.54  1.002981
4228.11  1.000438
4228.68  0.998606
4229.25  0.9998206
4229.82  0.9985483
4230.39  0.9996802
4230.96  0.9980699
4231.53  0.9985964
4232.10  1.003036
4232.67  1.001542
4233.24  0.998142
4233.81  0.9997508
4234.38  1.001176
4234.95  1.003051
4235.52  1.00285
4236.09  1.000367
4236.66  0.9990236
4237.23  0.9971786
4237.80  0.9950159
4238.37  0.9961351
4238.94  1.003026
4239.51  1.00198
4240.08  1.001877
4240.65  0.9997818
4241.22  0.9986352
4241.79  0.9968898
4242.36  0.9948945
4242.93  0.9990824
4243.50  1.002756
4244.07  1.00614
4244.64  1.003974
4245.21  1.00471
4245.78  1.003307
4246.35  1.001831
4246.92  1.000215
4247.49  0.999755
4248.06  1.002278
4248.63  1.004681
4249.20  1.002526
4249.77  1.006023
4250.34  1.0013
4250.91  1.001048
4251.48  1.001566
4252.05  0.9984339
4252.62  0.9918908
4253.19  0.9716945
4253.76  0.9545183
4254.33  0.9446864
4254.90  0.9661454
4255.47  0.9891656
4256.04  0.9961835
4256.61  0.9974148
4257.18  1.002137
4257.76  1.003794
4258.33  1.001857
4258.90  1.002652
4259.47  1.00729
4260.04  1.004524
4260.61  1.005847
4261.18  1.00736
4261.75  1.004412
4262.32  1.006687
4262.89  1.004942
4263.46  1.005512
4264.03  1.011031
4264.60  1.006163
4265.17  1.004104
4265.74  1.002741
4266.31  0.9959409
4266.88  0.9817466
4267.45  0.9674301
4268.02  0.9719533
4268.59  0.9851611
4269.16  0.9970822
4269.73  1.002426
4270.30  1.005076
4270.87  1.005799
4271.44  1.005471
4272.01  1.002303
4272.58  1.001885
4273.15  1.00165
4273.72  1.000736
4274.29  0.9988437
4274.86  0.99304
4275.43  0.9829497
4276.00  0.9739332
4276.57  0.9673944
4277.14  0.9718409
4277.71  0.9761384
4278.28  0.983757
4278.85  0.9918038
4279.42  0.9962029
4279.99  1.000241
4280.56  1.002582
4281.13  1.003482
4281.70  1.000407
4282.27  0.9964797
4282.84  0.9918729
4283.41  0.9900854
4283.98  0.9841427
4284.55  0.9724553
4285.12  0.9645975
4285.69  0.9684228
4286.26  0.9776617
4286.83  0.983595
4287.40  0.9962229
4287.97  1.000273
4288.54  0.999946
4289.11  0.9981095
4289.68  0.9984593
4290.25  0.9981796
4290.82  0.9949337
4291.39  0.9931657
4291.96  0.9928629
4292.53  0.99641
4293.10  1.005568
4293.67  1.002185
4294.24  1.00242
4294.81  0.998944
4295.38  0.9959483
4295.95  1.002621
4296.52  1.002315
4297.09  1.00759
4297.66  1.011127
4298.23  1.011305
4298.80  1.012877
4299.37  1.013162
4299.94  1.016167
4300.51  1.012841
4301.08  1.017831
4301.65  1.013586
4302.22  1.009528
4302.79  1.004837
4303.36  0.9944016
4303.93  0.9900086
4304.50  0.9912836
4305.07  0.9958799
4305.64  1.003157
4306.21  1.008012
4306.78  1.005432
4307.35  1.001089
4307.92  1.003471
4308.49  1.003973
4309.06  1.005423
4309.63  1.005019
4310.20  1.007132
4310.77  1.006285
4311.34  1.004742
4311.91  1.009146
4312.48  1.007591
4313.05  1.002282
4313.62  0.9997944
4314.19  0.9999322
4314.76  1.000056
4315.33  0.996999
4315.90  0.9913895
4316.47  0.9796519
4317.04  0.9671468
4317.61  0.9591385
4318.18  0.9611002
4318.75  0.9683799
4319.32  0.9629683
4319.89  0.9574077
4320.46  0.9656846
4321.03  0.9814059
4321.60  0.9966859
4322.17  1.006065
4322.74  1.009385
4323.31  1.00858
4323.88  1.009844
4324.45  1.006091
4325.02  0.9998236
4325.59  0.9945224
4326.16  0.9901837
4326.73  0.9912011
4327.30  0.9975784
4327.87  0.9974101
4328.44  0.9986389
4329.01  1.001466
4329.58  1.001632
4330.15  0.9994251
4330.72  0.9962802
4331.30  0.9956991
4331.87  0.9928418
4332.44  0.9847595
4333.01  0.9811073
4333.58  0.9816042
4334.15  0.9852769
4334.72  0.9884074
4335.29  0.985432
4335.86  0.97402
4336.43  0.9603418
4337.00  0.943104
4337.57  0.9261199
4338.14  0.9033536
4338.71  0.8622619
4339.28  0.8023651
4339.85  0.7357345
4340.42  0.6900614
4340.99  0.6788444
4341.56  0.7043206
4342.13  0.7586945
4342.70  0.8277944
4343.27  0.8826518
4343.84  0.9212582
4344.41  0.9384868
4344.98  0.9356361
4345.55  0.9246745
4346.12  0.9244589
4346.69  0.9342086
4347.26  0.9439982
4347.83  0.9463696
4348.40  0.9379354
4348.97  0.9201296
4349.54  0.9034308
4350.11  0.9003569
4350.68  0.9182485
4351.25  0.9332923
4351.82  0.9496943
4352.39  0.9666399
4352.96  0.982098
4353.53  0.9912133
4354.10  0.9909734
4354.67  0.9931705
4355.24  0.9976705
4355.81  1.002473
4356.38  1.005423
4356.95  1.004029
4357.52  1.006576
4358.09  1.009613
4358.66  1.00844
4359.23  1.009211
4359.80  1.008338
4360.37  1.006109
4360.94  1.002728
4361.51  0.9967666
4362.08  0.9965913
4362.65  0.9997767
4363.22  1.00394
4363.79  1.006289
4364.36  1.002507
4364.93  1.000161
4365.50  0.9904246
4366.07  0.9751537
4366.64  0.9610673
4367.21  0.9501508
4367.78  0.9529064
4368.35  0.9707946
4368.92  0.9868365
4369.49  0.9913034
4370.06  0.9946523
4370.63  0.9974163
4371.20  0.9997544
4371.77  0.9994445
4372.34  0.9982435
4372.91  0.9993652
4373.48  1.00333
4374.05  1.005095
4374.62  1.003369
4375.19  1.002837
4375.76  1.002856
4376.33  1.004405
4376.90  1.000927
4377.47  1.000076
4378.04  0.9934767
4378.61  0.9785883
4379.18  0.9695683
4379.75  0.969185
4380.32  0.9801168
4380.89  0.9916909
4381.46  1.001429
4382.03  1.003174
4382.60  1.001407
4383.17  1.004022
4383.74  1.005286
4384.31  1.002699
4384.88  0.9982331
4385.45  0.9955455
4386.02  0.9889047
4386.59  0.9674555
4387.16  0.9315919
4387.73  0.8925831
4388.30  0.8695483
4388.87  0.8888646
4389.44  0.9270217
4390.01  0.9607193
4390.58  0.9825213
4391.15  0.9890897
4391.72  0.9903717
4392.29  0.9886545
4392.86  0.9907375
4393.43  0.9952504
4394.00  0.9984483
4394.57  0.9985979
4395.14  0.9960283
4395.71  0.9899745
4396.28  0.9897904
4396.85  0.9915343
4397.42  0.9960876
4397.99  0.9958007
4398.56  0.9972553
4399.13  1.001632
4399.70  1.006491
4400.27  1.005771
4400.84  1.006883
4401.41  1.004938
4401.98  1.001964
4402.55  1.001778
4403.12  1.001295
4403.69  1.000225
4404.26  1.000363
4404.84  1.001149
4405.41  1.001931
4405.98  1.001534
4406.55  1.003342
4407.12  1.004394
4407.69  1.002032
4408.26  1.000431
4408.83  0.9926271
4409.40  0.9930955
4409.97  0.993749
4410.54  0.9984862
4411.11  0.9983082
4411.68  0.9984913
4412.25  0.9993907
4412.82  0.9941459
4413.39  0.983768
4413.96  0.9694132
4414.53  0.9524836
4415.10  0.9387996
4415.67  0.9359881
4416.24  0.9393569
4416.81  0.939374
4417.38  0.9436437
4417.95  0.9587539
4418.52  0.9780828
4419.09  0.98969
4419.66  0.9925138
4420.23  0.993282
4420.80  0.9964916
4421.37  0.999905
4421.94  1.000318
4422.51  1.000254
4423.08  0.9959751
4423.65  0.9990001
4424.22  1.000357
4424.79  1.003038
4425.36  0.9977709
4425.93  0.9950906
4426.50  0.9974011
4427.07  0.9991044
4427.64  0.9929637
4428.21  0.9919636
4428.78  0.9881404
4429.35  0.9874575
4429.92  0.9851457
4430.49  0.9878269
4431.06  0.9904145
4431.63  0.9898075
4432.20  0.9920319
4432.77  0.9909388
4433.34  0.991109
4433.91  0.9915746
4434.48  0.9914911
4435.05  0.9931062
4435.62  0.993947
4436.19  0.991664
4436.76  0.9847611
4437.33  0.9804413
4437.90  0.9784299
4438.47  0.9801668
4439.04  0.9852372
4439.61  0.989713
4440.18  0.9951777
4440.75  0.9964492
4441.32  0.9968275
4441.89  0.9972275
4442.46  0.996881
4443.03  0.9952621
4443.60  0.9945917
4444.17  0.9978158
4444.74  0.99964
4445.31  0.9999566
4445.88  0.9969227
4446.45  0.9920679
4447.02  0.9884419
4447.59  0.9845417
4448.16  0.9819928
4448.73  0.9858143
4449.30  0.9910389
4449.87  0.9952334
4450.44  0.9999008
4451.01  0.9982199
4451.58  0.9960714
4452.15  0.991676
4452.72  0.9883155
4453.29  0.9911484
4453.86  0.9932478
4454.43  0.9948919
4455.00  0.9997229
4455.57  1.000211
4456.14  1.00223
4456.71  1.002797
4457.28  1.003903
4457.85  0.9994121
4458.42  0.9977984
4458.99  0.9985407
4459.56  1.000008
4460.13  1.002817
4460.70  1.001286
4461.27  1.002533
4461.84  1.004752
4462.41  1.004838
4462.98  1.007908
4463.55  1.003552
4464.12  0.9997197
4464.69  0.9942775
4465.26  0.9862716
4465.83  0.9801147
4466.40  0.976806
4466.97  0.9808899
4467.54  0.9772981
4468.11  0.9725204
4468.68  0.9671158
4469.25  0.9481975
4469.82  0.9157798
4470.39  0.8633004
4470.96  0.7969312
4471.53  0.750255
4472.10  0.7537047
4472.67  0.8060654
4473.24  0.8811665
4473.81  0.9422956
4474.38  0.975437
4474.95  0.9899904
4475.52  0.9951286
4476.09  0.9989755
4476.66  0.9998319
4477.23  1.000289
4477.80  0.9982181
4478.38  0.9956489
4478.95  0.9948128
4479.52  0.9910408
4480.09  0.9826989
4480.66  0.9693423
4481.23  0.9618506
4481.80  0.9650367
4482.37  0.9773785
4482.94  0.9871579
4483.51  0.9931387
4484.08  1.000952
4484.65  1.009227
4485.22  1.019558
4485.79  1.024545
4486.36  1.02714
4486.93  1.0221
4487.50  1.010787
4488.07  1.006455
4488.64  1.005487
4489.21  1.003537
4489.78  1.006332
4490.35  1.001539
4490.92  0.9986429
4491.49  0.9994535
4492.06  1.000202
4492.63  1.0016
4493.20  1.005714
4493.77  1.005628
4494.34  1.008044
4494.91  1.011202
4495.48  1.010731
4496.05  1.007977
4496.62  1.010044
4497.19  1.008874
4497.76  1.008664
4498.33  1.009129
4498.90  1.007477
4499.47  1.003991
4500.04  1.008031
4500.61  1.00974
4501.18  1.010007
4501.75  1.007116
4502.32  1.010578
4502.89  1.01237
4503.46  1.015465
4504.03  1.019234
4504.60  1.022249
4505.17  1.016833
4505.74  1.009388
4506.31  1.006271
4506.88  1.004366
4507.45  1.004411
4508.02  1.002748
4508.59  1.002865
4509.16  1.000917
4509.73  0.9983939
4510.30  0.9942026
4510.87  0.9843011
4511.44  0.9825221
4512.01  0.9830024
4512.58  0.9880135
4513.15  0.9944172
4513.72  0.9915816
4514.29  0.9841733
4514.86  0.9765778
4515.43  0.9764165
4516.00  0.9783012
4516.57  0.9868708
4517.14  0.990547
4517.71  0.9936073
4518.28  0.9948749
4518.85  0.9977126
4519.42  0.9999917
4519.99  1.000211
4520.56  1.001156
4521.13  1.005183
4521.70  1.002951
4522.27  1.000241
4522.84  0.998063
4523.41  0.9930665
4523.98  0.9916887
4524.55  0.9964871
4525.12  1.00279
4525.69  1.00415
4526.26  1.004854
4526.83  0.9984385
4527.40  0.9984052
4527.97  0.9975563
4528.54  0.9906821
4529.11  0.9895295
4529.68  0.9855633
4530.25  0.9874434
4530.82  0.9895996
4531.39  0.9926901
4531.96  1.000115
4532.53  1.003923
4533.10  1.00086
4533.67  1.000232
4534.24  0.9952666
4534.81  0.9891456
4535.38  0.9854659
4535.95  0.9894107
4536.52  0.9935846
4537.09  0.9999085
4537.66  1.000117
4538.23  0.9959868
4538.80  0.9954447
4539.37  0.9964097
4539.94  0.9905816
4540.51  0.9818859
4541.08  0.9720981
4541.65  0.9660432
4542.22  0.9635195
4542.79  0.9716585
4543.36  0.9835659
4543.93  0.9901727
4544.50  0.9932818
4545.07  0.9958341
4545.64  0.9937057
4546.21  0.9931645
4546.78  0.9955081
4547.35  0.9951075
4547.92  0.99405
4548.49  0.9939475
4549.06  0.9907826
4549.63  0.9875458
4550.20  0.9864553
4550.77  0.9795375
4551.34  0.9594509
4551.92  0.9249094
4552.49  0.8936871
4553.06  0.8894573
4553.63  0.9143542
4554.20  0.9484771
4554.77  0.9741006
4555.34  0.9906313
4555.91  0.9977934
4556.48  0.997246
4557.05  0.9988436
4557.62  1.000267
4558.19  0.9982253
4558.76  0.9952159
4559.33  0.9942676
4559.90  0.9977827
4560.47  0.9991375
4561.04  1.00285
4561.61  1.007903
4562.18  1.003304
4562.75  0.9996553
4563.32  1.001371
4563.89  1.004463
4564.46  1.00501
4565.03  1.003634
4565.60  0.9960703
4566.17  0.9877564
4566.74  0.9648886
4567.31  0.9357177
4567.88  0.9147328
4568.45  0.9174631
4569.02  0.9400746
4569.59  0.9667479
4570.16  0.9831807
4570.73  0.9895569
4571.30  0.9936657
4571.87  0.9944276
4572.44  0.9956835
4573.01  0.9882476
4573.58  0.9777122
4574.15  0.9636475
4574.72  0.9525787
4575.29  0.95403
4575.86  0.9692509
4576.43  0.9837523
4577.00  0.9913749
4577.57  0.9985743
4578.14  0.9992217
4578.71  1.001429
4579.28  0.9999639
4579.85  0.9996415
4580.42  1.000259
4580.99  0.9972249
4581.56  0.9995549
4582.13  1.000275
4582.70  1.001869
4583.27  0.9997467
4583.84  0.9955905
4584.41  0.9971345
4584.98  0.9989093
4585.55  0.9973398
4586.12  0.9992915
4586.69  0.9998705
4587.26  0.9987723
4587.83  0.9996477
4588.40  0.9986188
4588.97  0.9979323
4589.54  0.9895627
4590.11  0.9755412
4590.68  0.9607133
4591.25  0.9536433
4591.82  0.959451
4592.39  0.9742035
4592.96  0.9843111
4593.53  0.9938067
4594.10  0.9929891
4594.67  0.9899573
4595.24  0.9817739
4595.81  0.9678511
4596.38  0.960223
4596.95  0.9673321
4597.52  0.9789816
4598.09  0.988971
4598.66  0.9935939
4599.23  0.9974992
4599.80  0.9985449
4600.37  0.9975779
4600.94  0.993139
4601.51  0.9867858
4602.08  0.9832857
4602.65  0.9872711
4603.22  0.9911009
4603.79  0.9952698
4604.36  0.9994913
4604.93  1.000368
4605.50  0.999957
4606.07  0.9967237
4606.64  0.9977339
4607.21  0.9944284
4607.78  0.993325
4608.35  0.9901727
4608.92  0.982578
4609.49  0.9745318
4610.06  0.9765328
4610.63  0.98224
4611.20  0.991479
4611.77  0.9948095
4612.34  0.9966614
4612.91  0.9974396
4613.48  0.9955822
4614.05  0.9954099
4614.62  0.997556
4615.19  1.001025
4615.76  1.003461
4616.33  1.003895
4616.90  1.003159
4617.47  0.9993842
4618.04  0.9985155
4618.61  0.9997001
4619.18  0.9992073
4619.75  0.9980018
4620.32  0.9983309
4620.89  0.9985666
4621.46  0.9967819
4622.03  1.000418
4622.60  1.004743
4623.17  1.004868
4623.74  1.006441
4624.31  1.008373
4624.88  1.008366
4625.45  1.007243
4626.03  1.008356
4626.60  1.009627
4627.17  1.009104
4627.74  1.008022
4628.31  1.002847
4628.88  0.9993925
4629.45  0.9937122
4630.02  0.9838336
4630.59  0.968299
4631.16  0.9609349
4631.73  0.9714668
4632.30  0.9834245
4632.87  0.9906858
4633.44  0.9947016
4634.01  0.989945
4634.58  0.9848157
4635.15  0.991022
4635.72  0.9983553
4636.29  1.000819
4636.86  1.00135
4637.43  0.9924784
4638.00  0.9765396
4638.57  0.9599691
4639.14  0.9524725
4639.71  0.9492465
4640.28  0.9433078
4640.85  0.9286718
4641.42  0.910292
4641.99  0.9083474
4642.56  0.9241253
4643.13  0.9501149
4643.70  0.9751655
4644.27  0.9944406
4644.84  0.9952912
4645.41  0.9863973
4645.98  0.9533811
4646.55  0.9030685
4647.12  0.8474383
4647.69  0.8078963
4648.26  0.7925711
4648.83  0.7899492
4649.40  0.7819945
4649.97  0.7705299
4650.54  0.7714559
4651.11  0.7905566
4651.68  0.8344096
4652.25  0.8873954
4652.82  0.9331452
4653.39  0.9579463
4653.96  0.9629548
4654.53  0.9645401
4655.10  0.9697154
4655.67  0.9884503
4656.24  1.00097
4656.81  1.002906
4657.38  1.007425
4657.95  1.010169
4658.52  1.005705
4659.09  1.00225
4659.66  0.998638
4660.23  0.9940755
4660.80  0.9781632
4661.37  0.9605759
4661.94  0.953631
4662.51  0.9647207
4663.08  0.9792432
4663.65  0.9931287
4664.22  1.000801
4664.79  1.002624
4665.36  0.9990538
4665.93  0.9940721
4666.50  0.993605
4667.07  0.9985566
4667.64  1.003406
4668.21  1.004242
4668.78  1.004434
4669.35  1.00642
4669.92  1.009029
4670.49  1.008467
4671.06  1.008568
4671.63  1.010177
4672.20  1.003996
4672.77  1.001707
4673.34  0.9936807
4673.91  0.9853733
4674.48  0.9822063
4675.05  0.976577
4675.62  0.966046
4676.19  0.95924
4676.76  0.959934
4677.33  0.9714719
4677.90  0.9855804
4678.47  0.9970642
4679.04  1.001693
4679.61  1.004763
4680.18  1.007167
4680.75  1.005061
4681.32  1.003216
4681.89  1.003978
4682.46  1.001711
4683.03  1.001601
4683.60  0.9956517
4684.17  0.9856305
4684.74  0.9729439
4685.31  0.9540045
4685.88  0.9397632
4686.45  0.9438419
4687.02  0.9575362
4687.59  0.9752741
4688.16  0.9930768
4688.73  1.000341
4689.30  1.005379
4689.87  1.008383
4690.44  1.006325
4691.01  1.005029
4691.58  1.007797
4692.15  1.009587
4692.72  1.009802
4693.29  1.010587
4693.86  1.0054
4694.43  1.002543
4695.00  1.001756
4695.57  1.000049
4696.14  1.000185
4696.71  0.9968826
4697.28  0.99641
4697.85  0.9971988
4698.42  0.9897292
4698.99  0.9818902
4699.57  0.9815862
4700.14  0.9833127
4700.71  0.9920183
4701.28  0.9989078
4701.85  0.9984117
4702.42  0.9964621
4702.99  0.9980384
4703.56  0.9954683
4704.13  0.986917
4704.70  0.9787806
4705.27  0.9725949
4705.84  0.973228
4706.41  0.980749
4706.98  0.9916124
4707.55  0.9946635
4708.12  1.00003
4708.69  0.9953886
4709.26  0.98963
4709.83  0.9894995
4710.40  0.9833198
4710.97  0.9833393
4711.54  0.9740134
4712.11  0.9503895
4712.68  0.9145936
4713.25  0.8927251
4713.82  0.9021251
4714.39  0.9317554
4714.96  0.9664406
4715.53  0.9864522
4716.10  0.9970785
4716.67  0.9993729
4717.24  1.004229
4717.81  1.003797
4718.38  1.00527
4718.95  1.00216
4719.52  1.002688
4720.09  1.000196
4720.66  1.003348
4721.23  1.003399
4721.80  1.004109
4722.37  1.002862
4722.94  1.004197
4723.51  1.00357
4724.08  1.004313
4724.65  1.004111
4725.22  1.003487
4725.79  1.003272
4726.36  1.003253
4726.93  1.000196
4727.50  1.001418
4728.07  1.002454
4728.64  1.004921
4729.21  1.002771
4729.78  1.001263
4730.35  1.002962
4730.92  1.002427
4731.49  0.9999485
4732.06  1.000474
4732.63  1.002751
4733.20  1.000095
4733.77  0.9998595
4734.34  0.9972178
4734.91  0.9976594
4735.48  0.998584
4736.05  0.9996346
4736.62  1.000968
4737.19  1.002893
4737.76  0.999253
4738.33  0.9971162
4738.90  0.9971551
4739.47  0.9991664
4740.04  0.9982929
4740.61  0.9978217
4741.18  0.9974157
4741.75  0.9981368
4742.32  1.00028
4742.89  0.9998889
4743.46  1.000926
4744.03  1.000872
4744.60  0.9992124
4745.17  0.9976477
4745.74  0.9987899
4746.31  0.9974561
4746.88  0.9998147
4747.45  0.9985999
4748.02  0.9958795
4748.59  0.9981593
4749.16  0.9992186
4749.73  0.9988412
4750.30  0.9951798
4750.87  0.9938102
4751.44  0.9967342
4752.01  0.9927616
4752.58  0.9894896
4753.15  0.9949845
4753.72  0.9947643
4754.29  0.9953189
4754.86  0.9959413
4755.43  0.9958287
4756.00  0.9975611
4756.57  0.9988405
4757.14  0.9983799
4757.71  0.9957449
4758.28  0.9952884
4758.85  0.9972839
4759.42  0.99549
4759.99  0.9946491
4760.56  0.9951001
4761.13  0.994867
4761.70  0.9942155
4762.27  0.9938836
4762.84  0.9942689
4763.41  0.9937439
4763.98  0.994194
4764.55  0.9947335
4765.12  0.9929027
4765.69  0.9927254
4766.26  0.9927306
4766.83  0.9939853
4767.40  0.9976906
4767.97  0.995438
4768.54  0.9955438
4769.11  0.9973318
4769.68  0.9943144
4770.25  0.9935175
4770.82  0.9937117
4771.39  0.9928366
4771.96  0.9921034
4772.53  0.9952103
4773.11  0.9949558
4773.68  0.9909912
4774.25  0.9944333
4774.82  0.9966099
4775.39  0.9950778
4775.96  0.9946529
4776.53  0.9964362
4777.10  0.9984815
4777.67  0.9961197
4778.24  0.9974877
4778.81  0.9968531
4779.38  0.9953613
4779.95  0.998219
4780.52  0.9973598
4781.09  0.9929757
4781.66  0.9969457
4782.23  0.9969258
4782.80  0.9945151
4783.37  0.9963293
4783.94  0.9959821
4784.51  0.9956833
4785.08  0.9946684
4785.65  0.9966531
4786.22  0.9977276
4786.79  0.9961339
4787.36  0.9983845
4787.93  0.9949815
4788.50  0.9941945
4789.07  0.9944581
4789.64  0.9966875
4790.21  0.997431
4790.78  0.9980521
4791.35  0.995847
4791.92  0.9978758
4792.49  0.9972643
4793.06  0.9971874
4793.63  0.99661
4794.20  0.9954551
4794.77  1.001851
4795.34  0.9984075
4795.91  0.9971932
4796.48  1.001044
4797.05  0.9999452
4797.62  0.998622
4798.19  0.9994589
4798.76  0.9997565
4799.33  1.00194
4799.90  1.003086
4800.47  1.000401
4801.04  1.000162
4801.61  1.001732
4802.18  1.000743
4802.75  0.9952683
4803.32  0.9933258
4803.89  0.9949381
4804.46  0.9974935
4805.03  1.001239
4805.60  1.001058
4806.17  1.001518
4806.74  0.9992548
4807.31  1.001137
4807.88  1.000694
4808.45  1.001079
4809.02  1.003077
4809.59  0.9993163
4810.16  0.9999304
4810.73  1.00174
4811.30  0.99974
4811.87  1.000135
4812.44  0.9998527
4813.01  0.997137
4813.58  0.9966521
4814.15  0.9954946
4814.72  0.9968765
4815.29  0.9970343
4815.86  1.001645
4816.43  1.002703
4817.00  1.001692
4817.57  1.001227
4818.14  0.9993308
4818.71  0.9981318
4819.28  0.9928569
4819.85  0.9869518
4820.42  0.9898365
4820.99  0.9958915
4821.56  1.0004
4822.13  1.00598
4822.70  1.00443
4823.27  1.005129
4823.84  1.005707
4824.41  1.005038
4824.98  1.004556
4825.55  1.003692
4826.12  1.004037
4826.69  1.001913
4827.26  1.002038
4827.83  0.9999096
4828.40  0.9984313
4828.97  0.9944007
4829.54  0.9944149
4830.11  0.9974504
4830.68  1.00185
4831.25  1.006298
4831.82  1.002888
4832.39  1.003047
4832.96  1.005211
4833.53  1.004283
4834.10  1.00367
4834.67  1.006025
4835.24  1.006575
4835.81  1.006958
4836.38  1.00724
4836.95  1.006641
4837.52  1.007362
4838.09  1.008168
4838.66  1.008554
4839.23  1.008046
4839.80  1.00772
4840.37  1.006936
4840.94  1.004097
4841.51  1.005148
4842.08  1.00414
4842.65  1.003327
4843.22  1.003395
4843.79  1.001616
4844.36  1.001027
4844.93  1.001167
4845.50  1.003222
4846.07  1.005864
4846.65  1.005269
4847.22  1.002005
4847.79  1.003623
4848.36  1.005595
4848.93  1.003567
4849.50  1.001438
4850.07  1.001665
4850.64  1.001499
4851.21  0.9997883
4851.78  0.9975524
4852.35  0.9959352
4852.92  0.9964135
4853.49  0.9947512
4854.06  0.9914307
4854.63  0.9899745
4855.20  0.9853834
4855.77  0.9788029
4856.34  0.9716313
4856.91  0.9647362
4857.48  0.9512503
4858.05  0.9366241
4858.62  0.9103823
4859.19  0.8703594
4859.76  0.8281569
4860.33  0.7851633
4860.90  0.7558157
4861.47  0.7418433
4862.04  0.7432759
4862.61  0.7661461
4863.18  0.8066796
4863.75  0.8565397
4864.32  0.9000429
4864.89  0.9316083
4865.46  0.9539936
4866.03  0.965633
4866.60  0.9707292
4867.17  0.9721392
4867.74  0.9762206
4868.31  0.9822658
4868.88  0.9880357
4869.45  0.9929395
4870.02  0.9933034
4870.59  0.9944337
4871.16  0.9952397
4871.73  0.9961288
4872.30  0.9959295
4872.87  0.9950728
4873.44  0.9972233
4874.01  0.9998021
4874.58  0.9983164
4875.15  0.9989738
4875.72  1.000656
4876.29  0.9995831
4876.86  0.9990929
4877.43  1.001417
4878.00  1.001994
4878.57  0.9996701
4879.14  1.001283
4879.71  0.9993564
4880.28  0.9978012
4880.85  0.9984041
4881.42  0.9974629
4881.99  0.9991664
4882.56  1.000478
4883.13  1.000429
4883.70  1.000178
4884.27  0.9997838
4884.84  0.9999479
4885.41  0.9995821
4885.98  0.9976526
4886.55  0.9992442
4887.12  0.9995958
4887.69  1.002435
4888.26  0.9983819
4888.83  0.9960182
4889.40  0.9991915
4889.97  0.9958102
4890.54  0.9928352
4891.11  0.9932234
4891.68  0.9945293
4892.25  0.9944906
4892.82  0.998241
4893.39  0.9974759
4893.96  0.9999915
4894.53  1.002447
4895.10  1.001523
4895.67  1.002422
4896.24  0.9993722
4896.81  0.9977527
4897.38  0.9999356
4897.95  1.000206
4898.52  0.9976474
4899.09  0.9972738
4899.66  0.9981947
4900.23  0.9974695
4900.80  0.997214
4901.37  0.9980637
4901.94  0.9986901
4902.51  0.9991612
4903.08  0.999392
4903.65  1.000096
4904.22  0.9998748
4904.79  0.9989883
4905.36  0.9931881
4905.93  0.9933397
4906.50  0.9890793
4907.07  0.986023
4907.64  0.987215
4908.21  0.9907854
4908.78  0.9940513
4909.35  0.998349
4909.92  1.000673
4910.49  0.9968408
4911.06  0.9974793
4911.63  1.00042
4912.20  0.9999509
4912.77  0.9977176
4913.34  0.9967567
4913.91  0.9970885
4914.48  1.00065
4915.05  0.9998499
4915.62  0.998584
4916.19  0.9994828
4916.76  0.9985759
4917.33  0.9968878
4917.90  0.9948477
4918.47  0.9927587
4919.04  0.9910417
4919.61  0.9806525
4920.18  0.9616614
4920.76  0.9288262
4921.33  0.8765756
4921.90  0.8335284
4922.47  0.8237218
4923.04  0.8510265
4923.61  0.895519
4924.18  0.9312194
4924.75  0.9511359
4925.32  0.9654207
4925.89  0.9791803
4926.46  0.9858797
4927.03  0.9913529
4927.60  0.9943112
4928.17  0.9988391
4928.74  0.9978945
4929.31  0.9956584
4929.88  0.9985209
4930.45  0.9986727
4931.02  0.9961085
4931.59  0.9974577
4932.16  0.9978188
4932.73  1.000878
4933.30  0.9999374
4933.87  0.9993712
4934.44  0.9984967
4935.01  0.9975191
4935.58  0.9979483
4936.15  0.9996428
4936.72  0.9961571
4937.29  0.9962233
4937.86  0.9971328
4938.43  0.9976028
4939.00  0.9992433
4939.57  0.999486
4940.14  0.9994382
4940.71  0.9962797
4941.28  0.9924164
4941.85  0.9918628
4942.42  0.9885156
4942.99  0.9845639
4943.56  0.9876202
4944.13  0.9894576
4944.70  0.9904718
4945.27  0.9926446
4945.84  0.9981439
4946.41  0.9979756
4946.98  0.9981491
4947.55  0.9986296
4948.12  1.000766
4948.69  0.9978304
4949.26  0.9964969
4949.83  0.9947392
4950.40  0.9982255
4950.97  0.9992448
4951.54  0.9972247
4952.11  0.9961887
4952.68  1.000345
4953.25  0.9983523
4953.82  0.9966192
4954.39  0.9997665
4954.96  1.00021
4955.53  0.9980614
4956.10  0.9974864
4956.67  0.9956261
4957.24  0.9980747
4957.81  0.9986947
4958.38  0.999886
4958.95  0.9987655
4959.52  1.000452
4960.09  0.9981237
4960.66  0.997089
4961.23  0.9963275
4961.80  0.9980155
4962.37  1.00026
4962.94  0.9986655
4963.51  0.9965782
4964.08  0.9987377
4964.65  1.000086
4965.22  1.000308
4965.79  0.9974301
4966.36  0.9963023
4966.93  0.9983647
4967.50  0.9983521
4968.07  0.9986373
4968.64  0.9997289
4969.21  0.9992261
4969.78  0.9986411
4970.35  0.9995804
4970.92  1.001308
4971.49  1.000058
4972.06  1.001551
4972.63  1.000149
4973.20  0.9984686
4973.77  0.9991586
4974.34  1.000296
4974.91  1.003561
4975.48  1.000885
4976.05  1.000578
4976.62  1.000772
4977.19  1.001749
4977.76  0.9977307
4978.33  1.002254
4978.90  1.001723
4979.47  1.001023
4980.04  1.0022
4980.61  1.002463
4981.18  1.002469
4981.75  1.000627
4982.32  1.000724
4982.89  1.002498
4983.46  1.001169
4984.03  1.002419
4984.60  0.9986456
4985.17  0.9999166
4985.74  0.9996719
4986.31  1.000105
4986.88  1.003702
4987.45  1.002357
4988.02  1.001392
4988.59  1.002453
4989.16  1.005638
4989.73  1.003794
4990.30  1.002264
4990.87  1.005249
4991.44  1.002809
4992.01  1.001172
4992.58  1.003706
4993.15  1.003659
4993.72  1.003337
4994.30  1.007007
4994.87  1.005744
4995.44  1.004721
4996.01  1.00285
4996.58  1.003294
4997.15  1.003527
4997.72  1.003623
4998.29  1.00198
4998.86  1.002809
4999.43  1.003349
5000.00  1.003083
5000.57  0.9979987
5001.14  0.9968914
5001.71  0.9934472
5002.28  0.992412
5002.85  0.9962973
5003.42  0.9975244
5003.99  0.9989428
5004.56  0.9990113
5005.13  0.9951167
5005.70  0.9933267
5006.27  0.9954445
5006.84  0.998518
5007.41  0.9973931
5007.98  1.000502
5008.55  1.002833
5009.12  1.002276
5009.69  1.002536
5010.26  1.000948
5010.83  1.000232
5011.40  0.9983268
5011.97  0.9975224
5012.54  1.000435
5013.11  0.9985391
5013.68  0.9937916
5014.25  0.9803171
5014.82  0.9563061
5015.39  0.9208494
5015.96  0.8871024
5016.53  0.8836215
5017.10  0.9096617
5017.67  0.9435068
5018.24  0.9732193
5018.81  0.9893529
5019.38  0.995351
5019.95  1.000808
5020.52  1.002853
5021.09  1.000986
5021.66  1.002346
5022.23  1.000242
5022.80  0.9999644
5023.37  1.001783
5023.94  1.001366
5024.51  1.000662
5025.08  0.9984368
5025.65  0.9980788
5026.22  0.9946578
5026.79  0.9936574
5027.36  0.9948012
5027.93  0.9955838
5028.50  0.9990987
5029.07  0.9971329
5029.64  0.9970444
5030.21  0.9976838
5030.78  0.9994801
5031.35  1.000096
5031.92  1.00139
5032.49  1.00092
5033.06  1.00006
5033.63  0.99937
5034.20  0.9978304
5034.77  0.9955251
5035.34  0.9921045
5035.91  0.9925604
5036.48  0.9936795
5037.05  0.9921916
5037.62  0.9918901
5038.19  0.9893956
5038.76  0.9907445
5039.33  0.9916466
5039.90  0.9944487
5040.47  0.9940368
5041.04  0.9947634
5041.61  0.9963363
5042.18  0.9941375
5042.75  0.9894683
5043.32  0.9874075
5043.89  0.9877464
5044.46  0.9873741
5045.03  0.9855555
5045.60  0.9839554
5046.17  0.9848259
5046.74  0.9823396
5047.31  0.9705798
5047.88  0.9574519
5048.45  0.9477373
5049.02  0.9546993
5049.59  0.968038
5050.16  0.9820198
5050.73  0.993626
5051.30  0.9958507
5051.87  0.9972049
5052.44  0.9983507
5053.01  0.9971048
5053.58  0.9981489
5054.15  0.9998827
5054.72  0.996527
5055.29  0.9978059
5055.86  1.001221
5056.43  1.001216
5057.00  0.9989603
5057.57  0.9948391
5058.14  0.9932095
5058.71  0.9944589
5059.28  0.9950727
5059.85  0.9980211
5060.42  0.9973806
5060.99  0.9964288
5061.56  0.9993346
5062.13  0.9979582
5062.70  0.9978593
5063.27  1.000185
5063.84  1.001934
5064.41  1.003258
5064.98  1.002229
5065.55  1.000083
5066.12  0.9969898
5066.69  0.9977642
5067.26  0.9963307
5067.84  0.9944817
5068.41  0.9972834
5068.98  0.9992739
5069.55  1.000964
5070.12  1.003371
5070.69  1.00515
5071.26  1.006551
5071.83  1.005558
5072.40  1.003034
5072.97  0.9978588
5073.54  0.9939331
5074.11  0.9930208
5074.68  0.997329
5075.25  1.002064
5075.82  0.9995109
5076.39  0.9979178
5076.96  0.9965163
5077.53  0.9952828
5078.10  0.997005
5078.67  0.9982913
5079.24  0.999672
5079.81  0.9988735
5080.38  0.9979221
5080.95  1.001012
5081.52  1.001772
5082.09  1.001706
5082.66  1.001438
5083.23  1.001387
5083.80  1.000241
5084.37  0.9980519
5084.94  0.9979459
5085.51  0.9993182
5086.08  0.9987156
5086.65  0.9935681
5087.22  0.9946532
5087.79  0.9968887
5088.36  0.998545
5088.93  0.9994577
5089.50  0.9978745
5090.07  1.000034
5090.64  1.002496
5091.21  1.002265
5091.78  1.001165
5092.35  1.000017
5092.92  0.9997036
5093.49  1.001186
5094.06  0.9979448
5094.63  0.9959266
5095.20  0.9982489
5095.77  1.000009
5096.34  1.000274
5096.91  1.000929
5097.48  0.9999375
5098.05  1.000153
5098.62  1.000896
5099.19  0.9974264
5099.76  0.9985142
5100.33  0.9970636
5100.90  0.9960496
5101.47  0.9989032
5102.04  0.9999671
5102.61  1.000109
5103.18  0.9992853
5103.75  0.9954899
5104.32  0.9952345
5104.89  0.9999444
5105.46  0.9977542
5106.03  0.9983733
5106.60  0.9984878
5107.17  0.996686
5107.74  0.9982924
5108.31  0.9972683
5108.88  1.001865
5109.45  0.9992005
5110.02  0.998319
5110.59  0.9943323
5111.16  0.9956369
5111.73  0.9972972
