6312.55  0.9932981
6312.98  0.9805757
6313.41  0.9700066
6313.84  0.9671517
6314.27  0.9796047
6314.70  0.9949392
6315.13  0.9970407
6315.56  0.9956336
6315.99  0.9943143
6316.42  0.9951204
6316.85  0.9989938
6317.28  0.9999258
6317.70  0.9908338
6318.13  0.9824345
6318.56  0.9756367
6318.99  0.9813694
6319.42  0.9966387
6319.85  1.00327
6320.28  1.000319
6320.71  1.00243
6321.14  1.005576
6321.57  1.004923
6322.00  1.004889
6322.43  0.9938692
6322.86  0.9811682
6323.29  0.9760146
6323.71  0.9850431
6324.14  0.9976377
6324.57  1.002587
6325.00  1.001573
6325.43  1.000125
6325.86  1.003285
6326.29  1.004287
6326.72  1.005
6327.15  1.003111
6327.58  0.9977793
6328.01  0.9944335
6328.44  0.9932589
6328.87  0.995737
6329.30  0.9994965
6329.73  1.002285
6330.15  1.002127
6330.58  0.9986033
6331.01  0.9944707
6331.44  0.9971665
6331.87  1.000103
6332.30  1.000091
6332.73  1.000047
6333.16  0.9994308
6333.59  0.9972035
6334.02  0.9999824
6334.45  0.9987589
6334.88  0.9973986
6335.31  0.9987961
6335.74  0.9990931
6336.16  1.001511
6336.59  1.001891
6337.02  0.9989586
6337.45  0.9996817
6337.88  0.999239
6338.31  0.9985971
6338.74  0.9977422
6339.17  1.000788
6339.60  1.001874
6340.03  0.99862
6340.46  0.9966072
6340.89  0.9944554
6341.32  0.9878455
6341.75  0.9912835
6342.17  0.9965085
6342.60  0.9989234
6343.03  0.9988109
6343.46  1.001835
6343.89  1.000488
6344.32  0.9987479
6344.75  0.9980755
6345.18  0.9972226
6345.61  0.9917628
6346.04  0.9856339
6346.47  0.9888377
6346.90  0.9948348
6347.33  0.99777
6347.76  0.9993099
6348.18  1.000006
6348.61  0.9992943
6349.04  0.9984041
6349.47  0.9953362
6349.90  0.9920695
6350.33  0.9958858
6350.76  0.9985712
6351.19  0.9986229
6351.62  0.9991181
6352.05  1.000853
6352.48  1.003361
6352.91  1.001471
6353.34  1.000542
6353.77  0.9982359
6354.20  0.9964185
6354.62  0.9961883
6355.05  0.9984325
6355.48  0.9992692
6355.91  1.002371
6356.34  1.001293
6356.77  1.001028
6357.20  0.9995693
6357.63  0.99956
6358.06  0.9966952
6358.49  1.000307
6358.92  1.001392
6359.35  1.000815
6359.78  1.000133
6360.21  0.9945022
6360.63  0.9951884
6361.06  0.9997346
6361.49  1.004063
6361.92  1.002284
6362.35  1.002011
6362.78  1.00171
6363.21  1.00358
6363.64  1.003705
6364.07  1.00415
6364.50  1.003531
6364.93  1.002411
6365.36  1.002898
6365.79  1.003058
6366.22  1.00333
6366.64  1.001809
6367.07  1.000126
6367.50  0.9981071
6367.93  0.9983144
6368.36  1.002007
6368.79  1.003554
6369.22  1.00142
6369.65  0.9999148
6370.08  0.9954793
6370.51  0.9928564
6370.94  0.9970584
6371.37  0.9995468
6371.80  0.9997092
6372.23  1.000602
6372.66  1.001272
6373.08  1.002627
6373.51  1.00402
6373.94  1.001897
6374.37  1.001496
6374.80  1.002965
6375.23  1.000092
6375.66  0.9995559
6376.09  1.001802
6376.52  1.003392
6376.95  1.002544
6377.38  1.003038
6377.81  1.001014
6378.24  0.9996073
6378.67  1.001096
6379.09  1.00287
6379.52  1.001452
6379.95  1.00104
6380.38  0.9966013
6380.81  0.9957024
6381.24  0.9963909
6381.67  0.996459
6382.10  0.9984047
6382.53  0.9999474
6382.96  0.9994765
6383.39  1.00049
6383.82  1.001606
6384.25  1.002246
6384.68  1.002329
6385.10  1.002163
6385.53  1.004629
6385.96  1.003896
6386.39  1.003191
6386.82  1.00455
6387.25  1.004839
6387.68  1.006417
6388.11  1.005928
6388.54  1.004395
6388.97  1.005836
6389.40  1.006232
6389.83  1.005225
6390.26  1.004393
6390.69  1.00643
6391.11  1.004835
6391.54  1.002981
6391.97  1.004247
6392.40  1.005289
6392.83  1.005387
6393.26  1.003343
6393.69  1.003524
6394.12  1.004228
6394.55  1.002831
6394.98  1.004027
6395.41  1.004571
6395.84  1.001149
6396.27  0.9981183
6396.70  1.000219
6397.13  1.002814
6397.55  1.000423
6397.98  1.000155
6398.41  1.002174
6398.84  1.00307
6399.27  1.000918
6399.70  1.000143
6400.13  1.000913
6400.56  1.000301
6400.99  1.0001
6401.42  1.002967
6401.85  1.001209
6402.28  0.9998377
6402.71  0.9984646
6403.14  0.9965926
6403.56  0.9970735
6403.99  0.9977065
6404.42  0.9962303
6404.85  0.9935624
6405.28  0.9915203
6405.71  0.9884055
6406.14  0.9876021
6406.57  0.988251
6407.00  0.9850737
6407.43  0.98599
6407.86  0.9850271
6408.29  0.9871057
6408.72  0.9907243
6409.15  0.9945185
6409.57  0.9973719
6410.00  0.9980964
6410.43  0.9972886
6410.86  0.9994445
6411.29  0.9997411
6411.72  0.9992366
6412.15  0.9984407
6412.58  1.000654
6413.01  1.000399
6413.44  0.9986423
6413.87  0.998717
6414.30  0.9994788
6414.73  1.003152
6415.16  1.002246
6415.59  0.9969653
6416.01  0.9968112
6416.44  1.000535
6416.87  1.002423
6417.30  1.003004
6417.73  1.003222
6418.16  0.9988298
6418.59  0.9960637
6419.02  0.999392
6419.45  1.000669
6419.88  0.9994398
6420.31  1.001835
6420.74  1.001732
6421.17  1.001141
6421.60  1.00128
6422.02  1.000828
6422.45  1.00041
6422.88  1.001886
6423.31  0.9998838
6423.74  0.9988519
6424.17  0.9977239
6424.60  0.9955401
6425.03  0.9964921
6425.46  1.000009
6425.89  1.001119
6426.32  1.000827
6426.75  1.002995
6427.18  1.00373
6427.61  1.003496
6428.03  1.003768
6428.46  1.002996
6428.89  1.002478
6429.32  1.001842
6429.75  1.001772
6430.18  1.001365
6430.61  1.000291
6431.04  0.9993848
6431.47  0.998489
6431.90  0.994945
6432.33  0.9960567
6432.76  1.001557
6433.19  1.001533
6433.62  0.9982316
6434.04  1.001147
6434.47  1.005359
6434.90  1.005459
6435.33  1.000316
6435.76  0.9856416
6436.19  0.9798059
6436.62  0.9974504
6437.05  1.008442
6437.48  1.004736
6437.91  1.003681
6438.34  1.003712
6438.77  1.002879
6439.20  1.001295
6439.63  1.001815
6440.06  1.001257
6440.48  1.000145
6440.91  0.9999173
6441.34  0.9987345
6441.77  1.000598
6442.20  0.9987816
6442.63  0.997394
6443.06  0.996231
6443.49  0.9977662
6443.92  0.9980009
6444.35  0.9998483
6444.78  1.000046
6445.21  1.001081
6445.64  1.003487
6446.07  1.002473
6446.49  1.001209
6446.92  0.9978029
6447.35  0.9986465
6447.78  0.9988123
6448.21  0.9995469
6448.64  0.9988415
6449.07  1.000073
6449.50  0.9987049
6449.93  0.9959344
6450.36  0.9930761
6450.79  0.9946755
6451.22  0.9954959
6451.65  0.9926863
6452.08  0.9933862
6452.50  0.9929726
6452.93  0.9888461
6453.36  0.9866609
6453.79  0.989471
6454.22  0.9945843
6454.65  0.998265
6455.08  0.9999303
6455.51  0.996731
6455.94  0.9929845
6456.37  0.9945295
6456.80  0.9975671
6457.23  0.9934757
6457.66  0.9824902
6458.09  0.9782553
6458.52  0.9808892
6458.94  0.9817646
6459.37  0.9879598
6459.80  0.9958363
6460.23  0.9974867
6460.66  0.9926943
6461.09  0.9917673
6461.52  0.999068
6461.95  0.9977965
6462.38  0.9866221
6462.81  0.9802716
6463.24  0.9781051
6463.67  0.9817287
6464.10  0.9906446
6464.53  0.9918898
6464.95  0.9838575
6465.38  0.9757975
6465.81  0.9792575
6466.24  0.9793893
6466.67  0.9733379
6467.10  0.9738826
6467.53  0.9810414
6467.96  0.9775932
6468.39  0.9603503
6468.82  0.9545721
6469.25  0.9692317
6469.68  0.9868229
6470.11  0.9934162
6470.54  0.996095
6470.96  0.9856479
6471.39  0.9602315
6471.82  0.9485735
6472.25  0.9554083
6472.68  0.9750957
6473.11  0.9821022
6473.54  0.9604992
6473.97  0.9123514
6474.40  0.8879704
6474.83  0.9065962
6475.26  0.9465525
6475.69  0.9664204
6476.12  0.9649858
6476.55  0.9743456
6476.97  0.988437
6477.40  0.9912485
6477.83  0.9785483
6478.26  0.9549469
6478.69  0.932141
6479.12  0.9339475
6479.55  0.9622017
6479.98  0.9833002
6480.41  0.9846368
6480.84  0.9867521
6481.27  0.9915792
6481.70  0.9710653
6482.13  0.927126
6482.56  0.904476
6482.99  0.921926
6483.41  0.9536812
6483.84  0.975673
6484.27  0.9789574
6484.70  0.9813702
6485.13  0.9835789
6485.56  0.9715705
6485.99  0.9669895
6486.42  0.9774368
6486.85  0.9842503
6487.28  0.9893281
6487.71  0.986023
6488.14  0.9801263
6488.57  0.9903927
6489.00  0.9918569
6489.42  0.9568747
6489.85  0.9348398
6490.28  0.9628726
6490.71  0.9912959
6491.14  0.9884815
6491.57  0.9584368
6492.00  0.937861
6492.43  0.9602662
6492.86  0.986928
6493.29  0.9898756
6493.72  0.9910186
6494.15  0.9831861
6494.58  0.950186
6495.01  0.9413638
6495.43  0.9742004
6495.86  0.9922984
6496.29  0.9792973
6496.72  0.9758596
6497.15  0.99238
6497.58  1.00142
6498.01  1.002191
6498.44  1.00263
6498.87  1.003527
6499.30  1.006002
6499.73  1.007361
6500.16  1.002073
6500.59  1.000142
6501.02  0.9995551
6501.45  1.000331
6501.87  0.9978567
6502.30  0.9943088
6502.73  0.9884772
6503.16  0.9870993
6503.59  0.9957361
6504.02  1.005418
6504.45  1.0095
6504.88  1.007821
6505.31  1.005175
6505.74  1.005118
6506.17  1.001518
6506.60  0.9990363
6507.03  0.9883285
6507.46  0.9731804
6507.88  0.9772589
6508.31  0.9977391
6508.74  1.004153
6509.17  1.00461
6509.60  1.001689
6510.03  1.004316
6510.46  0.9936876
6510.89  0.9711941
6511.32  0.9706472
6511.75  0.9897662
6512.18  0.9964877
6512.61  0.9902601
6513.04  0.9709096
6513.47  0.9322259
6513.89  0.9301224
6514.32  0.9575892
6514.75  0.9535955
6515.18  0.9017621
6515.61  0.8661526
6516.04  0.9048285
6516.47  0.9565746
6516.90  0.9697181
6517.33  0.97254
6517.76  0.9705663
6518.19  0.9485385
6518.62  0.952512
6519.05  0.9831239
6519.48  0.9982373
6519.90  0.9996942
6520.33  0.9972135
6520.76  0.9890525
6521.19  0.9877285
6521.62  0.989794
6522.05  0.9786679
6522.48  0.9497892
6522.91  0.9398396
6523.34  0.9703163
6523.77  0.9938726
6524.20  0.9947287
6524.63  0.9902473
6525.06  0.9887805
6525.49  0.9927756
6525.92  0.9916597
6526.34  0.9879518
6526.77  0.9878014
6527.20  0.9894862
6527.63  0.9901192
6528.06  0.9919815
6528.49  0.9944593
6528.92  0.9933094
6529.35  0.9898873
6529.78  0.9899696
6530.21  0.995783
6530.64  0.9898667
6531.07  0.9647282
6531.50  0.9576232
6531.93  0.983595
6532.35  0.9939845
6532.78  0.9790111
6533.21  0.9726207
6533.64  0.9846392
6534.07  0.9985122
6534.50  1.004319
6534.93  1.003488
6535.36  0.9928856
6535.79  0.9840857
6536.22  0.9936448
6536.65  1.004272
6537.08  1.007622
6537.51  1.008652
6537.94  1.007171
6538.36  1.004922
6538.79  1.002944
6539.22  1.003559
6539.65  1.002238
6540.08  1.002576
6540.51  1.00005
6540.94  0.9861103
6541.37  0.9765729
6541.80  0.9881673
6542.23  0.9812916
6542.66  0.9428945
6543.09  0.9399672
6543.52  0.9805235
6543.95  1.002701
6544.38  1.00119
6544.80  0.9971238
6545.23  0.9983139
6545.66  1.004072
6546.09  0.9967804
6546.52  0.9776103
6546.95  0.968441
6547.38  0.9523324
6547.81  0.9544828
6548.24  0.9854836
6548.67  1.006462
6549.10  1.010604
6549.53  1.01215
6549.96  1.009954
6550.39  1.007542
6550.81  0.9937552
6551.24  0.9586715
6551.67  0.9426724
6552.10  0.974373
6552.53  0.9881026
6552.96  0.9898813
6553.39  1.000983
6553.82  1.00582
6554.25  1.007021
6554.68  1.011961
6555.11  1.015076
6555.54  1.00932
6555.97  0.9936978
6556.40  0.9971586
6556.82  1.013554
6557.25  1.021723
6557.68  1.033444
6558.11  1.044971
6558.54  1.048836
6558.97  1.03724
6559.40  1.019172
6559.83  1.004788
6560.26  0.9979548
6560.69  0.9905698
6561.12  0.9727014
6561.55  0.9617265
6561.98  0.9601779
6562.41  0.9550078
6562.83  0.9445511
6563.26  0.9662772
6563.69  1.027412
6564.12  1.077914
6564.55  1.105627
6564.98  1.120646
6565.41  1.118559
6565.84  1.113309
6566.27  1.109542
6566.70  1.104255
6567.13  1.093607
6567.56  1.075227
6567.99  1.063743
6568.42  1.06176
6568.85  1.059073
6569.27  1.048618
6569.70  1.039553
6570.13  1.032344
6570.56  1.012356
6570.99  0.983272
6571.42  0.9952914
6571.85  1.018599
6572.28  1.022965
6572.71  1.023513
6573.14  1.015108
6573.57  0.9762682
6574.00  0.9686347
6574.43  1.005749
6574.86  1.026411
6575.28  1.026464
6575.71  1.027416
6576.14  1.02729
6576.57  1.025132
6577.00  1.022097
6577.43  1.017545
6577.86  1.014508
6578.29  1.017079
6578.72  1.019473
6579.15  1.014273
6579.58  1.001959
6580.01  1.005448
6580.44  1.018578
6580.87  1.018517
6581.29  1.013835
6581.72  1.007766
6582.15  0.9985311
6582.58  0.9982342
6583.01  1.005783
6583.44  1.009974
6583.87  1.008018
6584.30  1.005114
6584.73  1.00078
6585.16  0.9891979
6585.59  0.9799372
6586.02  0.9954387
6586.45  1.010697
6586.88  1.009962
6587.31  1.007786
6587.73  1.005497
6588.16  1.011524
6588.59  1.013531
6589.02  1.011842
6589.45  1.010741
6589.88  1.007762
6590.31  1.005481
6590.74  1.010501
6591.17  1.012985
6591.60  1.025749
6592.03  1.016643
6592.46  1.004222
6592.89  0.9995947
6593.32  0.9953529
6593.74  1.001633
6594.17  1.008846
6594.60  1.010704
6595.03  1.011466
6595.46  1.00979
6595.89  1.006149
6596.32  1.008932
6596.75  1.008064
6597.18  1.008461
6597.61  1.005388
6598.04  0.9976093
6598.47  0.9936185
6598.90  1.002331
6599.33  1.006899
6599.75  1.006974
6600.18  1.004926
6600.61  0.997393
6601.04  0.9893798
6601.47  0.9959799
6601.90  1.000202
6602.33  0.9979556
6602.76  0.999198
6603.19  1.001046
6603.62  1.002591
6604.05  1.000953
6604.48  0.9974657
6604.91  0.9993364
6605.34  1.005027
6605.76  1.006194
6606.19  1.000998
6606.62  1.001934
6607.05  1.000707
6607.48  1.002232
6607.91  1.001592
6608.34  0.9988489
6608.77  1.002033
6609.20  1.00096
6609.63  0.9996706
6610.06  0.998991
6610.49  1.000557
6610.92  0.997919
6611.35  0.9922841
6611.78  0.9947326
6612.20  0.9995776
6612.63  0.9986259
6613.06  0.9959756
6613.49  0.9952251
6613.92  0.9978775
6614.35  0.99856
6614.78  0.9993922
6615.21  0.9995754
6615.64  1.001076
6616.07  0.9966134
6616.50  0.9954042
6616.93  0.9983505
6617.36  0.9957634
6617.79  0.9988537
6618.21  0.9999192
6618.64  1.001429
6619.07  0.998469
6619.50  0.9959933
6619.93  0.9995661
6620.36  0.9990152
6620.79  0.9970974
6621.22  0.9991212
6621.65  0.9996011
6622.08  0.9992218
6622.51  1.
6622.94  0.999119
6623.37  1.000228
6623.80  0.9973806
6624.22  0.9931771
6624.65  0.993292
6625.08  0.993292
6625.51  0.9967449
6625.94  1.000302
6626.37  0.9995854
6626.80  0.9999759
6627.23  0.9971683
6627.66  0.9935715
6628.09  0.9934528
6628.52  0.9971853
6628.95  0.9977165
6629.38  1.000132
6629.81  1.000723
6630.24  1.000227
6630.66  0.9994513
6631.09  0.997371
6631.52  0.9935704
6631.95  0.9900772
6632.38  0.9904914
6632.81  0.9929658
6633.24  0.9924907
6633.67  0.9918547
6634.10  0.9936216
6634.53  0.9943171
6634.96  0.9953038
6635.39  0.9976026
6635.82  0.9987431
6636.25  0.999557
6636.67  0.997501
6637.10  0.9933699
6637.53  0.9941009
6637.96  0.9973335
6638.39  0.9977289
6638.82  0.9994107
6639.25  1.000881
6639.68  0.9999641
6640.11  0.9997067
6640.54  0.9981615
6640.97  0.9960782
6641.40  0.9972968
6641.83  0.9966379
6642.26  0.9965752
6642.68  0.9978274
6643.11  0.9985735
6643.54  1.002391
6643.97  1.005768
6644.40  1.006052
6644.83  1.005937
6645.26  1.004179
6645.69  1.000905
6646.12  1.000465
6646.55  1.000218
6646.98  0.9999144
6647.41  1.003042
6647.84  1.002828
6648.27  1.003788
6648.70  1.004997
6649.12  1.004433
6649.55  1.004369
6649.98  1.001821
6650.41  0.9977525
6650.84  0.9954022
6651.27  0.9958431
6651.70  0.9974201
6652.13  1.000028
6652.56  0.9986969
6652.99  0.9970056
6653.42  0.9941754
6653.85  0.9947184
6654.28  0.9965574
6654.71  0.9953579
6655.13  0.9918937
6655.56  0.9920286
6655.99  0.9959894
6656.42  0.9978826
6656.85  0.9970834
6657.28  0.9945971
6657.71  0.998324
6658.14  1.002035
6658.57  1.005661
6659.00  1.008258
6659.43  1.005253
6659.86  1.003992
6660.29  1.003305
6660.72  0.9997063
6661.14  1.000429
6661.57  1.005517
6662.00  1.007461
6662.43  1.006446
6662.86  1.005188
6663.29  1.008731
6663.72  1.010731
6664.15  1.009005
6664.58  1.008104
6665.01  1.009435
6665.44  1.009161
6665.87  1.011365
6666.30  1.012738
6666.73  1.012404
6667.15  1.009012
6667.58  1.011148
6668.01  1.016997
6668.44  1.017434
6668.87  1.017695
6669.30  1.015082
6669.73  1.010976
6670.16  1.010381
6670.59  1.012915
6671.02  1.010991
6671.45  1.006317
6671.88  1.005081
6672.31  1.010027
6672.74  1.01606
6673.17  1.014483
6673.59  1.014994
6674.02  1.012237
6674.45  1.004775
6674.88  0.9957682
6675.31  0.9816833
6675.74  0.9626877
6676.17  0.9367687
6676.60  0.9159142
6677.03  0.8938327
6677.46  0.8727955
6677.89  0.8562204
6678.32  0.8514124
6678.75  0.8603345
6679.18  0.8757513
6679.60  0.8955704
6680.03  0.9163389
6680.46  0.9367243
6680.89  0.9565561
6681.32  0.9721445
6681.75  0.9824122
6682.18  0.9844765
6682.61  0.9810874
6683.04  0.98186
6683.47  0.9850157
6683.90  0.9849101
6684.33  0.9851251
6684.76  0.9852692
6685.19  0.9866189
6685.61  0.9907286
6686.04  0.9911395
6686.47  0.9959424
6686.90  1.00294
6687.33  1.002377
6687.76  1.003431
6688.19  1.0073
6688.62  1.007612
6689.05  1.006224
6689.48  1.005759
6689.91  1.007902
6690.34  1.009514
6690.77  1.010841
6691.20  1.012219
6691.63  1.010183
6692.05  1.006123
6692.48  1.003693
6692.91  1.006495
6693.34  1.006836
6693.77  1.007903
6694.20  1.009577
6694.63  1.008289
6695.06  1.00822
6695.49  1.011406
6695.92  1.013183
6696.35  1.01411
6696.78  1.014715
6697.21  1.013483
6697.64  1.012465
6698.06  1.014762
6698.49  1.015901
6698.92  1.020221
6699.35  1.022208
6699.78  1.020809
6700.21  1.02075
6700.64  1.019124
6701.07  1.019394
6701.50  1.017516
6701.93  1.017547
6702.36  1.019766
6702.79  1.021151
6703.22  1.021791
6703.65  1.021916
6704.07  1.00993
6704.50  0.9947949
6704.93  1.006225
6705.36  1.006077
6705.79  1.009427
6706.22  1.008099
6706.65  1.00706
6707.08  1.011797
6707.51  1.012838
6707.94  1.010236
6708.37  1.003784
6708.80  1.001011
6709.23  1.001023
6709.66  1.001024
6710.08  1.00242
6710.51  1.000037
6710.94  0.9976327
6711.37  1.000929
6711.80  1.002647
6712.23  1.00399
6712.66  1.001941
6713.09  1.001692
6713.52  1.000642
6713.95  1.004419
6714.38  1.009432
6714.81  1.00844
6715.24  1.007891
6715.67  1.010236
6716.10  1.011789
6716.52  1.012722
6716.95  1.016172
6717.38  1.020077
6717.81  1.020011
6718.24  1.016153
6718.67  1.012858
6719.10  1.012259
6719.53  1.009235
6719.96  1.003392
6720.39  1.003166
6720.82  1.006958
6721.25  1.006486
6721.68  1.006706
6722.11  1.010418
6722.53  1.009133
6722.96  1.006863
6723.39  1.004891
6723.82  1.006641
6724.25  1.004338
6724.68  1.004919
6725.11  1.005957
6725.54  1.0044
6725.97  1.001399
6726.40  1.002396
6726.83  1.002034
6727.26  0.9991544
6727.69  1.001236
6728.12  0.9994356
6728.54  1.000508
6728.97  1.002893
6729.40  1.002569
6729.83  1.003299
6730.26  1.001028
6730.69  1.00286
6731.12  1.00304
6731.55  0.9996498
6731.98  1.000971
6732.41  1.001498
6732.84  0.9991818
6733.27  0.9992436
6733.70  0.9998969
6734.13  0.9970388
6734.56  0.9973222
6734.98  0.9955568
6735.41  0.999621
6735.84  1.001848
6736.27  0.9975927
6736.70  0.9967144
6737.13  0.9963804
6737.56  0.9971116
6737.99  0.9965057
6738.42  0.9993769
6738.85  0.9994048
6739.28  0.9964916
6739.71  0.9963052
6740.14  0.9955696
6740.57  0.9955307
6740.99  0.9951416
6741.42  0.9967573
6741.85  0.9992996
6742.28  0.9972103
6742.71  0.996508
6743.14  0.9963595
6743.57  0.9958227
6744.00  0.998552
6744.43  0.9985836
6744.86  0.998959
6745.29  1.00064
6745.72  0.9994286
6746.15  1.000463
6746.58  1.003987
6747.00  1.006398
6747.43  0.999325
6747.86  0.999739
6748.29  0.9993136
6748.72  0.9958822
6749.15  0.997962
6749.58  0.9971296
6750.01  0.9973813
6750.44  0.9962731
6750.87  0.9940346
6751.30  0.9906307
6751.73  0.9433747
