6312.48  0.9954715
6312.91  0.9893372
6313.34  0.9776316
6313.77  0.9732498
6314.20  0.9794201
6314.63  0.9924679
6315.06  0.9947301
6315.49  0.9960584
6315.92  0.9963673
6316.35  0.9944412
6316.78  0.9962329
6317.21  0.9997444
6317.64  0.9942901
6318.06  0.9863037
6318.49  0.9820669
6318.92  0.9828916
6319.35  0.9923999
6319.78  0.9985691
6320.21  1.000812
6320.64  1.000219
6321.07  0.9998023
6321.50  1.000798
6321.93  1.003043
6322.36  0.9965165
6322.79  0.9856549
6323.22  0.9743245
6323.65  0.9765042
6324.07  0.9916664
6324.50  0.9973534
6324.93  0.9958533
6325.36  0.9966617
6325.79  0.9994569
6326.22  1.000459
6326.65  1.000288
6327.08  0.9999048
6327.51  0.9960415
6327.94  0.9914142
6328.37  0.9892566
6328.80  0.990694
6329.23  0.9933407
6329.66  0.99538
6330.08  0.9971041
6330.51  0.9943263
6330.94  0.9915184
6331.37  0.9931316
6331.80  0.9960591
6332.23  0.9968853
6332.66  0.9956722
6333.09  0.9929013
6333.52  0.9892344
6333.95  0.9852244
6334.38  0.9823453
6334.81  0.9813259
6335.24  0.9864354
6335.67  0.9912802
6336.09  0.9948937
6336.52  0.9956282
6336.95  0.9944199
6337.38  0.9945849
6337.81  0.995374
6338.24  0.9954938
6338.67  0.9925913
6339.10  0.9923579
6339.53  0.9930884
6339.96  0.9894754
6340.39  0.9875847
6340.82  0.9871475
6341.25  0.9846051
6341.68  0.9854497
6342.10  0.9897846
6342.53  0.9936963
6342.96  0.9951876
6343.39  0.9941931
6343.82  0.9942759
6344.25  0.9948441
6344.68  0.9934052
6345.11  0.9920697
6345.54  0.9886127
6345.97  0.9769058
6346.40  0.9653566
6346.83  0.9596325
6347.26  0.9593432
6347.69  0.9702806
6348.12  0.9831089
6348.54  0.9885241
6348.97  0.9905404
6349.40  0.9896811
6349.83  0.9883546
6350.26  0.9907392
6350.69  0.9928632
6351.12  0.992884
6351.55  0.9938081
6351.98  0.9951162
6352.41  0.9947566
6352.84  0.9949136
6353.27  0.9956725
6353.70  0.9939849
6354.13  0.9930079
6354.55  0.9916707
6354.98  0.9927534
6355.41  0.9943888
6355.84  0.995164
6356.27  0.9938639
6356.70  0.9933764
6357.13  0.9938899
6357.56  0.992316
6357.99  0.9941883
6358.42  0.9946182
6358.85  0.9931366
6359.28  0.9946152
6359.71  0.9968038
6360.14  0.9906325
6360.56  0.9915761
6360.99  0.9968616
6361.42  0.9976344
6361.85  0.9982195
6362.28  0.9975715
6362.71  0.9972634
6363.14  0.9975888
6363.57  0.9977558
6364.00  0.9957207
6364.43  0.9944751
6364.86  0.9972095
6365.29  0.9976764
6365.72  0.9960651
6366.15  0.9962853
6366.57  0.9959887
6367.00  0.9964991
6367.43  0.9966169
6367.86  0.9945199
6368.29  0.9952328
6368.72  0.9971911
6369.15  0.9950378
6369.58  0.9949131
6370.01  0.9913698
6370.44  0.9822186
6370.87  0.9765112
6371.30  0.9735306
6371.73  0.9765524
6372.16  0.984819
6372.58  0.9922091
6373.01  0.9967997
6373.44  0.996712
6373.87  0.9953717
6374.30  0.9953385
6374.73  0.9961368
6375.16  0.9954323
6375.59  0.9956294
6376.02  0.9968356
6376.45  0.9978188
6376.88  0.9961237
6377.31  0.9978201
6377.74  0.9958951
6378.17  0.993108
6378.60  0.9894937
6379.02  0.9871762
6379.45  0.9822067
6379.88  0.9803343
6380.31  0.9849483
6380.74  0.9894552
6381.17  0.9928212
6381.60  0.9921293
6382.03  0.989975
6382.46  0.9851338
6382.89  0.9847792
6383.32  0.9853197
6383.75  0.9871503
6384.18  0.99027
6384.61  0.9940128
6385.03  0.993538
6385.46  0.995674
6385.89  0.9968247
6386.32  0.9980902
6386.75  1.000786
6387.18  1.001384
6387.61  0.9985203
6388.04  0.9978136
6388.47  0.9980707
6388.90  0.9994991
6389.33  1.000458
6389.76  1.000329
6390.19  0.9993963
6390.62  1.000271
6391.04  0.9998679
6391.47  1.00071
6391.90  1.001582
6392.33  0.9995872
6392.76  0.9991877
6393.19  1.000431
6393.62  0.9997808
6394.05  0.9981306
6394.48  0.998944
6394.91  0.9986581
6395.34  0.9968823
6395.77  0.9965105
6396.20  0.9941456
6396.63  0.9914382
6397.05  0.9914605
6397.48  0.9900249
6397.91  0.9895411
6398.34  0.9915462
6398.77  0.9934695
6399.20  0.9957384
6399.63  0.9945418
6400.06  0.9938073
6400.49  0.9945211
6400.92  0.9902988
6401.35  0.9791781
6401.78  0.9661207
6402.21  0.9607946
6402.64  0.9630329
6403.06  0.9745087
6403.49  0.9870614
6403.92  0.9932353
6404.35  0.995544
6404.78  0.9947014
6405.21  0.9948729
6405.64  0.9925631
6406.07  0.9925848
6406.50  0.9949184
6406.93  0.9946481
6407.36  0.9943311
6407.79  0.9927028
6408.22  0.994054
6408.65  0.9941875
6409.08  0.996577
6409.50  0.997386
6409.93  0.996015
6410.36  0.9960644
6410.79  0.997593
6411.22  0.9964697
6411.65  0.9954378
6412.08  0.9954065
6412.51  0.9954255
6412.94  0.995667
6413.37  0.9957892
6413.80  0.9951797
6414.23  0.9949248
6414.66  0.9946045
6415.09  0.9933744
6415.51  0.993436
6415.94  0.9925361
6416.37  0.9937116
6416.80  0.997155
6417.23  0.9961932
6417.66  0.9959881
6418.09  0.9945484
6418.52  0.9935027
6418.95  0.9947752
6419.38  0.9957216
6419.81  0.9978
6420.24  0.9992985
6420.67  0.9970033
6421.10  0.9963921
6421.52  0.9957061
6421.95  0.9970191
6422.38  0.9943469
6422.81  0.9953683
6423.24  0.994926
6423.67  0.9942721
6424.10  0.9948443
6424.53  0.9933304
6424.96  0.9928961
6425.39  0.9963551
6425.82  0.9951904
6426.25  0.9951831
6426.68  0.9943529
6427.11  0.9951246
6427.53  0.997453
6427.96  0.9986743
6428.39  0.9972622
6428.82  0.9974933
6429.25  0.9966212
6429.68  0.9965472
6430.11  0.9952077
6430.54  0.9964789
6430.97  0.9976532
6431.40  0.9972693
6431.83  0.9933026
6432.26  0.9917209
6432.69  0.9960849
6433.12  0.9979257
6433.54  0.9969028
6433.97  0.9958846
6434.40  0.9974627
6434.83  1.001254
6435.26  0.9972479
6435.69  0.9766237
6436.12  0.9722635
6436.55  0.9934022
6436.98  1.004422
6437.41  1.003232
6437.84  1.001934
6438.27  0.9994657
6438.70  0.9978039
6439.13  0.9973845
6439.55  0.9980928
6439.98  0.9982258
6440.41  0.9973044
6440.84  0.9961227
6441.27  0.9953365
6441.70  0.9973708
6442.13  0.9958443
6442.56  0.9935993
6442.99  0.9946435
6443.42  0.9962879
6443.85  0.9964162
6444.28  0.997088
6444.71  0.9982564
6445.14  0.9997893
6445.57  0.9983282
6445.99  0.9992771
6446.42  0.998862
6446.85  0.9962597
6447.28  0.9946785
6447.71  0.9980898
6448.14  0.9983677
6448.57  0.9968947
6449.00  0.9969145
6449.43  0.994529
6449.86  0.9920972
6450.29  0.9898205
6450.72  0.9874437
6451.15  0.990828
6451.58  0.9916673
6452.00  0.9895931
6452.43  0.990647
6452.86  0.9900299
6453.29  0.986026
6453.72  0.984814
6454.15  0.9885759
6454.58  0.9877437
6455.01  0.9883218
6455.44  0.9904878
6455.87  0.9893081
6456.30  0.9887782
6456.73  0.9916293
6457.16  0.9929185
6457.59  0.9856775
6458.01  0.9809995
6458.44  0.9832819
6458.87  0.9850886
6459.30  0.9881675
6459.73  0.9929104
6460.16  0.9970111
6460.59  0.994174
6461.02  0.989581
6461.45  0.9901729
6461.88  0.9875764
6462.31  0.9835007
6462.74  0.9818534
6463.17  0.978686
6463.60  0.9791047
6464.02  0.9896148
6464.45  0.9972956
6464.88  0.9941917
6465.31  0.9891102
6465.74  0.9848475
6466.17  0.9842392
6466.60  0.9806533
6467.03  0.9782925
6467.46  0.9833644
6467.89  0.9856523
6468.32  0.9751074
6468.75  0.9646944
6469.18  0.9712909
6469.61  0.9855323
6470.03  0.9936036
6470.46  0.9974291
6470.89  0.9919941
6471.32  0.9744477
6471.75  0.9613323
6472.18  0.9618968
6472.61  0.9741387
6473.04  0.9843373
6473.47  0.9774304
6473.90  0.9470052
6474.33  0.9223147
6474.76  0.9247782
6475.19  0.951147
6475.62  0.9736787
6476.05  0.9729535
6476.47  0.9752879
6476.90  0.9840667
6477.33  0.991311
6477.76  0.9852473
6478.19  0.970744
6478.62  0.9539595
6479.05  0.9443796
6479.48  0.9608879
6479.91  0.9814804
6480.34  0.9841811
6480.77  0.9787298
6481.20  0.9673025
6481.63  0.9496711
6482.06  0.9172774
6482.48  0.8981832
6482.91  0.9162648
6483.34  0.948919
6483.77  0.9736193
6484.20  0.9808909
6484.63  0.9817952
6485.06  0.9867561
6485.49  0.9802797
6485.92  0.9746358
6486.35  0.9809182
6486.78  0.9850835
6487.21  0.9894306
6487.64  0.9890687
6488.07  0.9841514
6488.49  0.9885347
6488.92  0.9954858
6489.35  0.9769777
6489.78  0.9515942
6490.21  0.9627601
6490.64  0.9894512
6491.07  0.9969693
6491.50  0.9780393
6491.93  0.9563299
6492.36  0.9648991
6492.79  0.9867464
6493.22  0.992254
6493.65  0.9928737
6494.08  0.9914463
6494.50  0.9719962
6494.93  0.9523444
6495.36  0.9692293
6495.79  0.9897255
6496.22  0.9859366
6496.65  0.9780227
6497.08  0.9848625
6497.51  0.9944253
6497.94  0.998127
6498.37  0.9986614
6498.80  0.9987081
6499.23  1.000305
6499.66  1.002311
6500.09  0.9988137
6500.51  0.997014
6500.94  0.9994265
6501.37  0.9974467
6501.80  0.9955665
6502.23  0.9960339
6502.66  0.9905857
6503.09  0.9882018
6503.52  0.9922327
6503.95  1.000113
6504.38  1.00224
6504.81  1.000461
6505.24  0.9981365
6505.67  0.995306
6506.10  0.9897094
6506.53  0.9857832
6506.95  0.9814749
6507.38  0.9756438
6507.81  0.9760969
6508.24  0.9892402
6508.67  0.9978202
6509.10  0.9996417
6509.53  1.001088
6509.96  1.000845
6510.39  0.9955625
6510.82  0.9804676
6511.25  0.9740633
6511.68  0.9856468
6512.11  0.9961955
6512.54  0.9935085
6512.96  0.9849318
6513.39  0.957157
6513.82  0.9430757
6514.25  0.9653144
6514.68  0.9734831
6515.11  0.9408419
6515.54  0.9008878
6515.97  0.9155784
6516.40  0.9585862
6516.83  0.9743218
6517.26  0.9758543
6517.69  0.9763595
6518.12  0.9640341
6518.55  0.960042
6518.97  0.97798
6519.40  0.994081
6519.83  0.999256
6520.26  0.9976665
6520.69  0.9921019
6521.12  0.987245
6521.55  0.9876885
6521.98  0.9861783
6522.41  0.9668603
6522.84  0.9530008
6523.27  0.9683999
6523.70  0.9888395
6524.13  0.9938474
6524.56  0.992615
6524.98  0.9923527
6525.41  0.9945509
6525.84  0.9973496
6526.27  0.9955167
6526.70  0.9949512
6527.13  0.9970503
6527.56  0.9964367
6527.99  0.9980313
6528.42  1.001363
6528.85  0.9993647
6529.28  0.9958627
6529.71  0.9916763
6530.14  0.9933119
6530.57  0.9961455
6530.99  0.9801337
6531.42  0.962995
6531.85  0.9755538
6532.28  0.9896758
6532.71  0.9818146
6533.14  0.9723594
6533.57  0.9793784
6534.00  0.9910609
6534.43  0.9965793
6534.86  0.9965542
6535.29  0.9927076
6535.72  0.9831888
6536.15  0.985274
6536.58  0.9927014
6537.01  0.9962213
6537.43  0.9954519
6537.86  0.9957997
6538.29  0.991962
6538.72  0.988672
6539.15  0.9905496
6539.58  0.9909762
6540.01  0.9876345
6540.44  0.9860805
6540.87  0.975859
6541.30  0.9665541
6541.73  0.9724782
6542.16  0.9738763
6542.59  0.9520192
6543.02  0.9342396
6543.44  0.9622053
6543.87  0.9839465
6544.30  0.983525
6544.73  0.9768969
6545.16  0.9737042
6545.59  0.974532
6546.02  0.9706749
6546.45  0.9604642
6546.88  0.9561198
6547.31  0.9492173
6547.74  0.9419574
6548.17  0.9586204
6548.60  0.9746554
6549.03  0.9746667
6549.45  0.973394
6549.88  0.9721735
6550.31  0.9677045
6550.74  0.9600876
6551.17  0.9378466
6551.60  0.9144471
6552.03  0.9262674
6552.46  0.9393646
6552.89  0.9385598
6553.32  0.9391968
6553.75  0.9404521
6554.18  0.9383857
6554.61  0.935287
6555.04  0.9330587
6555.46  0.9259093
6555.89  0.906661
6556.32  0.8936649
6556.75  0.8927105
6557.18  0.885296
6557.61  0.8761497
6558.04  0.8725262
6558.47  0.8643578
6558.90  0.8505589
6559.33  0.8325802
6559.76  0.8145751
6560.19  0.8038544
6560.62  0.7883264
6561.05  0.7553959
6561.47  0.702824
6561.90  0.6391538
6562.33  0.5778269
6562.76  0.5436448
6563.19  0.5567889
6563.62  0.6176425
6564.05  0.693383
6564.48  0.7514015
6564.91  0.7868015
6565.34  0.8072074
6565.77  0.8245787
6566.20  0.8396031
6566.63  0.8535452
6567.06  0.8660829
6567.48  0.8723482
6567.91  0.8783237
6568.34  0.8913183
6568.77  0.9047276
6569.20  0.9148824
6569.63  0.9206555
6570.06  0.9251952
6570.49  0.9267005
6570.92  0.9118007
6571.35  0.9187248
6571.78  0.9406003
6572.21  0.9503973
6572.64  0.952889
6573.07  0.9525095
6573.50  0.9357823
6573.92  0.9210872
6574.35  0.9432901
6574.78  0.9685948
6575.21  0.9730601
6575.64  0.973962
6576.07  0.9751095
6576.50  0.9679015
6576.93  0.9427586
6577.36  0.9074231
6577.79  0.8792396
6578.22  0.8768758
6578.65  0.9011853
6579.08  0.9350185
6579.51  0.9604705
6579.93  0.9710363
6580.36  0.9806569
6580.79  0.9849851
6581.22  0.9774926
6581.65  0.9595801
6582.08  0.9274575
6582.51  0.89992
6582.94  0.8960494
6583.37  0.9101334
6583.80  0.939895
6584.23  0.966257
6584.66  0.9778816
6585.09  0.9753786
6585.52  0.9662519
6585.94  0.9754179
6586.37  0.9897308
6586.80  0.9937044
6587.23  0.9935377
6587.66  0.9930207
6588.09  0.9944753
6588.52  0.9958214
6588.95  0.9942268
6589.38  0.9946985
6589.81  0.9936346
6590.24  0.9947775
6590.67  1.000387
6591.10  1.001395
6591.53  0.9975916
6591.95  0.992373
6592.38  0.9909775
6592.81  0.9903961
6593.24  0.9860519
6593.67  0.9898091
6594.10  0.995878
6594.53  0.9993559
6594.96  1.001391
6595.39  0.9987292
6595.82  0.9966734
6596.25  0.9960352
6596.68  0.9965528
6597.11  0.9969641
6597.54  0.9961898
6597.96  0.9931127
6598.39  0.985374
6598.82  0.9892838
6599.25  0.9932866
6599.68  0.9935327
6600.11  0.9932043
6600.54  0.9890245
6600.97  0.9881192
6601.40  0.990195
6601.83  0.9921724
6602.26  0.9923077
6602.69  0.9918431
6603.12  0.9927233
6603.55  0.9966383
6603.98  0.9936078
6604.40  0.991156
6604.83  0.9920197
6605.26  0.9990274
6605.69  0.9982463
6606.12  0.9935154
6606.55  0.9954379
6606.98  0.9962526
6607.41  0.9937969
6607.84  0.9942168
6608.27  0.9912559
6608.70  0.9945707
6609.13  0.994759
6609.56  0.987273
6609.99  0.9813196
6610.41  0.9766884
6610.84  0.975729
6611.27  0.9783432
6611.70  0.9840714
6612.13  0.9892142
6612.56  0.9903442
6612.99  0.9928712
6613.42  0.9910949
6613.85  0.9959987
6614.28  0.9978454
6614.71  0.9983856
6615.14  0.9945598
6615.57  0.9950091
6616.00  0.9919026
6616.42  0.9931293
6616.85  0.9957728
6617.28  0.994081
6617.71  0.9963369
6618.14  0.9980722
6618.57  0.9979792
6619.00  0.9958258
6619.43  0.9943012
6619.86  0.9967518
6620.29  0.9961841
6620.72  0.9970317
6621.15  0.996837
6621.58  0.9961394
6622.01  0.996819
6622.43  0.9967178
6622.86  0.9968268
6623.29  0.9961426
6623.72  0.9915082
6624.15  0.9890354
6624.58  0.9907121
6625.01  0.9915119
6625.44  0.9943835
6625.87  0.9948725
6626.30  0.9949957
6626.73  0.9953303
6627.16  0.9934345
6627.59  0.9912326
6628.02  0.9900043
6628.44  0.9909118
6628.87  0.9936078
6629.30  0.9906036
6629.73  0.9913194
6630.16  0.9914306
6630.59  0.9892713
6631.02  0.9886642
6631.45  0.9861497
6631.88  0.9821483
6632.31  0.9830057
6632.74  0.9851123
6633.17  0.9851667
6633.60  0.9830226
6634.03  0.9843501
6634.46  0.9859053
6634.88  0.9846268
6635.31  0.9866913
6635.74  0.992044
6636.17  0.9903484
6636.60  0.9848666
6637.03  0.9843252
6637.46  0.9835395
6637.89  0.9832966
6638.32  0.9852833
6638.75  0.9868135
6639.18  0.988894
6639.61  0.9880534
6640.04  0.9854066
6640.47  0.9821211
6640.89  0.9775748
6641.32  0.9794379
6641.75  0.9798687
6642.18  0.9801923
6642.61  0.9836563
6643.04  0.9875091
6643.47  0.9898657
6643.90  0.9900541
6644.33  0.9910235
6644.76  0.9929336
6645.19  0.9926859
6645.62  0.9873608
6646.05  0.9865827
6646.48  0.9907452
6646.90  0.9920833
6647.33  0.993018
6647.76  0.9942057
6648.19  0.9920096
6648.62  0.9942698
6649.05  0.9939582
6649.48  0.9917963
6649.91  0.9894801
6650.34  0.9862978
6650.77  0.982718
6651.20  0.9837901
6651.63  0.9850624
6652.06  0.9865379
6652.49  0.9871144
6652.91  0.9809874
6653.34  0.9806009
6653.77  0.9803295
6654.20  0.9821869
6654.63  0.9825293
6655.06  0.9793074
6655.49  0.9790715
6655.92  0.9845936
6656.35  0.9864683
6656.78  0.984727
6657.21  0.9826511
6657.64  0.9832622
6658.07  0.9872718
6658.50  0.9920255
6658.92  0.9934973
6659.35  0.9930561
6659.78  0.9895713
6660.21  0.9869735
6660.64  0.9850982
6661.07  0.9847731
6661.50  0.9892396
6661.93  0.9937078
6662.36  0.9913265
6662.79  0.9921283
6663.22  0.9950281
6663.65  0.9955944
6664.08  0.9929834
6664.51  0.9906619
6664.94  0.9912848
6665.36  0.99099
6665.79  0.9928219
6666.22  0.9945419
6666.65  0.9914669
6667.08  0.990496
6667.51  0.9953322
6667.94  1.000956
6668.37  0.9996069
6668.80  0.9984588
6669.23  0.9961272
6669.66  0.9936777
6670.09  0.9912378
6670.52  0.9931515
6670.95  0.9907555
6671.37  0.9843474
6671.80  0.9853295
6672.23  0.9885166
6672.66  0.9933836
6673.09  0.9935332
6673.52  0.995202
6673.95  0.995465
6674.38  0.9925922
6674.81  0.9884509
6675.24  0.9843408
6675.67  0.9785488
6676.10  0.963729
6676.53  0.9363429
6676.96  0.8783003
6677.38  0.7985384
6677.81  0.7322494
6678.24  0.7113183
6678.67  0.7442352
6679.10  0.8123507
6679.53  0.8853896
6679.96  0.9360783
6680.39  0.9626737
6680.82  0.9736817
6681.25  0.9787199
6681.68  0.9803067
6682.11  0.9783735
6682.54  0.9797047
6682.97  0.9830834
6683.39  0.9844421
6683.82  0.9837954
6684.25  0.9842712
6684.68  0.9831572
6685.11  0.9835195
6685.54  0.9852462
6685.97  0.986228
6686.40  0.9870803
6686.83  0.9910031
6687.26  0.990806
6687.69  0.9893923
6688.12  0.9943528
6688.55  0.9921234
6688.98  0.9903735
6689.40  0.9906663
6689.83  0.9938092
6690.26  0.9927711
6690.69  0.9949402
6691.12  0.9957107
6691.55  0.9938216
6691.98  0.9918037
6692.41  0.9894229
6692.84  0.990656
6693.27  0.9913365
6693.70  0.9929832
6694.13  0.9936095
6694.56  0.9912887
6694.99  0.9917881
6695.42  0.996119
6695.84  0.9982708
6696.27  0.9963619
6696.70  0.9962843
6697.13  0.9946568
6697.56  0.9951587
6697.99  0.9962175
6698.42  0.9980679
6698.85  1.001159
6699.28  1.002366
6699.71  1.000071
6700.14  0.9987986
6700.57  1.000769
6701.00  0.999655
6701.43  0.9975801
6701.85  0.9974225
6702.28  1.000296
6702.71  1.000215
6703.14  0.999972
6703.57  0.9971057
6704.00  0.9925278
6704.43  0.992949
6704.86  0.9936281
6705.29  0.9947582
6705.72  0.9960976
6706.15  0.9917318
6706.58  0.9910849
6707.01  0.9960267
6707.44  0.9974878
6707.86  0.9934186
6708.29  0.9883256
6708.72  0.9893464
6709.15  0.9877208
6709.58  0.9890836
6710.01  0.9889138
6710.44  0.9866967
6710.87  0.986411
6711.30  0.9886261
6711.73  0.9910708
6712.16  0.9892784
6712.59  0.9886966
6713.02  0.9893461
6713.45  0.9891984
6713.87  0.9915985
6714.30  0.9935255
6714.73  0.9944627
6715.16  0.9948882
6715.59  0.9981176
6716.02  0.9943247
6716.45  0.9916117
6716.88  0.9927261
6717.31  0.9932375
6717.74  0.9942531
6718.17  0.9959416
6718.60  0.9967808
6719.03  0.9970689
6719.46  0.9934089
6719.88  0.9875757
6720.31  0.9845696
6720.74  0.9831935
6721.17  0.9831178
6721.60  0.9853173
6722.03  0.9870698
6722.46  0.9909155
6722.89  0.9915318
6723.32  0.9896326
6723.75  0.9897872
6724.18  0.9885898
6724.61  0.9893861
6725.04  0.9904931
6725.47  0.990166
6725.89  0.9913229
6726.32  0.9888694
6726.75  0.9887313
6727.18  0.986161
6727.61  0.9843742
6728.04  0.9861444
6728.47  0.9872612
6728.90  0.9885293
6729.33  0.9917887
6729.76  0.9920573
6730.19  0.9918715
6730.62  0.992956
6731.05  0.993911
6731.48  0.9909747
6731.91  0.9909372
6732.33  0.991947
6732.76  0.991004
6733.19  0.9924971
6733.62  0.9928222
6734.05  0.9865947
6734.48  0.9879701
6734.91  0.9903654
6735.34  0.9924822
6735.77  0.9950114
6736.20  0.9941936
6736.63  0.9917549
6737.06  0.9914802
6737.49  0.9927858
6737.92  0.9932051
6738.34  0.9947528
6738.77  0.9932554
6739.20  0.9905277
6739.63  0.9910946
6740.06  0.9928098
6740.49  0.9917268
6740.92  0.9929434
6741.35  0.9966891
6741.78  0.9953219
6742.21  0.9948049
6742.64  0.9944784
6743.07  0.994437
6743.50  0.9927777
6743.93  0.9975043
6744.35  0.9980597
6744.78  0.9983743
6745.21  0.9996571
6745.64  0.9991115
6746.07  0.9996294
6746.50  1.001023
6746.93  1.002637
6747.36  0.9976692
6747.79  0.9988325
6748.22  0.9997979
6748.65  0.9962562
6749.08  0.9995231
6749.51  1.000505
6749.94  0.9995537
6750.36  0.9966909
6750.79  0.993898
6751.22  0.9946623
6751.65  0.945739
