3945.44  0.9680775
3946.01  0.9889187
3946.58  0.990983
3947.15  0.9937515
3947.72  0.997415
3948.29  1.001386
3948.86  1.004632
3949.43  1.007037
3950.00  1.002628
3950.57  1.002859
3951.14  0.999549
3951.71  0.9979067
3952.28  0.992848
3952.85  0.9891991
3953.42  0.9853883
3953.99  0.9719511
3954.56  0.9623631
3955.13  0.9627584
3955.70  0.9632499
3956.27  0.964882
3956.84  0.9760347
3957.41  0.9850954
3957.98  0.9842141
3958.55  0.9822363
3959.12  0.9806958
3959.69  0.9747716
3960.26  0.9717581
3960.83  0.9641141
3961.40  0.9571815
3961.97  0.9510743
3962.54  0.9335231
3963.11  0.9137287
3963.68  0.8809257
3964.25  0.8378236
3964.82  0.8024259
3965.39  0.7888044
3965.96  0.7962479
3966.53  0.7907833
3967.10  0.759436
3967.67  0.7138635
3968.24  0.6662992
3968.81  0.6125326
3969.38  0.5685424
3969.95  0.5409957
3970.52  0.5423114
3971.09  0.5784397
3971.66  0.6338359
3972.23  0.6839415
3972.80  0.7249966
3973.37  0.7611844
3973.94  0.795059
3974.51  0.832389
3975.08  0.8631324
3975.65  0.8849882
3976.22  0.9069513
3976.79  0.9216871
3977.36  0.9327475
3977.93  0.9416012
3978.50  0.948938
3979.07  0.9583506
3979.64  0.9620922
3980.21  0.9642502
3980.78  0.9727876
3981.35  0.977454
3981.92  0.9773715
3982.49  0.9686878
3983.06  0.9672244
3983.63  0.9748275
3984.20  0.9817543
3984.77  0.9867564
3985.34  0.9939581
3985.91  0.9957194
3986.48  0.9951394
3987.05  0.9976372
3987.62  1.000184
3988.19  0.9976313
3988.76  0.9996542
3989.33  1.00083
3989.90  1.002842
3990.47  1.002688
3991.04  0.9991978
3991.61  0.9992654
3992.18  1.001506
3992.75  0.9999025
3993.32  0.99427
3993.89  0.9814523
3994.46  0.9647442
3995.03  0.9454631
3995.60  0.9452934
3996.17  0.9716949
3996.74  0.9986112
3997.31  1.00103
3997.88  1.00229
3998.45  1.000689
3999.02  0.9946514
3999.59  0.9976271
4000.16  1.001109
4000.73  1.000011
4001.30  0.996662
4001.87  1.000068
4002.44  1.00137
4003.01  1.000472
4003.58  0.9945047
4004.15  0.9903828
4004.72  0.9880566
4005.29  0.9822382
4005.86  0.9768383
4006.43  0.9704744
4007.00  0.9581801
4007.58  0.9359921
4008.15  0.9023826
4008.72  0.8536554
4009.29  0.8138043
4009.86  0.8099135
4010.43  0.8549134
4011.00  0.9139542
4011.57  0.9538764
4012.14  0.9717323
4012.71  0.9864104
4013.28  0.9955189
4013.85  0.9957309
4014.42  0.9963873
4014.99  0.9957458
4015.56  0.9956008
4016.13  0.9951143
4016.70  0.9962534
4017.27  0.996147
4017.84  0.9944521
4018.41  0.9936541
4018.98  0.9957991
4019.55  0.9949599
4020.12  0.990829
4020.69  0.9897947
4021.26  0.9839575
4021.83  0.9749867
4022.40  0.9600234
4022.97  0.9435044
4023.54  0.9194965
4024.11  0.8777526
4024.68  0.8233414
4025.25  0.7604927
4025.82  0.7013481
4026.39  0.6683937
4026.96  0.7009707
4027.53  0.7851729
4028.10  0.8662615
4028.67  0.9177723
4029.24  0.9414337
4029.81  0.9682909
4030.38  0.9805273
4030.95  0.9886602
4031.52  0.9955294
4032.09  0.9932327
4032.66  0.9899047
4033.23  0.9933487
4033.80  0.9916478
4034.37  0.9870868
4034.94  0.9779122
4035.51  0.971092
4036.08  0.9783394
4036.65  0.9924036
4037.22  0.9983371
4037.79  0.9982319
4038.36  0.9992581
4038.93  1.000338
4039.50  0.9950935
4040.07  0.992596
4040.64  0.9860546
4041.21  0.9786035
4041.78  0.9720067
4042.35  0.9782559
4042.92  0.9865895
4043.49  0.9849057
4044.06  0.9818246
4044.63  0.9879065
4045.20  0.9940798
4045.77  0.9971411
4046.34  1.005969
4046.91  1.013216
4047.48  1.010721
4048.05  1.006733
4048.62  1.003081
4049.19  1.005607
4049.76  1.00863
4050.33  1.009932
4050.90  1.010079
4051.47  1.008511
4052.04  1.005884
4052.61  1.006555
4053.18  1.000384
4053.75  0.9951376
4054.32  0.9971543
4054.89  0.9993733
4055.46  1.002477
4056.03  1.004183
4056.60  1.004111
4057.17  1.001446
4057.74  1.000353
4058.31  1.001871
4058.88  1.003446
4059.45  1.000713
4060.02  0.9978533
4060.59  0.9941959
4061.16  0.9902307
4061.73  0.9951209
4062.30  0.9997771
4062.87  0.9990427
4063.44  0.9995908
4064.01  0.9991187
4064.58  1.003105
4065.15  1.006716
4065.72  1.009588
4066.29  1.007634
4066.86  1.011742
4067.43  1.01254
4068.00  1.010362
4068.57  1.00054
4069.14  0.9834448
4069.71  0.9599193
4070.28  0.9482757
4070.85  0.9627844
4071.42  0.9770339
4071.99  0.9699907
4072.56  0.958868
4073.13  0.9691558
4073.70  0.9825761
4074.27  0.9887952
4074.84  0.974305
4075.41  0.9574713
4075.98  0.947316
4076.55  0.9493156
4077.12  0.9735733
4077.69  0.9939486
4078.26  1.002024
4078.83  0.9990277
4079.40  0.9908938
4079.97  0.9918482
4080.54  0.9971562
4081.11  0.9946486
4081.68  0.9953085
4082.25  0.9942651
4082.82  0.9898643
4083.39  0.9891782
4083.96  0.9870875
4084.53  0.980428
4085.10  0.9720125
4085.67  0.9745767
4086.24  0.9824448
4086.81  0.9845157
4087.38  0.9774916
4087.95  0.9713691
4088.52  0.97014
4089.09  0.9599074
4089.66  0.9534147
4090.23  0.9585881
4090.80  0.965592
4091.37  0.9654068
4091.94  0.964064
4092.51  0.9559172
4093.08  0.9446661
4093.65  0.9361025
4094.22  0.9299829
4094.79  0.9214746
4095.36  0.9093658
4095.93  0.8901861
4096.50  0.8672522
4097.07  0.8480957
4097.64  0.8276601
4098.21  0.8037385
4098.78  0.7746868
4099.35  0.7374607
4099.92  0.6939822
4100.49  0.6422381
4101.06  0.5863501
4101.63  0.5366377
4102.20  0.5183505
4102.77  0.5471834
4103.34  0.6055937
4103.91  0.6604794
4104.48  0.7046118
4105.05  0.7424715
4105.62  0.7779029
4106.19  0.8123507
4106.76  0.8437539
4107.33  0.8682406
4107.90  0.8887069
4108.47  0.9028335
4109.04  0.9140685
4109.61  0.9235861
4110.18  0.9330201
4110.75  0.9363789
4111.32  0.9400132
4111.89  0.9444119
4112.46  0.9487012
4113.03  0.9580199
4113.60  0.9679924
4114.17  0.9729585
4114.74  0.9770271
4115.31  0.9789143
4115.88  0.9774134
4116.45  0.9775707
4117.02  0.9817433
4117.59  0.9855899
4118.16  0.9810134
4118.73  0.9683701
4119.30  0.9465215
4119.87  0.9190168
4120.44  0.8900187
4121.01  0.8543874
4121.58  0.858043
4122.15  0.9056224
4122.72  0.9520655
4123.29  0.9765091
4123.86  0.9861786
4124.43  0.9936377
4125.00  0.9983045
4125.57  1.001387
4126.14  0.9994614
4126.72  0.9991001
4127.29  0.9933698
4127.86  0.9815918
4128.43  0.9730397
4129.00  0.9742768
4129.57  0.983886
4130.14  0.9844704
4130.71  0.9765652
4131.28  0.9682067
4131.85  0.9676118
4132.42  0.9703957
4132.99  0.9722695
4133.56  0.9778409
4134.13  0.9865848
4134.70  0.9944633
4135.27  0.9985653
4135.84  1.000587
4136.41  1.00195
4136.98  0.9940057
4137.55  0.9877622
4138.12  0.982777
4138.69  0.9799904
4139.26  0.9813541
4139.83  0.9761655
4140.40  0.9681516
4140.97  0.9591203
4141.54  0.9523349
4142.11  0.9366515
4142.68  0.9026263
4143.25  0.843365
4143.82  0.7746065
4144.39  0.7539917
4144.96  0.8019795
4145.53  0.8719301
4146.10  0.9217612
4146.67  0.9502867
4147.24  0.9685126
4147.81  0.9825217
4148.38  0.9897475
4148.95  0.9909368
4149.52  0.9868053
4150.09  0.9817084
4150.66  0.9781623
4151.23  0.9854751
4151.80  0.991933
4152.37  0.9890586
4152.94  0.9793549
4153.51  0.9622468
4154.08  0.9624069
4154.65  0.9765912
4155.22  0.9858795
4155.79  0.9905272
4156.36  0.9897497
4156.93  0.9844083
4157.50  0.9886671
4158.07  0.9965431
4158.64  0.9976757
4159.21  1.000384
4159.78  1.002298
4160.35  1.001095
4160.92  0.9992328
4161.49  0.9969766
4162.06  0.9941669
4162.63  0.9874044
4163.20  0.9846381
4163.77  0.9864321
4164.34  0.9842405
4164.91  0.9767683
4165.48  0.9724311
4166.05  0.9806725
4166.62  0.9855362
4167.19  0.9844748
4167.76  0.984988
4168.33  0.9755514
4168.90  0.9546277
4169.47  0.9394593
4170.04  0.9525211
4170.61  0.9765416
4171.18  0.9881472
4171.75  0.9856219
4172.32  0.9870249
4172.89  0.9917235
4173.46  0.9879077
4174.03  0.9826398
4174.60  0.9804387
4175.17  0.9825779
4175.74  0.9852189
4176.31  0.9792235
4176.88  0.9779642
4177.45  0.9847047
4178.02  0.9921677
4178.59  0.9942894
4179.16  0.9894585
4179.73  0.9852595
4180.30  0.984419
4180.87  0.9882484
4181.44  0.9917582
4182.01  0.9940217
4182.58  0.9975365
4183.15  0.9973029
4183.72  0.9963877
4184.29  0.9962152
4184.86  0.989262
4185.43  0.9822441
4186.00  0.9800413
4186.57  0.9847336
4187.14  0.9925748
4187.71  0.9974039
4188.28  0.9966208
4188.85  0.9930032
4189.42  0.9841825
4189.99  0.974403
4190.56  0.9738989
4191.13  0.9866624
4191.70  0.9964105
4192.27  0.9978434
4192.84  0.9976268
4193.41  0.9981039
4193.98  0.9971293
4194.55  0.9962062
4195.12  0.996801
4195.69  0.9938983
4196.26  0.9930505
4196.83  0.9926178
4197.40  0.9942368
4197.97  0.9966362
4198.54  0.9977055
4199.11  0.9967761
4199.68  0.9942583
4200.25  0.9871058
4200.82  0.9897704
4201.39  0.9933221
4201.96  0.9957196
4202.53  0.999898
4203.10  0.9995173
4203.67  0.998373
4204.24  0.9984782
4204.81  0.9998523
4205.38  0.9985721
4205.95  0.9964656
4206.52  0.9945952
4207.09  0.9963959
4207.66  0.9953343
4208.23  0.9963876
4208.80  0.9960475
4209.37  0.9983437
4209.94  1.003006
4210.51  0.9978873
4211.08  0.9986722
4211.65  1.000712
4212.22  0.9982835
4212.79  0.9981279
4213.36  0.998624
4213.93  1.000358
4214.50  1.002114
4215.07  0.9996212
4215.64  0.9979789
4216.21  0.9987431
4216.78  0.9990748
4217.35  0.9982297
4217.92  0.998719
4218.49  1.000203
4219.06  0.9995613
4219.63  0.9973827
4220.20  0.9989332
4220.77  0.9980999
4221.34  0.9957107
4221.91  0.9917051
4222.48  0.9869798
4223.05  0.9880974
4223.62  0.9947661
4224.19  1.001271
4224.76  1.001118
4225.33  1.002611
4225.90  1.00174
4226.47  1.000051
4227.04  0.9973683
4227.61  0.9887436
4228.18  0.9801061
4228.75  0.9875727
4229.32  0.9967777
4229.89  1.000381
4230.46  0.999815
4231.03  1.000705
4231.60  0.9993719
4232.17  0.9993836
4232.74  1.00341
4233.31  1.002815
4233.88  1.003024
4234.45  1.001962
4235.02  1.000122
4235.59  0.9978561
4236.16  0.9913834
4236.73  0.9834445
4237.30  0.9704524
4237.87  0.9727053
4238.44  0.9852866
4239.01  0.9944369
4239.58  0.9993516
4240.15  0.9992927
4240.72  0.9958591
4241.29  0.9821827
4241.86  0.968042
4242.43  0.9627194
4243.00  0.9769317
4243.57  0.9917363
4244.14  0.9972227
4244.71  1.001429
4245.29  1.001724
4245.86  1.000816
4246.43  1.000666
4247.00  0.9977329
4247.57  0.9993751
4248.14  1.001255
4248.71  0.9977444
4249.28  0.9991411
4249.85  0.9994884
4250.42  1.001593
4250.99  1.004286
4251.56  1.004157
4252.13  1.003826
4252.70  0.9990777
4253.27  0.9828503
4253.84  0.969441
4254.41  0.9645693
4254.98  0.9789006
4255.55  0.9940328
4256.12  1.003071
4256.69  1.00586
4257.26  1.003962
4257.83  1.001463
4258.40  1.000117
4258.97  1.002795
4259.54  1.005031
4260.11  1.005344
4260.68  1.003172
4261.25  1.004405
4261.82  1.004237
4262.39  1.004202
4262.96  1.005147
4263.53  1.006136
4264.10  1.004096
4264.67  1.00392
4265.24  1.003313
4265.81  0.9963694
4266.38  0.9781455
4266.95  0.9321669
4267.52  0.8958396
4268.09  0.9086154
4268.66  0.9557139
4269.23  0.9900467
4269.80  0.998981
4270.37  0.9994733
4270.94  1.001868
4271.51  1.003826
4272.08  1.006353
4272.65  1.003346
4273.22  0.9972011
4273.79  0.9961565
4274.36  0.9965377
4274.93  0.9923572
4275.50  0.9847672
4276.07  0.9738613
4276.64  0.9709796
4277.21  0.9723157
4277.78  0.9768566
4278.35  0.9822381
4278.92  0.9904382
4279.49  0.9963182
4280.06  1.000531
4280.63  1.000151
4281.20  0.9979228
4281.77  0.9948358
4282.34  0.9957132
4282.91  0.9901989
4283.48  0.983906
4284.05  0.9820005
4284.62  0.982065
4285.19  0.9758837
4285.76  0.968246
4286.33  0.9726738
4286.90  0.986236
4287.47  0.9950481
4288.04  0.9993869
4288.61  0.9988686
4289.18  0.9980457
4289.75  0.9981511
4290.32  1.00141
4290.89  0.996132
4291.46  0.9919863
4292.03  0.9886385
4292.60  0.9899812
4293.17  0.9967332
4293.74  0.9953956
4294.31  0.9930332
4294.88  0.9830993
4295.45  0.9854537
4296.02  0.9877651
4296.59  0.995057
4297.16  0.995887
4297.73  0.9959262
4298.30  1.00131
4298.87  1.003491
4299.44  1.006474
4300.01  1.006563
4300.58  1.007159
4301.15  1.006483
4301.72  1.006297
4302.29  1.000002
4302.86  0.9962885
4303.43  0.989909
4304.00  0.9814967
4304.57  0.9770861
4305.14  0.9819499
4305.71  0.9888692
4306.28  0.9935187
4306.85  0.9974534
4307.42  0.9944558
4307.99  0.9927881
4308.56  0.9964263
4309.13  0.9964086
4309.70  0.9943241
4310.27  0.9900882
4310.84  0.9868733
4311.41  0.9907557
4311.98  0.9937669
4312.55  0.9934288
4313.12  0.9906195
4313.69  0.9906752
4314.26  0.9890587
4314.83  0.9936705
4315.40  0.9921892
4315.97  0.9867214
4316.54  0.9797384
4317.11  0.9640464
4317.68  0.9554885
4318.25  0.9646049
4318.82  0.9712464
4319.39  0.9652036
4319.96  0.9574524
4320.53  0.9611111
4321.10  0.9736433
4321.67  0.9862396
4322.24  0.9874029
4322.81  0.9888691
4323.38  0.9866845
4323.95  0.9862738
4324.52  0.9858702
4325.09  0.9815173
4325.66  0.9738473
4326.23  0.9675801
4326.80  0.9650915
4327.37  0.965709
4327.94  0.9645359
4328.51  0.9621255
4329.08  0.9609041
4329.65  0.95926
4330.22  0.9518076
4330.79  0.9460229
4331.36  0.9403464
4331.93  0.9315771
4332.50  0.9233963
4333.07  0.9171022
4333.64  0.9117318
4334.21  0.9012407
4334.78  0.892538
4335.35  0.8778301
4335.92  0.8585331
4336.49  0.8330364
4337.06  0.8046043
4337.63  0.7718762
4338.20  0.7386543
4338.77  0.6989967
4339.34  0.6517109
4339.91  0.5921214
4340.48  0.5367471
4341.05  0.5197679
4341.62  0.5535687
4342.19  0.614449
4342.76  0.6702394
4343.33  0.7177948
4343.90  0.7573318
4344.47  0.7877961
4345.04  0.8102505
4345.61  0.8285553
4346.18  0.8461728
4346.75  0.8654876
4347.32  0.8789757
4347.89  0.884804
4348.46  0.8899055
4349.03  0.8933921
4349.60  0.8888782
4350.17  0.8967503
4350.74  0.9149736
4351.31  0.9232264
4351.88  0.9277034
4352.45  0.9366615
4353.02  0.9502011
4353.59  0.9602432
4354.16  0.9644567
4354.73  0.9674944
4355.30  0.9711626
4355.87  0.978462
4356.44  0.9823422
4357.01  0.98132
4357.58  0.9803566
4358.15  0.983455
4358.72  0.9837375
4359.29  0.9844677
4359.86  0.9881818
4360.43  0.9878826
4361.00  0.9840876
4361.57  0.9809092
4362.14  0.9796326
4362.71  0.9842905
4363.28  0.9892867
4363.85  0.9910241
4364.43  0.9894441
4365.00  0.985564
4365.57  0.9828541
4366.14  0.976923
4366.71  0.9652888
4367.28  0.9589588
4367.85  0.9674238
4368.42  0.9779082
4368.99  0.9842331
4369.56  0.9871421
4370.13  0.9858316
4370.70  0.9858147
4371.27  0.9823279
4371.84  0.9714089
4372.41  0.9590527
4372.98  0.9591176
4373.55  0.9697518
4374.12  0.9784745
4374.69  0.9830758
4375.26  0.9866738
4375.83  0.9921236
4376.40  0.9956456
4376.97  0.9959429
4377.54  0.993274
4378.11  0.9912322
4378.68  0.9894413
4379.25  0.9902255
4379.82  0.9919095
4380.39  0.9909552
4380.96  0.9924871
4381.53  0.9938533
4382.10  0.9901728
4382.67  0.9846472
4383.24  0.9800639
4383.81  0.9792006
4384.38  0.9817616
4384.95  0.9796215
4385.52  0.9728263
4386.09  0.9567956
4386.66  0.9201666
4387.23  0.8550537
4387.80  0.778107
4388.37  0.7420503
4388.94  0.7769212
4389.51  0.8503495
4390.08  0.9114804
4390.65  0.9490639
4391.22  0.9667342
4391.79  0.9751874
4392.36  0.9828389
4392.93  0.988391
4393.50  0.9906656
4394.07  0.9937328
4394.64  0.9916502
4395.21  0.9870792
4395.78  0.9792331
4396.35  0.9731439
4396.92  0.9780725
4397.49  0.9880466
4398.06  0.9953066
4398.63  0.9983009
4399.20  0.9970541
4399.77  0.998904
4400.34  0.9943351
4400.91  0.9933388
4401.48  0.9946962
4402.05  0.9966206
4402.62  0.9971915
4403.19  0.9964777
4403.76  0.9958612
4404.33  0.993562
4404.90  0.9961583
4405.47  0.9947718
4406.04  0.9958964
4406.61  0.9964783
4407.18  0.995961
4407.75  0.9968687
4408.32  0.9978225
4408.89  0.9967191
4409.46  0.9935263
4410.03  0.9899384
4410.60  0.9842083
4411.17  0.980841
4411.74  0.9770318
4412.31  0.9817681
4412.88  0.9884033
4413.45  0.9926177
4414.02  0.9870093
4414.59  0.9669334
4415.16  0.9518964
4415.73  0.9536394
4416.30  0.9611477
4416.87  0.9583251
4417.44  0.9544749
4418.01  0.9641697
4418.58  0.980015
4419.15  0.9818316
4419.72  0.9774505
4420.29  0.9777618
4420.86  0.98615
4421.43  0.9944342
4422.00  0.9962559
4422.57  0.9988365
4423.14  1.000625
4423.71  1.000922
4424.28  1.000361
4424.85  0.9994187
4425.42  0.9928567
4425.99  0.9867228
4426.56  0.9830467
4427.13  0.9825802
4427.70  0.9823108
4428.27  0.9810449
4428.84  0.9870438
4429.41  0.9886572
4429.98  0.9883419
4430.55  0.9858155
4431.12  0.978015
4431.69  0.9748469
4432.26  0.9714893
4432.83  0.9679042
4433.40  0.9675297
4433.97  0.9722154
4434.54  0.9822715
4435.11  0.9925986
4435.68  0.9937479
4436.25  0.9907806
4436.82  0.9745343
4437.39  0.9507036
4437.96  0.931125
4438.53  0.9435588
4439.10  0.9695392
4439.67  0.986196
4440.24  0.991891
4440.81  0.991651
4441.38  0.9896621
4441.95  0.9885569
4442.52  0.983731
4443.09  0.9844094
4443.66  0.988651
4444.23  0.9931913
4444.80  0.9976944
4445.37  0.9975514
4445.94  0.9917912
4446.51  0.9793001
4447.08  0.9646134
4447.65  0.958569
4448.22  0.9654658
4448.79  0.9772363
4449.36  0.9876767
4449.93  0.994153
4450.50  0.9946642
4451.07  0.9958509
4451.64  0.9932457
4452.21  0.9852433
4452.78  0.9809679
4453.35  0.9859502
4453.92  0.9928235
4454.49  0.9965134
4455.06  0.9968833
4455.63  0.9969878
4456.20  0.9959098
4456.77  0.997593
4457.34  0.9971553
4457.91  0.9960306
4458.48  0.9958324
4459.05  0.9983011
4459.62  0.9966754
4460.19  0.9967697
4460.76  0.9970919
4461.33  0.9959624
4461.90  0.9978281
4462.47  0.9940965
4463.04  0.9908091
4463.61  0.9879683
4464.18  0.983781
4464.75  0.9832882
4465.32  0.9804568
4465.89  0.9748342
4466.46  0.9688972
4467.03  0.9661855
4467.60  0.9589084
4468.17  0.9475371
4468.74  0.9321075
4469.31  0.8986863
4469.88  0.8565786
4470.45  0.8075202
4471.02  0.744968
4471.59  0.6928902
4472.16  0.694528
4472.73  0.7579344
4473.30  0.8406215
4473.87  0.903608
4474.44  0.9385795
4475.01  0.9576021
4475.58  0.9725692
4476.15  0.9805999
4476.72  0.982017
4477.29  0.983405
4477.86  0.9810151
4478.43  0.979754
4479.00  0.9807844
4479.57  0.9727539
4480.14  0.9547018
4480.71  0.9294542
4481.28  0.9052859
4481.85  0.9060532
4482.42  0.9381903
4482.99  0.973535
4483.57  0.9884228
4484.14  0.9938941
4484.71  0.995304
4485.28  0.9977762
4485.85  0.9990809
4486.42  0.9956711
4486.99  0.9964657
4487.56  0.9952584
4488.13  0.993495
4488.70  0.9926624
4489.27  0.9923392
4489.84  0.9947219
4490.41  0.9941158
4490.98  0.9914509
4491.55  0.9904076
4492.12  0.9909137
4492.69  0.9956358
4493.26  0.9985515
4493.83  1.000102
4494.40  1.000471
4494.97  1.001957
4495.54  1.002326
4496.11  1.002979
4496.68  1.003369
4497.25  1.002581
4497.82  1.002012
4498.39  1.001798
4498.96  1.000689
4499.53  0.9993725
4500.10  0.9991212
4500.67  0.9991229
4501.24  1.002287
4501.81  1.003429
4502.38  1.001652
4502.95  1.00185
4503.52  1.000975
4504.09  1.001251
4504.66  1.002496
4505.23  1.001075
4505.80  0.9985268
4506.37  0.9974276
4506.94  0.9945114
4507.51  0.9925566
4508.08  0.991151
4508.65  0.9923796
4509.22  0.99388
4509.79  0.9990618
4510.36  1.001011
4510.93  0.998228
4511.50  0.9955404
4512.07  0.9908127
4512.64  0.9801853
4513.21  0.9758582
4513.78  0.987771
4514.35  0.9966102
4514.92  0.9965076
4515.49  0.9997567
4516.06  0.9997931
4516.63  1.00076
4517.20  0.9998734
4517.77  0.9993697
4518.34  0.9992136
4518.91  1.000284
4519.48  1.000619
4520.05  0.9994264
4520.62  0.9964349
4521.19  0.9970209
4521.76  0.9979739
4522.33  1.000666
4522.90  0.9997137
4523.47  0.9975485
4524.04  0.996219
4524.61  0.9947941
4525.18  0.990774
4525.75  0.9948707
4526.32  0.9945783
4526.89  0.9965529
4527.46  0.994987
4528.03  0.9903795
4528.60  0.9776825
4529.17  0.9613725
4529.74  0.9519565
4530.31  0.9580752
4530.88  0.9672316
4531.45  0.9783928
4532.02  0.9919208
4532.59  0.9961498
4533.16  0.998284
4533.73  0.9997698
4534.30  0.9996378
4534.87  0.9995524
4535.44  1.000898
4536.01  1.000143
4536.58  0.9990559
4537.15  1.002287
4537.72  1.002168
4538.29  1.000357
4538.86  0.9989294
4539.43  1.000847
4540.00  1.000967
4540.57  0.9993751
4541.14  0.9996639
4541.71  0.9989572
4542.28  1.000774
4542.85  0.999121
4543.42  0.999442
4543.99  1.000959
4544.56  0.9978209
4545.13  0.9948869
4545.70  0.9953977
4546.27  0.9967811
4546.84  0.9983023
4547.41  0.9996511
4547.98  0.9984592
4548.55  0.9974205
4549.12  0.9965448
4549.69  0.996252
4550.26  0.9958321
4550.83  0.9921192
4551.40  0.9816957
4551.97  0.9538537
4552.54  0.9179944
4553.11  0.9060475
4553.68  0.9276204
4554.25  0.962421
4554.82  0.9854527
4555.39  0.9933494
4555.96  0.9969023
4556.53  0.9982509
4557.10  0.9969934
4557.67  0.994104
4558.24  0.9938156
4558.81  0.9950723
4559.38  0.9976619
4559.95  1.001194
4560.52  0.9991828
4561.09  0.9978273
4561.66  0.9992308
4562.23  0.9994892
4562.80  0.9975764
4563.37  0.9973643
4563.94  0.9974288
4564.51  0.9979535
4565.08  0.994719
4565.65  0.9947464
4566.22  0.9934608
4566.79  0.9819271
4567.36  0.9545879
4567.93  0.9273674
4568.50  0.9261229
4569.07  0.9519139
4569.64  0.978
4570.21  0.9918377
4570.78  0.994088
4571.35  0.9951627
4571.92  0.9967031
4572.49  0.9966878
4573.06  0.9933822
4573.63  0.9868866
4574.20  0.9719447
4574.77  0.9526976
4575.34  0.9485497
4575.91  0.9636912
4576.48  0.9838592
4577.05  0.9926171
4577.62  0.99525
4578.19  0.9970896
4578.76  0.9954376
4579.33  0.9941522
4579.90  0.9942889
4580.47  0.9946288
4581.04  0.997318
4581.61  0.9952839
4582.18  0.996456
4582.75  0.9943871
4583.32  0.9962962
4583.89  0.9965085
4584.46  0.9943594
4585.03  0.9965037
4585.60  0.995039
4586.17  0.9933178
4586.74  0.9945406
4587.31  0.9944556
4587.88  0.9954906
4588.45  0.9962909
4589.02  0.996425
4589.59  0.989283
4590.16  0.9812455
4590.73  0.9722245
4591.30  0.9682055
4591.87  0.9734724
4592.44  0.9852616
4593.01  0.9924632
4593.58  0.9944754
4594.15  0.9948179
4594.72  0.9927711
4595.29  0.9875041
4595.86  0.9756495
4596.43  0.9657021
4597.00  0.9705588
4597.57  0.9843383
4598.14  0.9906008
4598.71  0.9936188
4599.28  0.995313
4599.85  0.9920618
4600.42  0.9879041
4600.99  0.9735506
4601.56  0.9551281
4602.13  0.9506555
4602.71  0.9628754
4603.28  0.9792894
4603.85  0.9893727
4604.42  0.9924273
4604.99  0.9942902
4605.56  0.9932324
4606.13  0.9877901
4606.70  0.9760509
4607.27  0.9609659
4607.84  0.9590135
4608.41  0.9692293
4608.98  0.9759742
4609.55  0.9758158
4610.12  0.9751082
4610.69  0.9792594
4611.26  0.9862689
4611.83  0.9907163
4612.40  0.9920018
4612.97  0.9860706
4613.54  0.9701438
4614.11  0.9616619
4614.68  0.9669589
4615.25  0.9809161
4615.82  0.9899741
4616.39  0.988319
4616.96  0.989252
4617.53  0.9883692
4618.10  0.9824496
4618.67  0.976229
4619.24  0.9712702
4619.81  0.9686921
4620.38  0.9659608
4620.95  0.9604999
4621.52  0.956787
4622.09  0.9641131
4622.66  0.9780734
4623.23  0.9873824
4623.80  0.9910305
4624.37  0.993802
4624.94  0.9954817
4625.51  0.9951205
4626.08  0.9920445
4626.65  0.9907518
4627.22  0.9920661
4627.79  0.9936341
4628.36  0.9929593
4628.93  0.9901541
4629.50  0.9794298
4630.07  0.9578957
4630.64  0.9390902
4631.21  0.9406455
4631.78  0.9594365
4632.35  0.9822388
4632.92  0.9925709
4633.49  0.9945711
4634.06  0.9967521
4634.63  0.9945025
4635.20  0.9936226
4635.77  0.9953138
4636.34  0.9944596
4636.91  0.9924276
4637.48  0.9882149
4638.05  0.9808566
4638.62  0.9680601
4639.19  0.9595268
4639.76  0.9642324
4640.33  0.9776467
4640.90  0.9770163
4641.47  0.9589307
4642.04  0.9388383
4642.61  0.928882
4643.18  0.9368992
4643.75  0.9521903
4644.32  0.9745978
4644.89  0.9871539
4645.46  0.9947546
4646.03  0.9963964
4646.60  0.9944066
4647.17  0.9887544
4647.74  0.9781227
4648.31  0.9632293
4648.88  0.9431214
4649.45  0.9263649
4650.02  0.9304911
4650.59  0.940405
4651.16  0.9494686
4651.73  0.9637231
4652.30  0.9816615
4652.87  0.9921337
4653.44  0.9971842
4654.01  0.9950249
4654.58  0.9929338
4655.15  0.9918491
4655.72  0.9941705
4656.29  0.9962664
4656.86  0.9969601
4657.43  0.9968405
4658.00  0.9974507
4658.57  0.9971867
4659.14  0.997027
4659.71  0.9978842
4660.28  0.9965933
4660.85  0.9862001
4661.42  0.9708527
4661.99  0.9640053
4662.56  0.9710021
4663.13  0.9838966
4663.70  0.9949599
4664.27  0.9989094
4664.84  0.9982088
4665.41  0.9966429
4665.98  0.9959627
4666.55  0.9968284
4667.12  0.9945093
4667.69  0.9932305
4668.26  0.9918137
4668.83  0.9929832
4669.40  0.994611
4669.97  0.9964607
4670.54  0.9976835
4671.11  0.9998751
4671.68  1.000348
4672.25  0.9999197
4672.82  0.997067
4673.39  0.9917396
4673.96  0.9884679
4674.53  0.9855281
4675.10  0.9832755
4675.67  0.9777852
4676.24  0.9701477
4676.81  0.9687738
4677.38  0.9749439
4677.95  0.9781891
4678.52  0.9841118
4679.09  0.9933766
4679.66  0.9971012
4680.23  0.9974461
4680.80  0.9982013
4681.37  0.9992329
4681.94  1.00137
4682.51  0.9996571
4683.08  0.9974675
4683.65  0.9983124
4684.22  0.9995288
4684.79  1.00006
4685.36  1.001346
4685.93  1.000293
4686.50  0.9972922
4687.07  0.9993449
4687.64  1.001925
4688.21  1.002087
4688.78  1.003461
4689.35  1.003603
4689.92  1.001584
4690.49  0.9984695
4691.06  0.9998975
4691.63  1.000231
4692.20  0.9989462
4692.77  1.000498
4693.34  0.9995975
4693.91  0.9970764
4694.48  0.9943477
4695.05  0.9891968
4695.62  0.9891736
4696.19  0.9904369
4696.76  0.9912723
4697.33  0.9956183
4697.90  0.9963759
4698.47  0.9888307
4699.04  0.9795014
4699.61  0.9770169
4700.18  0.9810968
4700.75  0.9879302
4701.32  0.9922696
4701.89  0.9930859
4702.46  0.9956765
4703.03  0.9947043
4703.60  0.9900523
4704.17  0.9898263
4704.74  0.9875768
4705.31  0.9769911
4705.88  0.974814
4706.45  0.9842281
4707.02  0.9940938
4707.59  0.9983033
4708.16  0.9994731
4708.73  0.9985451
4709.30  0.991984
4709.87  0.9886725
4710.44  0.9868847
4711.01  0.9872707
4711.58  0.9850859
4712.15  0.9651984
4712.72  0.9183648
4713.29  0.8752831
4713.86  0.8762669
4714.43  0.9230833
4715.00  0.9668958
4715.57  0.984269
4716.14  0.9846994
4716.71  0.98304
4717.28  0.9882629
4717.85  0.9944128
4718.42  0.9984308
4718.99  1.001501
4719.56  1.001955
4720.13  1.003298
4720.70  1.005183
4721.28  1.002948
4721.85  1.000138
4722.42  0.9994115
4722.99  0.9997994
4723.56  1.000611
4724.13  1.001351
4724.70  1.000577
4725.27  1.001159
4725.84  1.000137
4726.41  0.9963565
4726.98  0.9959188
4727.55  0.9933536
4728.12  0.9972826
4728.69  0.9993736
4729.26  1.000207
4729.83  1.001676
4730.40  0.9996725
4730.97  0.9978441
4731.54  0.9977494
4732.11  0.9977584
4732.68  0.9970627
4733.25  0.9978948
4733.82  0.9999447
4734.39  0.9997347
4734.96  0.9977042
4735.53  0.9942916
4736.10  0.9929572
4736.67  0.9920945
4737.24  0.9945651
4737.81  0.9955828
4738.38  0.9950452
4738.95  0.9961026
4739.52  0.9990636
4740.09  0.9981909
4740.66  0.995455
4741.23  0.9986024
4741.80  0.9960611
4742.37  0.9958938
4742.94  1.001658
4743.51  1.002454
4744.08  1.002284
4744.65  0.9992598
4745.22  0.9988585
4745.79  0.9994208
4746.36  0.9987889
4746.93  1.002561
4747.50  0.9998732
4748.07  1.001573
4748.64  1.002768
4749.21  1.0011
4749.78  1.002715
4750.35  1.001087
4750.92  0.9976847
4751.49  0.9945375
4752.06  0.9931936
4752.63  0.9935319
4753.20  0.9949519
4753.77  0.9962563
4754.34  0.9986778
4754.91  0.9988729
4755.48  0.9972377
4756.05  0.995896
4756.62  0.9966507
4757.19  0.998069
4757.76  0.9979399
4758.33  0.99977
4758.90  0.9986008
4759.47  0.9991795
4760.04  0.9986366
4760.61  0.9973508
4761.18  0.9979638
4761.75  0.9975975
4762.32  0.9991862
4762.89  0.9992507
4763.46  0.9975013
4764.03  0.9947624
4764.60  0.9935189
4765.17  0.9944073
4765.74  0.9947318
4766.31  0.9956146
4766.88  0.9980543
4767.45  0.9984484
4768.02  0.9982325
4768.59  0.9986682
4769.16  0.9988436
4769.73  0.9988254
4770.30  0.9990524
4770.87  1.000004
4771.44  0.998764
4772.01  0.9967175
4772.58  0.9956764
4773.15  0.9972173
4773.72  0.9953688
4774.29  0.9926907
4774.86  0.9954073
4775.43  0.9956634
4776.00  0.9971456
4776.57  0.998314
4777.14  0.9967795
4777.71  0.9968683
4778.28  0.9974144
4778.85  0.9943398
4779.42  0.9903868
4779.99  0.9869537
4780.56  0.9883355
4781.13  0.9903151
4781.70  0.9943494
4782.27  0.9978769
4782.84  0.9990744
4783.41  0.9989462
4783.98  0.9994709
4784.55  1.001253
4785.12  1.000276
4785.69  1.001449
4786.26  1.00102
4786.83  0.9987777
4787.40  0.994238
4787.97  0.9859366
4788.54  0.9830503
4789.11  0.9891955
4789.68  0.9952558
4790.25  0.9991177
4790.82  1.000309
4791.39  1.00079
4791.96  0.9981147
4792.53  0.9974493
4793.10  0.9965678
4793.67  0.995168
4794.24  0.9945724
4794.81  0.9959676
4795.38  0.9982238
4795.95  0.999643
4796.52  1.000548
4797.09  1.002562
4797.66  0.9999411
4798.23  0.9998457
4798.80  1.002543
4799.37  1.003195
4799.94  0.9998587
4800.51  0.9980776
4801.08  0.9969731
4801.65  0.9964792
4802.22  0.9915321
4802.79  0.9814573
4803.36  0.972043
4803.93  0.9751173
4804.50  0.9857249
4805.07  0.994296
4805.64  0.9950768
4806.21  0.991865
4806.78  0.9932492
4807.35  0.9967402
4807.92  1.000282
4808.49  1.003831
4809.06  1.001308
4809.63  1.001431
4810.20  0.9976412
4810.77  0.9975659
4811.34  0.9998117
4811.91  1.00043
4812.48  0.9991302
4813.05  0.9917088
4813.62  0.9898431
4814.19  0.9921786
4814.76  0.9931414
4815.33  0.9913816
4815.90  0.9897386
4816.47  0.9920276
4817.04  0.9971845
4817.61  1.00072
4818.18  1.001298
4818.75  0.9967489
4819.32  0.9884501
4819.89  0.9780802
4820.46  0.982922
4821.03  0.9919031
4821.60  1.000625
4822.17  1.003858
4822.74  1.003749
4823.31  1.001239
4823.88  0.9978563
4824.45  0.9971197
4825.02  0.9991023
4825.59  1.000472
4826.16  1.002581
4826.73  1.001439
4827.30  1.001199
4827.87  0.999943
4828.44  0.9930612
4829.01  0.9830521
4829.58  0.9825074
4830.15  0.9913248
4830.72  0.9990917
4831.29  1.000497
4831.86  1.000523
4832.43  1.000349
4833.00  1.003663
4833.57  1.003739
4834.14  1.001465
4834.71  1.001146
4835.28  1.001191
4835.85  1.002036
4836.42  1.002421
4836.99  0.9974993
4837.56  0.9992099
4838.13  1.000952
4838.70  0.9991599
4839.27  0.9993802
4839.84  0.9966851
4840.42  0.996374
4840.99  0.9968989
4841.56  0.9966517
4842.13  0.9963686
4842.70  0.9948738
4843.27  0.9911535
4843.84  0.9896023
4844.41  0.9903594
4844.98  0.9887605
4845.55  0.9864066
4846.12  0.9837315
4846.69  0.9845319
4847.26  0.9827827
4847.83  0.9782194
4848.40  0.9763353
4848.97  0.9759989
4849.54  0.9735572
4850.11  0.9716657
4850.68  0.966807
4851.25  0.9613284
4851.82  0.9550752
4852.39  0.9491881
4852.96  0.9427686
4853.53  0.9344794
4854.10  0.9236425
4854.67  0.9140453
4855.24  0.90189
4855.81  0.8875759
4856.38  0.8697101
4856.95  0.8481934
4857.52  0.8260819
4858.09  0.8030088
4858.66  0.7754091
4859.23  0.742354
4859.80  0.6995869
4860.37  0.6437969
4860.94  0.5844635
4861.51  0.5416087
4862.08  0.5482717
4862.65  0.6003031
4863.22  0.661333
4863.79  0.7114726
4864.36  0.7499411
4864.93  0.782697
4865.50  0.8106527
4866.07  0.8346912
4866.64  0.8553458
4867.21  0.8743549
4867.78  0.8924
4868.35  0.9065598
4868.92  0.9167763
4869.49  0.9256396
4870.06  0.9345759
4870.63  0.9417683
4871.20  0.9480177
4871.77  0.9538582
4872.34  0.9581525
4872.91  0.9641578
4873.48  0.9693189
4874.05  0.9720653
4874.62  0.9773057
4875.19  0.9797413
4875.76  0.9806957
4876.33  0.983767
4876.90  0.9866613
4877.47  0.9875646
4878.04  0.9875216
4878.61  0.9875866
4879.18  0.9860172
4879.75  0.985016
4880.32  0.9844952
4880.89  0.9846308
4881.46  0.9897668
4882.03  0.9931394
4882.60  0.9921551
4883.17  0.9954787
4883.74  0.9927551
4884.31  0.9907538
4884.88  0.9926209
4885.45  0.9876418
4886.02  0.9846631
4886.59  0.9900767
4887.16  0.9921666
4887.73  0.9921277
4888.30  0.995484
4888.87  0.9957631
4889.44  0.9962483
4890.01  0.9954027
4890.58  0.9936971
4891.15  0.9919085
4891.72  0.990159
4892.29  0.9942134
4892.86  0.9966299
4893.43  0.9955944
4894.00  0.997049
4894.57  0.9954535
4895.14  0.9916381
4895.71  0.992649
4896.28  0.9974093
4896.85  0.9962977
4897.42  0.997619
4897.99  0.9972119
4898.56  0.9990397
4899.13  1.000201
4899.70  0.9970288
4900.27  0.995868
4900.84  0.9977651
4901.41  0.9981238
4901.98  0.9980828
4902.55  0.9934963
4903.12  0.9943035
4903.69  0.9971445
4904.26  0.9989078
4904.83  0.9981595
4905.40  0.9961067
4905.97  0.9942771
4906.54  0.9887956
4907.11  0.9838753
4907.68  0.9858637
4908.25  0.9924132
4908.82  0.9974369
4909.39  0.9959399
4909.96  0.9968467
4910.53  0.9971704
4911.10  0.9979312
4911.67  0.9982418
4912.24  1.001477
4912.81  0.9993551
4913.38  0.9997175
4913.95  1.000152
4914.52  0.9974154
4915.09  0.9986877
4915.66  0.996585
4916.23  0.9935772
4916.80  0.9868574
4917.37  0.9787821
4917.94  0.9779336
4918.51  0.9760744
4919.08  0.9722343
4919.65  0.9571254
4920.22  0.9312653
4920.79  0.8866801
4921.36  0.8289334
4921.93  0.7673782
4922.50  0.7484286
4923.07  0.7963482
4923.64  0.8671551
4924.21  0.9136413
4924.78  0.9356293
4925.35  0.9546877
4925.92  0.9704274
4926.49  0.9797088
4927.06  0.9892727
4927.63  0.9938536
4928.20  0.9931143
4928.77  0.9949927
4929.34  0.9970975
4929.91  0.9967162
4930.48  0.9994113
4931.05  0.9988622
4931.62  0.999577
4932.19  0.9972067
4932.76  1.000164
4933.33  0.9956278
4933.90  0.9974765
4934.47  0.9997057
4935.04  1.000121
4935.61  0.9990872
4936.18  0.9986351
4936.75  0.9975284
4937.32  1.00168
4937.89  0.9992179
4938.46  0.9993767
4939.03  0.9951926
4939.60  0.9979245
4940.17  0.9949479
4940.74  0.9884567
4941.31  0.9852492
4941.88  0.9856575
4942.45  0.9840966
4943.02  0.9798024
4943.59  0.9793421
4944.16  0.9829533
4944.73  0.9890449
4945.30  0.996013
4945.87  0.9979759
4946.44  0.9973481
4947.01  0.9969617
4947.58  0.9976023
4948.15  0.9969102
4948.72  0.9955586
4949.29  0.9975494
4949.86  0.9982272
4950.43  0.9979408
4951.00  0.9954401
4951.57  0.9969414
4952.14  0.9961616
4952.71  0.9963593
4953.28  0.996483
4953.85  0.9968734
4954.42  0.9956132
4954.99  0.9937619
4955.56  0.9925945
4956.13  0.9897453
4956.70  0.9916142
4957.27  0.99591
4957.84  0.9959329
4958.41  0.9972078
4958.98  0.9962338
4959.56  0.9963072
4960.13  0.9977513
4960.70  0.9970947
4961.27  0.9968015
4961.84  0.9980322
4962.41  0.9968541
4962.98  1.000186
4963.55  0.9963416
4964.12  0.9963311
4964.69  0.9941943
4965.26  0.9933259
4965.83  0.9941453
4966.40  0.9960812
4966.97  0.9981822
4967.54  0.9962978
4968.11  0.9969088
4968.68  0.9967362
4969.25  0.9970309
4969.82  0.9985049
4970.39  0.9978893
4970.96  0.9972228
4971.53  0.9995025
4972.10  0.9984107
4972.67  0.9985627
4973.24  0.9983397
4973.81  1.001116
4974.38  1.001236
4974.95  1.00003
4975.52  0.9997619
4976.09  0.9985938
4976.66  1.000348
4977.23  1.002891
4977.80  1.002501
4978.37  1.001578
4978.94  1.000211
4979.51  1.0014
4980.08  1.001688
4980.65  0.998816
4981.22  1.000236
4981.79  1.000339
4982.36  1.001124
4982.93  0.9999396
4983.50  1.000906
4984.07  1.000995
4984.64  1.001134
4985.21  1.000968
4985.78  1.001456
4986.35  1.001529
4986.92  0.9982834
4987.49  0.9943777
4988.06  0.9919493
4988.63  0.9948089
4989.20  0.9988745
4989.77  0.9989541
4990.34  0.9981627
4990.91  0.9975438
4991.48  0.9961633
4992.05  0.9935749
4992.62  0.9943618
4993.19  0.9929352
4993.76  0.9870825
4994.33  0.9817067
4994.90  0.9784459
4995.47  0.9833077
4996.04  0.9930258
4996.61  0.9973131
4997.18  0.9998491
4997.75  0.9980991
4998.32  1.001126
4998.89  1.000894
4999.46  0.9999924
5000.03  0.9996792
5000.60  0.982076
5001.17  0.9520292
5001.74  0.9260879
5002.31  0.9259958
5002.88  0.9495381
5003.45  0.9704337
5004.02  0.9795712
5004.59  0.9788476
5005.16  0.9644797
5005.73  0.9543129
5006.30  0.9612836
5006.87  0.9694896
5007.44  0.9733735
5008.01  0.972105
5008.58  0.9792013
5009.15  0.9873341
5009.72  0.9833917
5010.29  0.9765117
5010.86  0.9673981
5011.43  0.9662253
5012.00  0.9753775
5012.57  0.9847485
5013.14  0.9863955
5013.71  0.9836538
5014.28  0.9672952
5014.85  0.942347
5015.42  0.902995
5015.99  0.8573509
5016.56  0.8537526
5017.13  0.9032425
5017.70  0.9550779
5018.27  0.9816357
5018.84  0.9883355
5019.41  0.9915964
5019.98  0.9947096
5020.55  0.9984946
5021.12  0.9985105
5021.69  1.000187
5022.26  1.001494
5022.83  0.9994223
5023.40  0.9992391
5023.97  1.000063
5024.54  0.9988664
5025.11  0.9960462
5025.68  0.9909008
5026.25  0.9866378
5026.82  0.984049
5027.39  0.9899025
5027.96  0.9925625
5028.53  0.9918297
5029.10  0.9939211
5029.67  0.9956185
5030.24  0.9967639
5030.81  0.998745
5031.38  0.9951139
5031.95  0.9893219
5032.52  0.9818901
5033.09  0.9769722
5033.66  0.984514
5034.23  0.99089
5034.80  0.989073
5035.37  0.9897826
5035.94  0.987571
5036.51  0.9899053
5037.08  0.9926625
5037.65  0.9908515
5038.22  0.9878925
5038.79  0.9907445
5039.36  0.9948071
5039.93  0.993478
5040.50  0.9911596
5041.07  0.9870185
5041.64  0.9831081
5042.21  0.9837147
5042.78  0.9882319
5043.35  0.9869544
5043.92  0.985697
5044.49  0.9806151
5045.06  0.9672802
5045.63  0.9563692
5046.20  0.9593646
5046.77  0.9675117
5047.34  0.9531478
5047.91  0.9186207
5048.48  0.9061953
5049.05  0.9310516
5049.62  0.9656059
5050.19  0.9870205
5050.76  0.9946868
5051.33  0.9974976
5051.90  0.9980337
5052.47  0.9979499
5053.04  0.9980453
5053.61  0.9978657
5054.18  0.9987074
5054.75  1.000571
5055.32  0.9985211
5055.89  0.9909487
5056.46  0.9840412
5057.03  0.9827921
5057.60  0.9861118
5058.17  0.9898896
5058.74  0.9917032
5059.31  0.995391
5059.88  0.9977789
5060.45  0.9972574
5061.02  0.9972005
5061.59  0.9968957
5062.16  0.9972405
5062.73  0.9975132
5063.30  0.997457
5063.87  0.9962862
5064.44  0.9968926
5065.01  1.0007
5065.58  0.9998829
5066.15  0.9962717
5066.72  0.9934542
5067.29  0.9928994
5067.86  0.9955494
5068.43  0.9986466
5069.00  0.9994109
5069.57  0.9993521
5070.14  0.9994941
5070.71  1.001001
5071.28  1.00096
5071.85  1.000712
5072.42  1.001112
5072.99  0.9960779
5073.56  0.9898524
5074.13  0.9865994
5074.70  0.9859879
5075.27  0.9917738
5075.84  0.9980727
5076.41  0.9990414
5076.98  0.9961728
5077.55  0.9967669
5078.12  0.9980288
5078.70  0.99774
5079.27  0.995968
5079.84  0.9947741
5080.41  0.9975017
5080.98  1.000993
5081.55  1.003161
5082.12  1.005506
5082.69  1.004058
5083.26  1.001956
5083.83  0.9998091
5084.40  0.9979653
5084.97  0.9984685
5085.54  0.9995745
5086.11  0.996474
5086.68  0.9930192
5087.25  0.9897718
5087.82  0.9899278
5088.39  0.996339
5088.96  1.000669
5089.53  1.000217
5090.10  0.9999399
5090.67  1.002026
5091.24  0.99936
5091.81  0.9963609
5092.38  0.9953246
5092.95  0.9948153
5093.52  0.998905
5094.09  0.9977193
5094.66  0.9957897
5095.23  0.999009
5095.80  0.9981751
5096.37  0.9970759
5096.94  0.9991507
5097.51  1.000088
5098.08  0.9991178
5098.65  1.001224
5099.22  0.9997258
5099.79  0.9977233
5100.36  0.9960667
5100.93  0.9985
5101.50  0.999546
5102.07  0.9992146
5102.64  0.9975651
5103.21  0.9957168
5103.78  0.9953877
5104.35  0.9927071
5104.92  0.9935933
5105.49  0.9930485
5106.06  0.9943277
5106.63  0.9984318
5107.20  0.9990547
5107.77  1.002561
5108.34  0.9994751
5108.91  0.9997505
5109.48  1.002189
5110.05  0.9990244
5110.62  0.9982344
5111.19  0.9968088
5111.76  0.9960494
5112.33  0.9937133
