3945.69  -4.154334
3946.26  -5.491532
3946.83  -6.747655
3947.40  -7.844936
3947.97  -9.237392
3948.54  -12.4396
3949.11  -21.73248
3949.68  -97.30463
3950.25  46.05172
3950.82  18.97743
3951.39  13.85475
3951.96  10.07053
3952.53  7.285726
3953.10  5.94861
3953.67  5.535827
3954.24  5.610993
3954.81  5.293065
3955.38  4.619186
3955.95  3.733573
3956.52  2.830347
3957.09  2.533744
3957.66  2.428936
3958.23  2.157263
3958.80  2.069047
3959.37  2.180806
3959.94  2.136309
3960.51  1.850796
3961.08  1.464909
3961.65  1.091347
3962.22  1.03957
3962.79  1.103399
3963.36  1.095175
3963.93  1.020361
3964.50  0.94382
3965.07  0.913076
3965.64  0.8105093
3966.21  0.758825
3966.78  0.6741693
3967.35  0.6057293
3967.92  0.5301993
3968.49  0.4052781
3969.06  0.3624022
3969.63  0.4251697
3970.20  0.4396378
3970.76  0.4801145
3971.33  0.5014006
3971.90  0.5820652
3972.47  0.6421617
3973.04  0.67817
3973.61  0.6302105
3974.18  0.6483349
3974.75  0.6991557
3975.32  0.7525839
3975.89  0.8401614
3976.46  0.8587699
3977.03  0.8385507
3977.60  0.8412835
3978.17  0.8474436
3978.74  0.838894
3979.31  0.8307105
3979.88  0.8552074
3980.45  0.9153675
3981.02  0.9380764
3981.59  0.8072507
3982.16  0.6511127
3982.73  0.633178
3983.30  0.7642118
3983.87  0.8420431
3984.44  0.8494474
3985.01  0.9021044
3985.58  0.984781
3986.15  1.030594
3986.72  0.9849454
3987.29  0.8960652
3987.86  0.9064949
3988.43  0.9280595
3989.00  0.8680456
3989.57  0.7423107
3990.14  0.6702207
3990.71  0.7478973
3991.28  0.7994729
3991.85  0.7642508
3992.42  0.8018572
3992.99  0.8609974
3993.56  0.9383827
3994.13  0.9228727
3994.70  0.8053102
3995.27  0.7191346
3995.84  0.4323145
3996.41  0.656743
3996.98  0.7270366
3997.55  0.6851822
3998.12  0.640004
3998.69  0.5768536
3999.26  0.6402459
3999.83  0.8702896
4000.40  0.9397792
4000.97  0.9033259
4001.54  0.9223838
4002.11  0.9588723
4002.68  0.994117
4003.25  0.9629249
4003.82  0.9276024
4004.39  0.8721299
4004.96  0.747789
4005.53  0.5833982
4006.10  0.6276799
4006.67  0.7539227
4007.24  0.8201194
4007.81  0.8390254
4008.38  0.8111573
4008.95  0.7249393
4009.52  0.6621666
4010.09  0.7260941
4010.66  0.8215178
4011.23  0.7881147
4011.80  0.7117342
4012.37  0.671801
4012.94  0.7324485
4013.51  0.8382407
4014.08  0.8206128
4014.65  0.7809321
4015.22  0.8241639
4015.79  0.9429515
4016.36  1.013765
4016.93  0.9569839
4017.50  0.8483223
4018.07  0.7447309
4018.64  0.7609739
4019.21  0.8339976
4019.78  0.8650137
4020.35  0.7728962
4020.92  0.6570581
4021.49  0.6273863
4022.06  0.6489043
4022.63  0.7047793
4023.20  0.7162905
4023.77  0.610301
4024.34  0.5358517
4024.91  0.5153736
4025.48  0.6608554
4026.05  0.8400751
4026.62  0.8251631
4027.19  0.7577937
4027.76  0.8404915
4028.33  0.9427144
4028.90  0.9529436
4029.47  0.9740133
4030.04  0.77294
4030.61  0.5165867
4031.18  0.4306424
4031.75  0.5006003
4032.32  0.5728417
4032.89  0.5018113
4033.46  0.4133591
4034.03  0.4294505
4034.60  0.4265089
4035.17  0.5230782
4035.74  0.6509898
4036.31  0.7568988
4036.88  0.9080604
4037.45  0.9710287
4038.02  0.9728516
4038.59  0.905384
4039.16  0.8838283
4039.73  0.8637795
4040.30  0.8032069
4040.87  0.6911051
4041.44  0.5901217
4042.01  0.6626868
4042.58  0.7608601
4043.15  0.7506987
4043.71  0.7315299
4044.28  0.6408522
4044.85  0.555185
4045.42  0.4811597
4045.99  0.4006344
4046.56  0.4393026
4047.13  0.5793169
4047.70  0.6538802
4048.27  0.7227612
4048.84  0.7361571
4049.41  0.7157604
4049.98  0.7762753
4050.55  0.8002053
4051.12  0.7973164
4051.69  0.8735356
4052.26  0.9057438
4052.83  0.856671
4053.40  0.8389469
4053.97  0.7809581
4054.54  0.6760125
4055.11  0.5898973
4055.68  0.6083884
4056.25  0.715049
4056.82  0.7732568
4057.39  0.6977483
4057.96  0.6176816
4058.53  0.6166114
4059.10  0.6224611
4059.67  0.6659328
4060.24  0.6890216
4060.81  0.7315599
4061.38  0.7723023
4061.95  0.774279
4062.52  0.6971205
4063.09  0.5654752
4063.66  0.4344733
4064.23  0.4115455
4064.80  0.5343961
4065.37  0.6996813
4065.94  0.8625044
4066.51  0.816047
4067.08  0.652264
4067.65  0.6138377
4068.22  0.7007296
4068.79  0.8119009
4069.36  0.8673384
4069.93  0.9380187
4070.50  0.8615456
4071.07  0.6943019
4071.64  0.5448725
4072.21  0.4866149
4072.78  0.5769703
4073.35  0.7075226
4073.92  0.8177899
4074.49  0.858174
4075.06  0.7407058
4075.63  0.6574633
4076.20  0.5821382
4076.77  0.5041427
4077.34  0.43049
4077.91  0.3360429
4078.48  0.393287
4079.05  0.5306221
4079.62  0.5639645
4080.19  0.6076915
4080.76  0.7123129
4081.33  0.8397456
4081.90  0.9237639
4082.47  0.8027366
4083.04  0.6159685
4083.61  0.6183089
4084.18  0.7833202
4084.75  0.8705924
4085.32  0.7904823
4085.89  0.7557268
4086.46  0.7621801
4087.03  0.7624834
4087.60  0.8585536
4088.17  0.9966877
4088.74  1.016264
4089.31  1.044973
4089.88  1.061841
4090.45  0.931053
4091.02  0.8720623
4091.59  0.9891781
4092.16  0.930649
4092.73  0.7735122
4093.30  0.8244863
4093.87  0.9567613
4094.44  1.004733
4095.01  0.9566113
4095.58  0.8218129
4096.15  0.6944803
4096.72  0.6674966
4097.29  0.7819874
4097.86  0.8578902
4098.43  0.803238
4099.00  0.7496015
4099.57  0.7004318
4100.14  0.60211
4100.71  0.5085024
4101.28  0.4518096
4101.85  0.4158995
4102.42  0.4817924
4102.99  0.6234224
4103.56  0.7214015
4104.13  0.7763993
4104.70  0.7396273
4105.27  0.7412143
4105.84  0.8857009
4106.41  0.9605907
4106.98  0.9625857
4107.55  0.8906226
4108.12  0.8147686
4108.69  0.8008474
4109.26  0.7359577
4109.83  0.6170604
4110.40  0.5967234
4110.97  0.6667088
4111.54  0.6680793
4112.11  0.6112663
4112.68  0.6076413
4113.25  0.6787607
4113.82  0.7361255
4114.39  0.7585934
4114.96  0.727143
4115.53  0.6920439
4116.10  0.7481429
4116.67  0.7199804
4117.23  0.775817
4117.80  0.8380186
4118.37  0.714833
4118.94  0.5963446
4119.51  0.63466
4120.08  0.6889699
4120.65  0.6992661
4121.22  0.6413191
4121.79  0.6037008
4122.36  0.6534832
4122.93  0.6975797
4123.50  0.6258767
4124.07  0.6409693
4124.64  0.8013206
4125.21  0.8842072
4125.78  0.8703426
4126.35  0.8101515
4126.92  0.8172582
4127.49  0.7742608
4128.06  0.6418832
4128.63  0.6449627
4129.20  0.6957815
4129.77  0.6222221
4130.34  0.6046137
4130.91  0.684713
4131.48  0.7026672
4132.05  0.5955041
4132.62  0.534328
4133.19  0.5920117
4133.76  0.6152555
4134.33  0.523903
4134.90  0.5106339
4135.47  0.6717219
4136.04  0.7997323
4136.61  0.802916
4137.18  0.7203943
4137.75  0.723636
4138.32  0.7972208
4138.89  0.8635576
4139.46  0.7880455
4140.03  0.6651736
4140.60  0.7012596
4141.17  0.8073468
4141.74  0.8125564
4142.31  0.7061527
4142.88  0.5800896
4143.45  0.4799494
4144.02  0.4157552
4144.59  0.4952167
4145.16  0.6650116
4145.73  0.7927726
4146.30  0.8190666
4146.87  0.8115618
4147.44  0.7458153
4148.01  0.6855923
4148.58  0.7286466
4149.15  0.6893023
4149.72  0.5445472
4150.29  0.5148922
4150.86  0.6280492
4151.43  0.716037
4152.00  0.6823311
4152.57  0.5935047
4153.14  0.6257759
4153.71  0.6741458
4154.28  0.6589587
4154.85  0.6583606
4155.42  0.7114569
4155.99  0.6991884
4156.56  0.6380647
4157.13  0.6798607
4157.70  0.7957954
4158.27  0.836958
4158.84  0.8386264
4159.41  0.8145074
4159.98  0.802613
4160.55  0.8104755
4161.12  0.7896382
4161.69  0.7674339
4162.26  0.8555542
4162.83  0.9455779
4163.40  0.8963443
4163.97  0.7758718
4164.54  0.6785662
4165.11  0.6547165
4165.68  0.7116948
4166.25  0.7752755
4166.82  0.7622789
4167.39  0.7011498
4167.96  0.6687001
4168.53  0.7003192
4169.10  0.7176436
4169.67  0.7288828
4170.24  0.7882237
4170.81  0.8088751
4171.38  0.7305216
4171.95  0.5882453
4172.52  0.4620296
4173.09  0.4198973
4173.66  0.4178376
4174.23  0.4268166
4174.80  0.4563591
4175.37  0.5013964
4175.94  0.5820357
4176.51  0.6453065
4177.08  0.6042366
4177.65  0.5248953
4178.22  0.5570608
4178.79  0.6504138
4179.36  0.6910731
4179.93  0.7370709
4180.50  0.7877434
4181.07  0.7754948
4181.64  0.6930858
4182.21  0.6326063
4182.78  0.6562879
4183.35  0.7054
4183.92  0.7182549
4184.49  0.693965
4185.06  0.7107269
4185.63  0.7809536
4186.20  0.7738189
4186.77  0.6566548
4187.34  0.5320867
4187.91  0.5410537
4188.48  0.6624472
4189.05  0.7459924
4189.62  0.7262227
4190.19  0.6489424
4190.75  0.5550057
4191.32  0.4971497
4191.89  0.5626681
4192.46  0.7295518
4193.03  0.8304465
4193.60  0.827285
4194.17  0.8016148
4194.74  0.7446277
4195.31  0.6584675
4195.88  0.6184433
4196.45  0.5907223
4197.02  0.5586869
4197.59  0.5812803
4198.16  0.5678046
4198.73  0.5034038
4199.30  0.4758469
4199.87  0.461233
4200.44  0.4741083
4201.01  0.5152257
4201.58  0.5018609
4202.15  0.4690135
4202.72  0.5124107
4203.29  0.5400015
4203.86  0.5086833
4204.43  0.4895825
4205.00  0.4673756
4205.57  0.5040408
4206.14  0.5465727
4206.71  0.4886535
4207.28  0.5329166
4207.85  0.6937624
4208.42  0.74091
4208.99  0.7208683
4209.56  0.7157285
4210.13  0.6736648
4210.70  0.6696459
4211.27  0.7166463
4211.84  0.7018507
4212.41  0.6970913
4212.98  0.7045713
4213.55  0.6620517
4214.12  0.6138434
4214.69  0.5522657
4215.26  0.4077463
4215.83  0.2754633
4216.40  0.3574312
4216.97  0.5778601
4217.54  0.677712
4218.11  0.6937217
4218.68  0.7281557
4219.25  0.7490139
4219.82  0.7397786
4220.39  0.7112063
4220.96  0.723737
4221.53  0.7445916
4222.10  0.6618431
4222.67  0.5466644
4223.24  0.513615
4223.81  0.4956831
4224.38  0.4574231
4224.95  0.4110364
4225.52  0.3423855
4226.09  0.2512432
4226.66  0.1663556
4227.23  0.1609559
4227.80  0.2448227
4228.37  0.3603081
4228.94  0.4532655
4229.51  0.4714932
4230.08  0.4886144
4230.65  0.5900844
4231.22  0.6857385
4231.79  0.6905316
4232.36  0.5573503
4232.93  0.4135553
4233.50  0.3589652
4234.07  0.3772385
4234.64  0.4572629
4235.21  0.5221345
4235.78  0.4895511
4236.35  0.4853574
4236.92  0.508347
4237.49  0.5265798
4238.06  0.5507662
4238.63  0.5538645
4239.20  0.5362887
4239.77  0.505806
4240.34  0.5103946
4240.91  0.5465115
4241.48  0.5727559
4242.05  0.610169
4242.62  0.6738531
4243.19  0.7391769
4243.76  0.8442343
4244.33  0.9652641
4244.90  0.9172001
4245.47  0.7855552
4246.04  0.6891274
4246.61  0.5622065
4247.18  0.4682973
4247.75  0.512059
4248.32  0.5709447
4248.89  0.6424598
4249.46  0.6763579
4250.03  0.5577129
4250.60  0.4076327
4251.17  0.4031814
4251.74  0.4821015
4252.31  0.5226654
4252.88  0.5670927
4253.45  0.5430856
4254.02  0.3936718
4254.59  0.3135686
4255.16  0.3967349
4255.73  0.4970571
4256.30  0.551095
4256.87  0.6294023
4257.44  0.6449131
4258.01  0.5301639
4258.58  0.4314597
4259.15  0.4751024
4259.72  0.523492
4260.29  0.4871705
4260.86  0.4780118
4261.43  0.564001
4262.00  0.628948
4262.57  0.667793
4263.14  0.6934508
4263.71  0.736213
4264.27  0.7665827
4264.84  0.7886855
4265.41  0.7981026
4265.98  0.7852628
4266.55  0.7713609
4267.12  0.7369151
4267.69  0.6987715
4268.26  0.6427174
4268.83  0.6398346
4269.40  0.6682299
4269.97  0.6331365
4270.54  0.5384182
4271.11  0.3972446
4271.68  0.2883404
4272.25  0.3061762
4272.82  0.4177583
4273.39  0.4922816
4273.96  0.4668408
4274.53  0.3509942
4275.10  0.3124239
4275.67  0.4264174
4276.24  0.5462554
4276.81  0.5904105
4277.38  0.6484349
4277.95  0.7217236
4278.52  0.7351967
4279.09  0.7481444
4279.66  0.7006168
4280.23  0.6011869
4280.80  0.5323026
4281.37  0.5445939
4281.94  0.5607628
4282.51  0.4838595
4283.08  0.4894403
4283.65  0.5814898
4284.22  0.6061095
4284.79  0.5722861
4285.36  0.516054
4285.93  0.4745841
4286.50  0.4979083
4287.07  0.5118407
4287.64  0.4626097
4288.21  0.453866
4288.78  0.4221506
4289.35  0.3011414
4289.92  0.2289607
4290.49  0.2529204
4291.06  0.2599742
4291.63  0.2833347
4292.20  0.4064357
4292.77  0.5737758
4293.34  0.6258223
4293.91  0.504536
4294.48  0.4124549
4295.05  0.4768863
4295.62  0.5410943
4296.19  0.5600832
4296.76  0.585873
4297.33  0.6081865
4297.90  0.5698905
4298.47  0.4705056
4299.04  0.3580326
4299.61  0.301792
4300.18  0.2883524
4300.75  0.3122833
4301.32  0.3870843
4301.89  0.4188686
4302.46  0.383401
4303.03  0.3808646
4303.60  0.4490848
4304.17  0.5523953
4304.74  0.5695089
4305.31  0.4846402
4305.88  0.3930655
4306.45  0.3803862
4307.02  0.3820193
4307.59  0.3416595
4308.16  0.3382007
4308.73  0.3824453
4309.30  0.398501
4309.87  0.4326727
4310.44  0.5499713
4311.01  0.6826868
4311.58  0.7684219
4312.15  0.759259
4312.72  0.6833419
4313.29  0.6290998
4313.86  0.5304429
4314.43  0.396734
4315.00  0.4015256
4315.57  0.6018206
4316.14  0.8050613
4316.71  0.8581309
4317.28  0.8741345
4317.85  0.8860008
4318.42  0.7708867
4318.99  0.6879688
4319.56  0.7436069
4320.13  0.7476053
4320.70  0.6143059
4321.27  0.5573066
4321.84  0.6367549
4322.41  0.7210128
4322.98  0.7228143
4323.55  0.7017787
4324.12  0.672406
4324.69  0.5540825
4325.26  0.3849993
4325.83  0.2939747
4326.40  0.336906
4326.97  0.471485
4327.54  0.6342016
4328.11  0.7805437
4328.68  0.8471429
4329.25  0.7884201
4329.82  0.6512218
4330.39  0.5766997
4330.96  0.6110591
4331.53  0.7106301
4332.10  0.7701966
4332.67  0.7480514
4333.24  0.7612253
4333.81  0.7600641
4334.38  0.7840412
4334.95  0.8840306
4335.52  0.9827306
4336.09  0.950027
4336.66  0.7306673
4337.23  0.4776504
4337.79  0.3766313
4338.36  0.4440062
4338.93  0.4923081
4339.50  0.409188
4340.07  0.2979303
4340.64  0.2645262
4341.21  0.3733971
4341.78  0.5556812
4342.35  0.7016682
4342.92  0.7308717
4343.49  0.6722839
4344.06  0.5784362
4344.63  0.5788359
4345.20  0.6988353
4345.77  0.7329386
4346.34  0.6382737
4346.91  0.5086302
4347.48  0.5003489
4348.05  0.6518956
4348.62  0.8236588
4349.19  0.9295909
4349.76  0.9185694
4350.33  0.7651546
4350.90  0.5433633
4351.47  0.4040625
4352.04  0.4103001
4352.61  0.4756899
4353.18  0.5925786
4353.75  0.6905432
4354.32  0.6767049
4354.89  0.6616475
4355.46  0.7021832
4356.03  0.766844
4356.60  0.8639104
4357.17  0.9316409
4357.74  0.8619269
4358.31  0.6842791
4358.88  0.5650228
4359.45  0.5425694
4360.02  0.5729311
4360.59  0.6021482
4361.16  0.6397917
4361.73  0.715634
4362.30  0.7877977
4362.87  0.8016998
4363.44  0.790139
4364.01  0.8047961
4364.58  0.8510457
4365.15  0.8870017
4365.72  0.8493734
4366.29  0.8105295
4366.86  0.7952335
4367.43  0.6810182
4368.00  0.5464295
4368.57  0.5673219
4369.14  0.6516018
4369.71  0.7061655
4370.28  0.747204
4370.85  0.7074396
4371.42  0.6961318
4371.99  0.7616458
4372.56  0.7422043
4373.13  0.6335351
4373.70  0.5374948
4374.27  0.453895
4374.84  0.3740606
4375.41  0.3333827
4375.98  0.3990263
4376.55  0.5837882
4377.12  0.736159
4377.69  0.8193454
4378.26  0.8440106
4378.83  0.7484214
4379.40  0.6406763
4379.97  0.6410325
4380.54  0.6715042
4381.11  0.6796941
4381.68  0.647428
4382.25  0.5594041
4382.82  0.4217985
4383.39  0.2988247
4383.96  0.2716778
4384.53  0.295597
4385.10  0.3564253
4385.67  0.4915941
4386.24  0.608818
4386.81  0.6247376
4387.38  0.5902498
4387.95  0.5682216
4388.52  0.5306556
4389.09  0.4435866
4389.66  0.3919666
4390.23  0.4248016
4390.80  0.4881098
4391.37  0.533374
4391.94  0.6015399
4392.51  0.7002689
4393.08  0.7140058
4393.65  0.637902
4394.22  0.5369177
4394.79  0.4434481
4395.36  0.4565339
4395.93  0.6175412
4396.50  0.7880552
4397.07  0.8243193
4397.64  0.7310629
4398.21  0.6637473
4398.78  0.663022
4399.35  0.6053621
4399.92  0.5074683
4400.49  0.4446163
4401.06  0.5003954
4401.63  0.6745438
4402.20  0.8276012
4402.77  0.794817
4403.34  0.6557031
4403.91  0.4900479
4404.48  0.3325671
4405.05  0.2956339
4405.62  0.3654518
4406.19  0.4244527
4406.76  0.4287543
4407.33  0.3930374
4407.90  0.3436879
4408.47  0.3513319
4409.04  0.4524561
4409.61  0.6002334
4410.18  0.6845655
4410.75  0.7084144
4411.31  0.7276599
4411.88  0.7016116
4412.45  0.7334428
4413.02  0.7871339
4413.59  0.7277405
4414.16  0.5908312
4414.73  0.4424534
4415.30  0.4000021
4415.87  0.4734042
4416.44  0.5065125
4417.01  0.5079312
4417.58  0.5288367
4418.15  0.5894739
4418.72  0.6627929
4419.29  0.7003002
4419.86  0.6557583
4420.43  0.620459
4421.00  0.586273
4421.57  0.535934
4422.14  0.5055486
4422.71  0.5045982
4423.28  0.5780367
4423.85  0.6330274
4424.42  0.6815748
4424.99  0.6637852
4425.56  0.5964197
4426.13  0.6238592
4426.70  0.5621354
4427.27  0.4566644
4427.84  0.4963997
4428.41  0.5845992
4428.98  0.6061472
4429.55  0.5394886
4430.12  0.4865187
4430.69  0.5388449
4431.26  0.6445249
4431.83  0.707
4432.40  0.7004873
4432.97  0.6454444
4433.54  0.5645207
4434.11  0.4818888
4434.68  0.3775472
4435.25  0.3152082
4435.82  0.3577457
4436.39  0.4819265
4436.96  0.617568
4437.53  0.6485887
4438.10  0.6926284
4438.67  0.8022167
4439.24  0.8190609
4439.81  0.7469627
4440.38  0.6775728
4440.95  0.6005651
4441.52  0.503019
4442.09  0.4360101
4442.66  0.4196196
4443.23  0.4193938
4443.80  0.4185672
4444.37  0.4998416
4444.94  0.5787052
4445.51  0.6262426
4446.08  0.6585628
4446.65  0.6333655
4447.22  0.6053085
4447.79  0.7118723
4448.36  0.826535
4448.93  0.7493324
4449.50  0.6115389
4450.07  0.5431864
4450.64  0.5692608
4451.21  0.6232603
4451.78  0.6589297
4452.35  0.6396043
4452.92  0.5696486
4453.49  0.554891
4454.06  0.5302449
4454.63  0.4482397
4455.20  0.4034564
4455.77  0.4315338
4456.34  0.4861907
4456.91  0.5053081
4457.48  0.511893
4458.05  0.5218178
4458.62  0.4922431
4459.19  0.4354127
4459.76  0.4227724
4460.33  0.4554808
4460.90  0.4178506
4461.47  0.3280205
4462.04  0.3448878
4462.61  0.454467
4463.18  0.5936577
4463.75  0.6785679
4464.32  0.6282747
4464.89  0.5487947
4465.46  0.5115694
4466.03  0.4605709
4466.60  0.4522273
4467.17  0.524179
4467.74  0.5437329
4468.31  0.4970134
4468.88  0.4834335
4469.45  0.5208519
4470.02  0.5523649
4470.59  0.5183058
4471.16  0.472867
4471.73  0.5053833
4472.30  0.5861295
4472.87  0.6889033
4473.44  0.7725533
4474.01  0.7652662
4474.58  0.701036
4475.15  0.6510706
4475.72  0.6672267
4476.29  0.7441238
4476.86  0.8026926
4477.43  0.8061308
4478.00  0.8004735
4478.57  0.7746838
4479.14  0.6964853
4479.71  0.6130815
4480.28  0.5779778
4480.85  0.542888
4481.42  0.4689775
4481.99  0.4201797
4482.56  0.5315734
4483.13  0.6938503
4483.70  0.7336745
4484.27  0.7366432
4484.83  0.7750831
4485.40  0.8183362
4485.97  0.8580844
4486.54  0.8512048
4487.11  0.7902625
4487.68  0.7426077
4488.25  0.6881013
4488.82  0.5646321
4489.39  0.4476095
4489.96  0.4828782
4490.53  0.6082906
4491.10  0.6928759
4491.67  0.7400097
4492.24  0.778404
4492.81  0.7898437
4493.38  0.7276678
4493.95  0.6133611
4494.52  0.5573239
4495.09  0.5743923
4495.66  0.5286897
4496.23  0.4482136
4496.80  0.4700881
4497.37  0.5881972
4497.94  0.6912374
4498.51  0.7335016
4499.08  0.771168
4499.65  0.8204617
4500.22  0.7791419
4500.79  0.6579893
4501.36  0.57375
4501.93  0.640891
4502.50  0.8184441
4503.07  0.9565166
4503.64  1.004202
4504.21  0.9832962
4504.78  0.9289418
4505.35  0.8665439
4505.92  0.7740231
4506.49  0.6914679
4507.06  0.6873879
4507.63  0.7142677
4508.20  0.7474024
4508.77  0.7800201
4509.34  0.7854868
4509.91  0.8038108
4510.48  0.8226434
4511.05  0.8048757
4511.62  0.7437156
4512.19  0.6610703
4512.76  0.6277409
4513.33  0.6530226
4513.90  0.6869949
4514.47  0.7085642
4515.04  0.711387
4515.61  0.7416279
4516.18  0.7725238
4516.75  0.766322
4517.32  0.6575144
4517.89  0.5698657
4518.46  0.6403644
4519.03  0.7365668
4519.60  0.7399753
4520.17  0.7938502
4520.74  0.9134343
4521.31  0.9582949
4521.88  0.8271224
4522.45  0.6276101
4523.02  0.5754196
4523.59  0.6423205
4524.16  0.7012333
4524.73  0.7072044
4525.30  0.6903319
4525.87  0.6285974
4526.44  0.5395699
4527.01  0.4871167
4527.58  0.4916268
4528.15  0.4891601
4528.72  0.5073473
4529.29  0.5696822
4529.86  0.6128087
4530.43  0.5677654
4531.00  0.5493001
4531.57  0.653707
4532.14  0.7285836
4532.71  0.6522502
4533.28  0.5296873
4533.85  0.4531941
4534.42  0.4022755
4534.99  0.3650166
4535.56  0.3883909
4536.13  0.5532209
4536.70  0.7659798
4537.27  0.8607988
4537.84  0.8549154
4538.41  0.821332
4538.98  0.7678083
4539.55  0.6760173
4540.12  0.5766007
4540.69  0.5485081
4541.26  0.5887505
4541.83  0.6371433
4542.40  0.7297276
4542.97  0.8149678
4543.54  0.7768486
4544.11  0.6555089
4544.68  0.5606032
4545.25  0.5504134
4545.82  0.6067371
4546.39  0.6603335
4546.96  0.6964387
4547.53  0.7089456
4548.10  0.651453
4548.67  0.5608063
4549.24  0.5259205
4549.81  0.6019422
4550.38  0.7251489
4550.95  0.7794548
4551.52  0.7279936
4552.09  0.6223206
4552.66  0.5742402
4553.23  0.5300593
4553.80  0.4609844
4554.37  0.463332
4554.94  0.4856955
4555.51  0.5249125
4556.08  0.6359132
4556.65  0.7732536
4557.22  0.8543831
4557.79  0.8472665
4558.35  0.8505305
4558.92  0.8674083
4559.49  0.7978803
4560.06  0.702594
4560.63  0.7063568
4561.20  0.7971056
4561.77  0.8134726
4562.34  0.7055209
4562.91  0.6086082
4563.48  0.5696049
4564.05  0.6103024
4564.62  0.6562024
4565.19  0.6564997
4565.76  0.6913743
4566.33  0.7806129
4566.90  0.8875058
4567.47  0.9506766
4568.04  0.9363921
4568.61  0.9112933
4569.18  0.9128268
4569.75  0.8820384
4570.32  0.7607461
4570.89  0.5998266
4571.46  0.541253
4572.03  0.6303906
4572.60  0.8064925
4573.17  0.9538835
4573.74  0.9355661
4574.31  0.8136618
4574.88  0.7322107
4575.45  0.7498915
4576.02  0.7816473
4576.59  0.7412731
4577.16  0.7255843
4577.73  0.7521358
4578.30  0.7174628
4578.87  0.6654218
4579.44  0.5983065
4580.01  0.5669568
4580.58  0.6427048
4581.15  0.7442521
4581.72  0.8384754
4582.29  0.8627043
4582.86  0.8004645
4583.43  0.6983492
4584.00  0.653542
4584.57  0.6922073
4585.14  0.7041243
4585.71  0.6248416
4586.28  0.6018226
4586.85  0.6800807
4587.42  0.7567824
4587.99  0.7784376
4588.56  0.7820622
4589.13  0.7721621
4589.70  0.7373402
4590.27  0.695023
4590.84  0.6398776
4591.41  0.6144348
4591.98  0.6138538
4592.55  0.6406543
4593.12  0.6374133
4593.69  0.5728835
4594.26  0.5714483
4594.83  0.6162794
4595.40  0.669888
4595.97  0.7164754
4596.54  0.7251758
4597.11  0.7048354
4597.68  0.6751561
4598.25  0.7082864
4598.82  0.7729638
4599.39  0.7591554
4599.96  0.6539013
4600.53  0.6080474
4601.10  0.662032
4601.67  0.688151
4602.24  0.6450202
4602.81  0.6371034
4603.38  0.6736643
4603.95  0.6901959
4604.52  0.6893157
4605.09  0.6638681
4605.66  0.609221
4606.23  0.5748883
4606.80  0.5915586
4607.37  0.7314581
4607.94  0.9391764
4608.51  1.01495
4609.08  0.9701121
4609.65  0.9656804
4610.22  0.9674324
4610.79  0.8975899
4611.36  0.8510846
4611.93  0.8543244
4612.50  0.8120206
4613.07  0.7537992
4613.64  0.7916815
4614.21  0.9149171
4614.78  0.965637
4615.35  0.8601393
4615.92  0.7684723
4616.49  0.8039908
4617.06  0.9214451
4617.63  1.038636
4618.20  1.022926
4618.77  0.8687949
4619.34  0.7457588
4619.91  0.7883425
4620.48  0.9105022
4621.05  0.9731048
4621.62  0.9456833
4622.19  0.871975
4622.76  0.8437845
4623.33  0.8941734
4623.90  0.9086097
4624.47  0.8752114
4625.04  0.8430751
4625.61  0.7677176
4626.18  0.7198011
4626.75  0.7649471
4627.32  0.793499
4627.89  0.7502176
4628.46  0.670689
4629.03  0.6227835
4629.60  0.6477469
4630.17  0.7381247
4630.74  0.8568071
4631.31  0.9149433
4631.87  0.8670045
4632.44  0.7443372
4633.01  0.6699964
4633.58  0.660576
4634.15  0.6693084
4634.72  0.6479469
4635.29  0.6421718
4635.86  0.6794083
4636.43  0.7022433
4637.00  0.6676592
4637.57  0.6481304
4638.14  0.6660842
4638.71  0.6404645
4639.28  0.5717598
4639.85  0.5495368
4640.42  0.6032313
4640.99  0.6920446
4641.56  0.7528384
4642.13  0.7640731
4642.70  0.7226902
4643.27  0.6824566
4643.84  0.701133
4644.41  0.7111681
4644.98  0.6542262
4645.55  0.5653574
4646.12  0.5225012
4646.69  0.5479695
4647.26  0.5767457
4647.83  0.6063194
4648.40  0.6439496
4648.97  0.6765908
4649.54  0.6950378
4650.11  0.720968
4650.68  0.7009563
4651.25  0.64153
4651.82  0.6371365
4652.39  0.720432
4652.96  0.7696004
4653.53  0.7299465
4654.10  0.6561726
4654.67  0.6512999
4655.24  0.636116
4655.81  0.5646955
4656.38  0.5452855
4656.95  0.6232376
4657.52  0.7501732
4658.09  0.862763
4658.66  0.9203053
4659.23  0.9409009
4659.80  0.9671281
4660.37  0.9741099
4660.94  0.9249209
4661.51  0.8464257
4662.08  0.7815522
4662.65  0.7389545
4663.22  0.726721
4663.79  0.7456451
4664.36  0.7727923
4664.93  0.8060403
4665.50  0.7958467
4666.07  0.7203729
4666.64  0.6004069
4667.21  0.4897977
4667.78  0.4680229
4668.35  0.5130629
4668.92  0.560717
4669.49  0.6013047
4670.06  0.6353924
4670.63  0.6843081
4671.20  0.7092817
4671.77  0.7024381
4672.34  0.6894887
4672.91  0.7067619
4673.48  0.7194176
4674.05  0.6588091
4674.62  0.6091773
4675.19  0.6661801
4675.76  0.7574047
4676.33  0.786695
4676.90  0.7782465
4677.47  0.7745537
4678.04  0.7528697
4678.61  0.7211596
4679.18  0.7047444
4679.75  0.6689492
4680.32  0.637192
4680.89  0.6049498
4681.46  0.5442454
4682.03  0.55999
4682.60  0.6679057
4683.17  0.7447875
4683.74  0.7483434
4684.31  0.7303522
4684.88  0.7363342
4685.45  0.7552234
4686.02  0.7489071
4686.59  0.6906949
4687.16  0.6184127
4687.73  0.605916
4688.30  0.6633253
4688.87  0.7315078
4689.44  0.7498062
4690.01  0.711871
4690.58  0.654215
4691.15  0.6584837
4691.72  0.7284873
4692.29  0.7692242
4692.86  0.7452547
4693.43  0.7298366
4694.00  0.7814624
4694.57  0.8407356
4695.14  0.9013919
4695.71  0.9464362
4696.28  0.9345063
4696.85  0.9013664
4697.42  0.8635027
4697.99  0.7534509
4698.56  0.6715223
4699.13  0.6967559
4699.70  0.7496632
4700.27  0.7654341
4700.84  0.7714782
4701.41  0.7931979
4701.98  0.7903306
4702.55  0.7442755
4703.12  0.7232079
4703.69  0.7388667
4704.26  0.7773147
4704.83  0.809495
4705.39  0.8051301
4705.96  0.7507617
4706.53  0.6862316
4707.10  0.643627
4707.67  0.6511562
4708.24  0.666369
4708.81  0.6451147
4709.38  0.6080887
4709.95  0.6536283
4710.52  0.7975169
4711.09  0.8799099
4711.66  0.8601285
4712.23  0.832436
4712.80  0.816973
4713.37  0.7739689
4713.94  0.6997378
4714.51  0.6269674
4715.08  0.5941238
4715.65  0.6561844
4716.22  0.7345301
4716.79  0.7645381
4717.36  0.7655802
4717.93  0.779066
4718.50  0.8080032
4719.07  0.8195795
4719.64  0.8463787
4720.21  0.8701861
4720.78  0.8726757
4721.35  0.8597025
4721.92  0.7886078
4722.49  0.7183818
4723.06  0.7549193
4723.63  0.8223998
4724.20  0.8626096
4724.77  0.9108062
4725.34  0.9263582
4725.91  0.8995833
4726.48  0.8265721
4727.05  0.7081596
4727.62  0.6215771
4728.19  0.5973067
4728.76  0.6218842
4729.33  0.6660477
4729.90  0.7028627
4730.47  0.6998082
4731.04  0.6713248
4731.61  0.6666523
4732.18  0.7274606
4732.75  0.7437576
4733.32  0.6929272
4733.89  0.7071325
4734.46  0.8094851
4735.03  0.8860494
4735.60  0.8621893
4736.17  0.7762255
4736.74  0.7050329
4737.31  0.7241524
4737.88  0.8192798
4738.45  0.8496602
4739.02  0.8054054
4739.59  0.7800446
4740.16  0.7653877
4740.73  0.7258677
4741.30  0.6786933
4741.87  0.6605982
4742.44  0.6918221
4743.01  0.7564551
4743.58  0.7959131
4744.15  0.765595
4744.72  0.7171375
4745.29  0.7318057
4745.86  0.8047013
4746.43  0.8533638
4747.00  0.8514549
4747.57  0.8375944
4748.14  0.8314238
4748.71  0.8166896
4749.28  0.8279063
4749.85  0.8908015
4750.42  0.9321054
4750.99  0.9002002
4751.56  0.8378404
4752.13  0.806702
4752.70  0.8054059
4753.27  0.7789823
4753.84  0.7563891
4754.41  0.7921346
4754.98  0.8275608
4755.55  0.8128341
4756.12  0.8109194
4756.69  0.818615
4757.26  0.7724921
4757.83  0.703927
4758.40  0.6507027
4758.97  0.6446822
4759.54  0.6985734
4760.11  0.7353307
4760.68  0.693657
4761.25  0.6183624
4761.82  0.5629061
4762.39  0.5465237
4762.96  0.5569381
4763.53  0.5497243
4764.10  0.5372658
4764.67  0.526266
4765.24  0.5034767
4765.81  0.4871858
4766.38  0.506845
4766.95  0.5523912
4767.52  0.5726012
4768.09  0.5763209
4768.66  0.5997021
4769.23  0.6329396
4769.80  0.657484
4770.37  0.6456819
4770.94  0.5976375
4771.51  0.5562669
4772.08  0.5351866
4772.65  0.5433801
4773.22  0.5865786
4773.79  0.6487508
4774.36  0.7085791
4774.93  0.7323767
4775.50  0.7140625
4776.07  0.7079545
4776.64  0.7298332
4777.21  0.7278765
4777.78  0.7000697
4778.35  0.679494
4778.91  0.6529698
4779.48  0.6473805
4780.05  0.667556
4780.62  0.6706277
4781.19  0.6422853
4781.76  0.6344291
4782.33  0.6157755
4782.90  0.5618436
4783.47  0.5315486
4784.04  0.549269
4784.61  0.6044558
4785.18  0.6466849
4785.75  0.616036
4786.32  0.5768836
4786.89  0.5908697
4787.46  0.6256605
4788.03  0.643687
4788.60  0.6068256
4789.17  0.569859
4789.74  0.5852817
4790.31  0.615298
4790.88  0.6339417
4791.45  0.6555104
4792.02  0.6663738
4792.59  0.7026321
4793.16  0.7602354
4793.73  0.7941056
4794.30  0.8155419
4794.87  0.8221282
4795.44  0.7921591
4796.01  0.733988
4796.58  0.7030178
4797.15  0.6968194
4797.72  0.6633652
4798.29  0.6200446
4798.86  0.5884991
4799.43  0.5800099
4800.00  0.609581
4800.57  0.6676045
4801.14  0.7358913
4801.71  0.7718018
4802.28  0.7907925
4802.85  0.7940785
4803.42  0.762489
4803.99  0.6945271
4804.56  0.6143844
4805.13  0.5685005
4805.70  0.5619624
4806.27  0.5589994
4806.84  0.5516579
4807.41  0.5433686
4807.98  0.5439012
4808.55  0.5526031
4809.12  0.5818615
4809.69  0.6159344
4810.26  0.616862
4810.83  0.5928114
4811.40  0.588043
4811.97  0.5929887
4812.54  0.6036515
4813.11  0.6208559
4813.68  0.6383725
4814.25  0.6374224
4814.82  0.6074961
4815.39  0.5812773
4815.96  0.597068
4816.53  0.6458036
4817.10  0.6727825
4817.67  0.6834403
4818.24  0.7028257
4818.81  0.7217896
4819.38  0.7212944
4819.95  0.6916612
4820.52  0.6791338
4821.09  0.7009841
4821.66  0.7245772
4822.23  0.7028649
4822.80  0.6319541
4823.37  0.5739486
4823.94  0.5847229
4824.51  0.6385664
4825.08  0.675003
4825.65  0.7061999
4826.22  0.7141072
4826.79  0.6579919
4827.36  0.5959474
4827.93  0.5854372
4828.50  0.5895929
4829.07  0.6130528
4829.64  0.680042
4830.21  0.7184761
4830.78  0.6610573
4831.35  0.5489692
4831.92  0.4767322
4832.49  0.5039528
4833.06  0.6012696
4833.63  0.6839557
4834.20  0.7346107
4834.77  0.7592548
4835.34  0.7292366
4835.91  0.685738
4836.48  0.6856752
4837.05  0.7191048
4837.62  0.7284216
4838.19  0.7087064
4838.76  0.6740864
4839.33  0.6368859
4839.90  0.5992837
4840.47  0.5897387
4841.04  0.6313056
4841.61  0.6809059
4842.18  0.6872586
4842.75  0.6461962
4843.32  0.6059739
4843.89  0.6159009
4844.46  0.6731229
4845.03  0.7248738
4845.60  0.7436333
4846.17  0.7432718
4846.74  0.723443
4847.31  0.6781579
4847.88  0.6132511
4848.45  0.5628334
4849.02  0.5691141
4849.59  0.612506
4850.16  0.6362811
4850.73  0.6048335
4851.30  0.5662017
4851.87  0.5849754
4852.43  0.6365044
4853.00  0.670496
4853.57  0.6682884
4854.14  0.6268802
4854.71  0.5610789
4855.28  0.5203404
4855.85  0.5461689
4856.42  0.6179373
4856.99  0.6669782
4857.56  0.6768108
4858.13  0.6630217
4858.70  0.6210009
4859.27  0.5752773
4859.84  0.5358176
4860.41  0.4537358
4860.98  0.3536554
4861.55  0.3558788
4862.12  0.4685111
4862.69  0.5742123
4863.26  0.5959218
4863.83  0.5539746
4864.40  0.5196801
4864.97  0.5327007
4865.54  0.5584059
4866.11  0.5925
4866.68  0.632076
4867.25  0.6300921
4867.82  0.6047165
4868.39  0.6185626
4868.96  0.6545953
4869.53  0.6681759
4870.10  0.6423705
4870.67  0.581032
4871.24  0.5174354
4871.81  0.507668
4872.38  0.5604538
4872.95  0.622305
4873.52  0.6498744
4874.09  0.6469501
4874.66  0.6011929
4875.23  0.5390687
4875.80  0.5448316
4876.37  0.6311636
4876.94  0.6950752
4877.51  0.674641
4878.08  0.6611544
4878.65  0.7157748
4879.22  0.7691271
4879.79  0.7475486
4880.36  0.6607702
4880.93  0.5602371
4881.50  0.5019824
4882.07  0.5362436
4882.64  0.613452
4883.21  0.6667384
4883.78  0.6922852
4884.35  0.6794313
4884.92  0.6180541
4885.49  0.5747295
4886.06  0.5603707
4886.63  0.5746034
4887.20  0.6308187
4887.77  0.6835225
4888.34  0.6704808
4888.91  0.6484668
4889.48  0.6526229
4890.05  0.6181553
4890.62  0.5429085
4891.19  0.5135296
4891.76  0.5801094
4892.33  0.6699762
4892.90  0.7016451
4893.47  0.7107311
4894.04  0.738803
4894.61  0.7939073
4895.18  0.8366792
4895.75  0.8503289
4896.32  0.845619
4896.89  0.8475403
4897.46  0.8579155
4898.03  0.8743429
4898.60  0.8650352
4899.17  0.7813971
4899.74  0.6747677
4900.31  0.6462286
4900.88  0.6958143
4901.45  0.7341614
4902.02  0.736905
4902.59  0.7051028
4903.16  0.6684153
4903.73  0.6628793
4904.30  0.6726862
4904.87  0.7301434
4905.44  0.8217425
4906.01  0.880996
4906.58  0.8793432
4907.15  0.8318151
4907.72  0.776169
4908.29  0.7296767
4908.86  0.678528
4909.43  0.6420621
4910.00  0.6319015
4910.57  0.6656855
4911.14  0.699497
4911.71  0.7228286
4912.28  0.7461073
4912.85  0.7413172
4913.42  0.7047849
4913.99  0.6995043
4914.56  0.7364259
4915.13  0.7906779
4915.70  0.8398165
4916.27  0.8610527
4916.84  0.8558435
4917.41  0.8210771
4917.98  0.754805
4918.55  0.6660087
4919.12  0.604409
4919.69  0.5584196
4920.26  0.5194876
4920.83  0.5295168
4921.40  0.570826
4921.97  0.6260154
4922.54  0.7000556
4923.11  0.7457803
4923.68  0.7136058
4924.25  0.645282
4924.82  0.5996049
4925.39  0.599952
4925.95  0.6604047
4926.52  0.7694886
4927.09  0.8246801
4927.66  0.8105728
4928.23  0.8072081
4928.80  0.8543026
4929.37  0.9089589
4929.94  0.9162353
4930.51  0.9051223
4931.08  0.9234121
4931.65  0.9306943
4932.22  0.9006508
4932.79  0.8167972
4933.36  0.6724554
4933.93  0.5656909
4934.50  0.6071094
4935.07  0.723284
4935.64  0.7999381
4936.21  0.8343052
4936.78  0.8237884
4937.35  0.7338871
4937.92  0.6341517
4938.49  0.5586774
4939.06  0.5148878
4939.63  0.5387557
4940.20  0.6533014
4940.77  0.7505381
4941.34  0.791926
4941.91  0.7842062
4942.48  0.7420377
4943.05  0.7518188
4943.62  0.795137
4944.19  0.8408832
4944.76  0.8757062
4945.33  0.8661533
4945.90  0.8364953
4946.47  0.8340522
4947.04  0.8672453
4947.61  0.8675829
4948.18  0.8488306
4948.75  0.8517603
4949.32  0.8817955
4949.89  0.9043903
4950.46  0.9575956
4951.03  1.014617
4951.60  1.024917
4952.17  0.9731061
4952.74  0.8899371
4953.31  0.8221501
4953.88  0.7706551
4954.45  0.6891946
4955.02  0.6069783
4955.59  0.5585496
4956.16  0.5293472
4956.73  0.4880293
4957.30  0.4314024
4957.87  0.404809
4958.44  0.4224463
4959.01  0.453107
4959.58  0.4951803
4960.15  0.5372846
4960.72  0.555613
4961.29  0.5469131
4961.86  0.5282021
4962.43  0.5199414
4963.00  0.5306157
4963.57  0.5507053
4964.14  0.5410422
4964.71  0.5097659
4965.28  0.489609
4965.85  0.4739797
4966.42  0.4668898
4966.99  0.4656202
4967.56  0.4741772
4968.13  0.4923661
4968.70  0.5263006
4969.27  0.5728374
4969.84  0.5819867
4970.41  0.5657664
4970.98  0.5579029
4971.55  0.5664061
4972.12  0.5824624
4972.69  0.5828074
4973.26  0.5875058
4973.83  0.611618
4974.40  0.6376696
4974.97  0.6465852
4975.54  0.6383814
4976.11  0.6267799
4976.68  0.6325341
4977.25  0.6323372
4977.82  0.6009248
4978.39  0.5676995
4978.96  0.5654442
4979.53  0.5708928
4980.10  0.576618
4980.67  0.5714903
4981.24  0.5249947
4981.81  0.4587269
4982.38  0.4249847
4982.95  0.4320408
4983.52  0.4658298
4984.09  0.5107666
4984.66  0.5557402
4985.23  0.5645798
4985.80  0.5600439
4986.37  0.5629466
4986.94  0.5811302
4987.51  0.6121917
4988.08  0.6411198
4988.65  0.6402607
4989.22  0.6106163
4989.79  0.5907019
4990.36  0.5640644
4990.93  0.5229288
4991.50  0.5317473
4992.07  0.6035579
4992.64  0.6753526
4993.21  0.6807191
4993.78  0.6080583
4994.35  0.5497933
4994.92  0.565031
4995.49  0.6187948
4996.06  0.6582302
4996.63  0.6278107
4997.20  0.5894273
4997.77  0.6034601
4998.34  0.6086248
4998.91  0.571764
4999.47  0.5030863
5000.04  0.4678751
5000.61  0.476209
5001.18  0.5062246
5001.75  0.5285777
5002.32  0.5366166
5002.89  0.5349804
5003.46  0.5302902
5004.03  0.5231212
5004.60  0.5244613
5005.17  0.522494
5005.74  0.5041575
5006.31  0.4806548
5006.88  0.4596406
5007.45  0.4647667
5008.02  0.5200643
5008.59  0.5826126
5009.16  0.5914649
5009.73  0.5529159
5010.30  0.5460489
5010.87  0.5631445
5011.44  0.5504676
5012.01  0.4911965
5012.58  0.4519312
5013.15  0.442465
5013.72  0.4214974
5014.29  0.3890641
5014.86  0.3997318
5015.43  0.4474949
5016.00  0.4854447
5016.57  0.5132378
5017.14  0.5413071
5017.71  0.5441918
5018.28  0.5240505
5018.85  0.5154671
5019.42  0.519444
5019.99  0.516975
5020.56  0.5367009
5021.13  0.5723952
5021.70  0.5757871
5022.27  0.5376212
5022.84  0.4960747
5023.41  0.507951
5023.98  0.5586655
5024.55  0.5692362
5025.12  0.5451051
5025.69  0.5554144
5026.26  0.610598
5026.83  0.6513273
5027.40  0.6353891
5027.97  0.6072597
5028.54  0.6231472
5029.11  0.6576594
5029.68  0.6802087
5030.25  0.6922419
5030.82  0.6847624
5031.39  0.6833956
5031.96  0.7121829
5032.53  0.7534072
5033.10  0.7822978
5033.67  0.7885445
5034.24  0.7825308
5034.81  0.7591683
5035.38  0.6882553
5035.95  0.5840237
5036.52  0.5181054
5037.09  0.5368435
5037.66  0.5910214
5038.23  0.6078634
5038.80  0.5850322
5039.37  0.5363548
5039.94  0.4718023
5040.51  0.4172229
5041.08  0.3759214
5041.65  0.3719459
5042.22  0.4443887
5042.79  0.5777428
5043.36  0.6702819
5043.93  0.6948738
5044.50  0.7249603
5045.07  0.7731242
5045.64  0.8027672
5046.21  0.8396201
5046.78  0.8636054
5047.35  0.8703276
5047.92  0.8355804
5048.49  0.7648759
5049.06  0.7123154
5049.63  0.6734626
5050.20  0.6445959
5050.77  0.6511347
5051.34  0.635317
5051.91  0.6009687
5052.48  0.6042825
5053.05  0.63533
5053.62  0.6946036
5054.19  0.7563335
5054.76  0.7957565
5055.33  0.8251017
5055.90  0.8512747
5056.47  0.8699937
5057.04  0.8618513
5057.61  0.8385861
5058.18  0.8295511
5058.75  0.8453197
5059.32  0.8442311
5059.89  0.7800594
5060.46  0.73088
5061.03  0.7884095
5061.60  0.8670439
5062.17  0.9037265
5062.74  0.9198887
5063.31  0.9216874
5063.88  0.867149
5064.45  0.7355683
5065.02  0.6093007
5065.59  0.586483
5066.16  0.6483884
5066.73  0.7287886
5067.30  0.7740581
5067.87  0.7751835
5068.44  0.7399448
5069.01  0.7041376
5069.58  0.7133667
5070.15  0.7760858
5070.72  0.8572889
5071.29  0.8776948
5071.86  0.8328569
5072.42  0.7729318
5072.99  0.7388908
5073.56  0.7770489
5074.13  0.8491081
5074.70  0.8873876
5075.27  0.8751887
5075.84  0.8303729
5076.41  0.7876546
5076.98  0.787236
5077.55  0.8438591
5078.12  0.9022266
5078.69  0.8856436
5079.26  0.7681753
5079.83  0.6251169
5080.40  0.5605935
5080.97  0.5833412
5081.54  0.6391526
5082.11  0.7068152
5082.68  0.7574022
5083.25  0.732268
5083.82  0.6773534
5084.39  0.6874196
5084.96  0.749568
5085.53  0.79957
5086.10  0.8480029
5086.67  0.8663122
5087.24  0.8323191
5087.81  0.818104
5088.38  0.8426262
5088.95  0.8889802
5089.52  0.9314376
5090.09  0.9400834
5090.66  0.9279909
5091.23  0.9169053
5091.80  0.9089649
5092.37  0.912021
5092.94  0.9281007
5093.51  0.9653763
5094.08  1.009566
5094.65  1.028447
5095.22  1.012292
5095.79  0.9951206
5096.36  0.9798484
5096.93  0.9469523
5097.50  0.9293395
5098.07  0.9413046
5098.64  0.9102302
5099.21  0.834843
5099.78  0.7941285
5100.35  0.8249584
5100.92  0.8933799
5101.49  0.9624507
5102.06  1.020948
5102.63  1.024234
5103.20  0.9945639
5103.77  0.9836373
5104.34  0.9799028
5104.91  0.9834851
5105.48  0.9673361
5106.05  0.9569452
5106.62  0.9785842
5107.19  0.95934
5107.76  0.8723011
5108.33  0.8283998
5108.90  0.863422
5109.47  0.8964207
5110.04  0.8571086
5110.61  0.7318935
5111.18  0.6758056
5111.75  0.7696365
5112.32  0.9004363
