6312.01  0.8270873
6312.44  0.8295619
6312.87  0.8588083
6313.30  0.885025
6313.73  0.9216993
6314.16  0.9381195
6314.59  0.8899495
6315.02  0.8462967
6315.44  0.8489898
6315.87  0.882149
6316.30  0.913854
6316.73  0.9434295
6317.16  0.9744399
6317.59  0.9366717
6318.02  0.8308693
6318.45  0.7758228
6318.88  0.8283349
6319.31  0.8954098
6319.74  0.9339677
6320.16  0.9427391
6320.59  0.9113215
6321.02  0.8857384
6321.45  0.8784519
6321.88  0.8701112
6322.31  0.8586015
6322.74  0.8239904
6323.17  0.8394588
6323.60  0.9282426
6324.03  0.9822782
6324.46  0.9579749
6324.88  0.8629451
6325.31  0.7722353
6325.74  0.8218594
6326.17  0.9356282
6326.60  0.9517301
6327.03  0.9047155
6327.46  0.8639486
6327.89  0.8702485
6328.32  0.9279313
6328.75  0.9771843
6329.17  0.9941663
6329.60  0.9707823
6330.03  0.8798451
6330.46  0.8198682
6330.89  0.8777232
6331.32  0.9381031
6331.75  0.9695296
6332.18  0.9636357
6332.61  0.9465871
6333.04  0.9642391
6333.47  0.9851911
6333.89  1.001977
6334.32  0.9938274
6334.75  0.9568499
6335.18  0.8528147
6335.61  0.7487777
6336.04  0.7719005
6336.47  0.8144927
6336.90  0.8413706
6337.33  0.8947774
6337.76  0.9748731
6338.19  0.9878144
6338.61  0.9576484
6339.04  0.9179299
6339.47  0.9152769
6339.90  0.9590867
6340.33  0.9750063
6340.76  1.011161
6341.19  1.024272
6341.62  0.9919767
6342.05  0.9556403
6342.48  0.980108
6342.91  1.005645
6343.33  0.9814683
6343.76  0.9333987
6344.19  0.8625714
6344.62  0.8351263
6345.05  0.8334364
6345.48  0.8305234
6345.91  0.8595099
6346.34  0.8915824
6346.77  0.9066526
6347.20  0.9191921
6347.62  0.9296622
6348.05  0.9388068
6348.48  0.9524722
6348.91  0.9787229
6349.34  0.9762263
6349.77  0.9376531
6350.20  0.945412
6350.63  0.9693404
6351.06  0.9562688
6351.49  0.9243558
6351.92  0.8841246
6352.34  0.8895808
6352.77  0.9134846
6353.20  0.9142327
6353.63  0.8823458
6354.06  0.8505028
6354.49  0.8440387
6354.92  0.8129426
6355.35  0.7836137
6355.78  0.8297108
6356.21  0.8747262
6356.64  0.8920016
6357.06  0.8766798
6357.49  0.8130761
6357.92  0.7774894
6358.35  0.7472389
6358.78  0.6634116
6359.21  0.6618053
6359.64  0.7430671
6360.07  0.7427319
6360.50  0.7692963
6360.93  0.8187945
6361.36  0.8213702
6361.78  0.8162816
6362.21  0.8230742
6362.64  0.8013884
6363.07  0.7614512
6363.50  0.793627
6363.93  0.8456914
6364.36  0.8411639
6364.79  0.7893623
6365.22  0.8013819
6365.65  0.8719183
6366.07  0.8734341
6366.50  0.8140936
6366.93  0.827383
6367.36  0.9037431
6367.79  0.9367718
6368.22  0.9382809
6368.65  0.9604821
6369.08  0.9597027
6369.51  0.9298671
6369.94  0.915348
6370.37  0.9057217
6370.79  0.8988754
6371.22  0.9031522
6371.65  0.9081389
6372.08  0.9349518
6372.51  0.9775129
6372.94  0.985661
6373.37  0.9865438
6373.80  0.9917634
6374.23  0.9602787
6374.66  0.9385935
6375.09  0.946479
6375.51  0.9562722
6375.94  0.9431824
6376.37  0.9430579
6376.80  0.9887926
6377.23  1.011593
6377.66  0.999487
6378.09  0.9671572
6378.52  0.8780894
6378.95  0.8033885
6379.38  0.8194582
6379.81  0.8896176
6380.23  0.9489062
6380.66  0.9276819
6381.09  0.8793685
6381.52  0.8850596
6381.95  0.9244927
6382.38  0.9520991
6382.81  0.9419491
6383.24  0.9370455
6383.67  0.9632626
6384.10  0.9241532
6384.52  0.8484109
6384.95  0.827069
6385.38  0.8518203
6385.81  0.8911918
6386.24  0.9031607
6386.67  0.903437
6387.10  0.9193687
6387.53  0.9133663
6387.96  0.8837725
6388.39  0.876604
6388.82  0.8792815
6389.24  0.8846257
6389.67  0.913276
6390.10  0.9138728
6390.53  0.8681702
6390.96  0.8790452
6391.39  0.9352696
6391.82  0.9293819
6392.25  0.869848
6392.68  0.8268084
6393.11  0.8025877
6393.54  0.739584
6393.96  0.7190498
6394.39  0.8223408
6394.82  0.9011784
6395.25  0.8998716
6395.68  0.9025681
6396.11  0.9212196
6396.54  0.94586
6396.97  0.966866
6397.40  0.9687256
6397.83  0.9434075
6398.26  0.9452497
6398.68  0.9710101
6399.11  0.982041
6399.54  0.9104578
6399.97  0.7740048
6400.40  0.6445472
6400.83  0.6898779
6401.26  0.863378
6401.69  0.963037
6402.12  0.9773509
6402.55  0.9444825
6402.97  0.957778
6403.40  0.9668341
6403.83  0.9728498
6404.26  1.003822
6404.69  0.9982688
6405.12  0.9979645
6405.55  0.9737522
6405.98  0.9674455
6406.41  0.9933809
6406.84  0.9949017
6407.27  0.9706324
6407.69  0.929783
6408.12  0.8605335
6408.55  0.8663417
6408.98  0.9458334
6409.41  1.008215
6409.84  1.022313
6410.27  0.9964143
6410.70  0.9692055
6411.13  0.948488
6411.56  0.8829266
6411.99  0.8333128
6412.41  0.8725234
6412.84  0.890715
6413.27  0.8135739
6413.70  0.7945418
6414.13  0.8772963
6414.56  0.8995273
6414.99  0.8595662
6415.42  0.8544198
6415.85  0.8853651
6416.28  0.9318857
6416.71  0.9422159
6417.13  0.9086536
6417.56  0.9050326
6417.99  0.9007642
6418.42  0.8771596
6418.85  0.8691297
6419.28  0.8508028
6419.71  0.8136246
6420.14  0.8069651
6420.57  0.8311011
6421.00  0.7784638
6421.42  0.6830183
6421.85  0.7025492
6422.28  0.8233357
6422.71  0.882562
6423.14  0.9120066
6423.57  0.9244488
6424.00  0.9055026
6424.43  0.8630644
6424.86  0.8489321
6425.29  0.8537195
6425.72  0.8434156
6426.14  0.8614764
6426.57  0.8907354
6427.00  0.8936549
6427.43  0.9080762
6427.86  0.932657
6428.29  0.9197972
6428.72  0.8754699
6429.15  0.8710145
6429.58  0.8968292
6430.01  0.8594714
6430.44  0.7694886
6430.86  0.6552559
6431.29  0.6564632
6431.72  0.7596034
6432.15  0.8309651
6432.58  0.8824795
6433.01  0.8921251
6433.44  0.8804228
6433.87  0.9016932
6434.30  0.9327199
6434.73  0.8912801
6435.16  0.8066081
6435.58  0.8312864
6436.01  0.9127221
6436.44  0.926402
6436.87  0.9243304
6437.30  0.9455712
6437.73  0.9381083
6438.16  0.9014454
6438.59  0.8610609
6439.02  0.7736789
6439.45  0.7469437
6439.87  0.8581896
6440.30  0.9371338
6440.73  0.9591876
6441.16  0.9693446
6441.59  0.9902686
6442.02  0.9975981
6442.45  0.9737044
6442.88  0.9686259
6443.31  0.9790293
6443.74  0.9685953
6444.17  0.9431713
6444.59  0.9376416
6445.02  0.95214
6445.45  0.9392391
6445.88  0.943643
6446.31  0.9654083
6446.74  0.9652147
6447.17  0.9760502
6447.60  0.9624698
6448.03  0.8720031
6448.46  0.837397
6448.89  0.8543926
6449.31  0.8172002
6449.74  0.7386047
6450.17  0.6701257
6450.60  0.7031759
6451.03  0.8081717
6451.46  0.8527172
6451.89  0.8225281
6452.32  0.7911732
6452.75  0.8322444
6453.18  0.9008941
6453.61  0.9246204
6454.03  0.9433982
6454.46  0.9456112
6454.89  0.9146028
6455.32  0.8681006
6455.75  0.8261493
6456.18  0.8284564
6456.61  0.8630182
6457.04  0.8964705
6457.47  0.9032475
6457.90  0.9042994
6458.32  0.9340414
6458.75  0.9446485
6459.18  0.9466735
6459.61  0.9648834
6460.04  0.974591
6460.47  0.9845847
6460.90  0.9762679
6461.33  0.9807597
6461.76  0.9913789
6462.19  0.8933168
6462.62  0.7104122
6463.04  0.6607995
6463.47  0.8070553
6463.90  0.9087288
6464.33  0.8964547
6464.76  0.8514784
6465.19  0.8717138
6465.62  0.9346593
6466.05  0.9481101
6466.48  0.9312022
6466.91  0.8702522
6467.34  0.8695167
6467.76  0.9695699
6468.19  1.039167
6468.62  0.9748328
6469.05  0.8874543
6469.48  0.8820734
6469.91  0.9418989
6470.34  0.9586227
6470.77  0.9470165
6471.20  0.9067451
6471.63  0.8081214
6472.06  0.794122
6472.48  0.9102132
6472.91  0.9700939
6473.34  0.9494815
6473.77  0.8416623
6474.20  0.7060859
6474.63  0.6959711
6475.06  0.7174733
6475.49  0.7260702
6475.92  0.7291567
6476.35  0.7967817
6476.77  0.8981476
6477.20  0.9554095
6477.63  0.9315292
6478.06  0.8731499
6478.49  0.8234771
6478.92  0.7805961
6479.35  0.7849091
6479.78  0.8406335
6480.21  0.8530039
6480.64  0.8468686
6481.07  0.8270777
6481.49  0.7773638
6481.92  0.6882806
6482.35  0.6269527
6482.78  0.6267473
6483.21  0.6838717
6483.64  0.7396094
6484.07  0.7376416
6484.50  0.7338434
6484.93  0.7524475
6485.36  0.7715929
6485.79  0.7658147
6486.21  0.7603963
6486.64  0.7747406
6487.07  0.79362
6487.50  0.8166156
6487.93  0.8174624
6488.36  0.8105868
6488.79  0.8194584
6489.22  0.8156476
6489.65  0.7622019
6490.08  0.7049044
6490.51  0.7307496
6490.93  0.7922147
6491.36  0.8092342
6491.79  0.7565261
6492.22  0.7398084
6492.65  0.8055925
6493.08  0.8271947
6493.51  0.769495
6493.94  0.6808023
6494.37  0.6541064
6494.80  0.607884
6495.23  0.5503368
6495.65  0.6236762
6496.08  0.6970248
6496.51  0.6280439
6496.94  0.4857785
6497.37  0.5023877
6497.80  0.6384725
6498.23  0.7269075
6498.66  0.6981968
6499.09  0.6103516
6499.52  0.6218511
6499.94  0.7098928
6500.37  0.7868017
6500.80  0.795006
6501.23  0.7568752
6501.66  0.73311
6502.09  0.7780074
6502.52  0.7981002
6502.95  0.7994284
6503.38  0.7982691
6503.81  0.794889
6504.24  0.780142
6504.66  0.7934351
6505.09  0.8296683
6505.52  0.8419511
6505.95  0.8496099
6506.38  0.8506831
6506.81  0.8428109
6507.24  0.8281305
6507.67  0.7910696
6508.10  0.7575618
6508.53  0.7411237
6508.96  0.7576838
6509.38  0.7816654
6509.81  0.8051606
6510.24  0.8355803
6510.67  0.840733
6511.10  0.8208739
6511.53  0.8420982
6511.96  0.8564251
6512.39  0.81468
6512.82  0.7908121
6513.25  0.7907421
6513.68  0.7749732
6514.10  0.7912843
6514.53  0.7916386
6514.96  0.737923
6515.39  0.6899691
6515.82  0.6752519
6516.25  0.7281662
6516.68  0.7929996
6517.11  0.7989889
6517.54  0.8097415
6517.97  0.7955274
6518.39  0.7156016
6518.82  0.7114962
6519.25  0.7879393
6519.68  0.8352231
6520.11  0.8543441
6520.54  0.8649473
6520.97  0.8576157
6521.40  0.8586602
6521.83  0.8758654
6522.26  0.8705049
6522.69  0.8228036
6523.11  0.8018971
6523.54  0.850813
6523.97  0.8888993
6524.40  0.9096226
6524.83  0.9180031
6525.26  0.9116997
6525.69  0.9188225
6526.12  0.9062158
6526.55  0.865803
6526.98  0.8104492
6527.41  0.7967752
6527.83  0.856267
6528.26  0.8974974
6528.69  0.9127494
6529.12  0.9093538
6529.55  0.8884453
6529.98  0.9034176
6530.41  0.9499013
6530.84  0.9473689
6531.27  0.8625203
6531.70  0.7812331
6532.13  0.8596064
6532.55  0.8651869
6532.98  0.8052839
6533.41  0.8259544
6533.84  0.8840593
6534.27  0.9026694
6534.70  0.9278543
6535.13  0.9510797
6535.56  0.9769458
6535.99  0.9685319
6536.42  0.9549979
6536.84  0.9330062
6537.27  0.9375027
6537.70  0.8952363
6538.13  0.842595
6538.56  0.8880895
6538.99  0.9666498
6539.42  0.9993435
6539.85  1.002059
6540.28  0.9930921
6540.71  1.004092
6541.14  0.9795303
6541.56  0.9083471
6541.99  0.9256505
6542.42  0.933635
6542.85  0.8549166
6543.28  0.7904179
6543.71  0.8114574
6544.14  0.8446799
6544.57  0.8608835
6545.00  0.8679731
6545.43  0.8727226
6545.86  0.8138731
6546.28  0.7107614
6546.71  0.7269571
6547.14  0.8286391
6547.57  0.8123012
6548.00  0.8152134
6548.43  0.8831401
6548.86  0.921099
6549.29  0.9084405
6549.72  0.8391785
6550.15  0.8113504
6550.58  0.837665
6551.00  0.8295239
6551.43  0.7420063
6551.86  0.6916788
6552.29  0.7984733
6552.72  0.8479385
6553.15  0.8546603
6553.58  0.8520114
6554.01  0.7767748
6554.44  0.7262672
6554.87  0.8125116
6555.29  0.8566543
6555.72  0.7646934
6556.15  0.6409954
6556.58  0.7435507
6557.01  0.854309
6557.44  0.8467314
6557.87  0.8353662
6558.30  0.8434467
6558.73  0.8810287
6559.16  0.9069452
6559.59  0.8832704
6560.01  0.8716867
6560.44  0.8815674
6560.87  0.9164114
6561.30  0.9496279
6561.73  0.8866666
6562.16  0.606663
6562.59  0.2958078
6563.02  0.2094291
6563.45  0.355917
6563.88  0.6148736
6564.31  0.8065039
6564.73  0.8781408
6565.16  0.9057266
6565.59  0.8819501
6566.02  0.8564061
6566.45  0.8847501
6566.88  0.8780552
6567.31  0.8841707
6567.74  0.8920011
6568.17  0.9204161
6568.60  0.9230154
6569.03  0.8426661
6569.45  0.7928644
6569.88  0.8435782
6570.31  0.8947728
6570.74  0.8827363
6571.17  0.8355298
6571.60  0.8811688
6572.03  0.9378856
6572.46  0.8195541
6572.89  0.6668605
6573.32  0.753157
6573.74  0.8031426
6574.17  0.7063942
6574.60  0.7029414
6575.03  0.7488393
6575.46  0.8197934
6575.89  0.9100234
6576.32  0.8886328
6576.75  0.8606114
6577.18  0.9191348
6577.61  0.939512
6578.04  0.9029098
6578.46  0.896123
6578.89  0.8651167
6579.32  0.8405514
6579.75  0.8645594
6580.18  0.8950325
6580.61  0.8755637
6581.04  0.7799038
6581.47  0.7602922
6581.90  0.8589778
6582.33  0.9261944
6582.76  0.9330527
6583.18  0.9222319
6583.61  0.9202093
6584.04  0.9442052
6584.47  0.9531954
6584.90  0.9345783
6585.33  0.9092882
6585.76  0.8952497
6586.19  0.8670874
6586.62  0.8800988
6587.05  0.9483695
6587.48  0.9902439
6587.90  1.00985
6588.33  1.019124
6588.76  0.9980803
6589.19  0.95907
6589.62  0.9563814
6590.05  0.992276
6590.48  1.017886
6590.91  0.9792206
6591.34  0.9320033
6591.77  0.9157922
6592.19  0.9054599
6592.62  0.8282297
6593.05  0.7482438
6593.48  0.7550479
6593.91  0.7508158
6594.34  0.7936176
6594.77  0.8926115
6595.20  0.917065
6595.63  0.9143013
6596.06  0.9164729
6596.49  0.9381815
6596.91  0.947458
6597.34  0.9274963
6597.77  0.9253771
6598.20  0.9287709
6598.63  0.8565467
6599.06  0.7411157
6599.49  0.7891881
6599.92  0.9258595
6600.35  0.9671146
6600.78  0.95476
6601.21  0.9466879
6601.63  0.9678058
6602.06  0.9858308
6602.49  0.9621828
6602.92  0.9575964
6603.35  0.9549643
6603.78  0.9703127
6604.21  0.9646823
6604.64  0.9085862
6605.07  0.9227219
6605.50  0.9446822
6605.93  0.8877403
6606.35  0.8689469
6606.78  0.9133185
6607.21  0.9263973
6607.64  0.9000258
6608.07  0.8604176
6608.50  0.8857553
6608.93  0.8642279
6609.36  0.7858833
6609.79  0.773421
6610.22  0.854076
6610.64  0.9321123
6611.07  0.9783139
6611.50  0.9924461
6611.93  0.9885852
6612.36  0.9885693
6612.79  1.009495
6613.22  0.9780024
6613.65  0.8666809
6614.08  0.8370366
6614.51  0.9238115
6614.94  0.9786348
6615.36  0.9765924
6615.79  0.9819523
6616.22  0.9788854
6616.65  0.9652449
6617.08  0.9724621
6617.51  0.9809816
6617.94  0.9591828
6618.37  0.9329353
6618.80  0.9229938
6619.23  0.9407667
6619.66  0.9557397
6620.08  0.9678946
6620.51  0.9810714
6620.94  0.978489
6621.37  0.9786735
6621.80  0.9702578
6622.23  0.9520865
6622.66  0.9440549
6623.09  0.9292271
6623.52  0.9245115
6623.95  0.9114926
6624.38  0.8938733
6624.80  0.8043947
6625.23  0.7748312
6625.66  0.8568295
6626.09  0.8861643
6626.52  0.8943455
6626.95  0.9156208
6627.38  0.9196127
6627.81  0.9354835
6628.24  0.9446881
6628.67  0.945968
6629.09  0.956874
6629.52  0.931533
6629.95  0.8882037
6630.38  0.9002006
6630.81  0.9588146
6631.24  0.9697579
6631.67  0.9611564
6632.10  0.9413809
6632.53  0.9589234
6632.96  0.9838131
6633.39  0.9445639
6633.81  0.8970868
6634.24  0.9107295
6634.67  0.9358554
6635.10  0.9293708
6635.53  0.9000894
6635.96  0.9066366
6636.39  0.9225557
6636.82  0.9295867
6637.25  0.9440869
6637.68  0.9435903
6638.11  0.938176
6638.53  0.9664418
6638.96  0.981877
6639.39  0.9534386
6639.82  0.9151108
6640.25  0.9267108
6640.68  0.9787402
6641.11  1.000162
6641.54  0.9911221
6641.97  1.008964
6642.40  1.014711
6642.83  0.9894271
6643.25  0.9194484
6643.68  0.8273036
6644.11  0.8652687
6644.54  0.9673285
6644.97  0.9826116
6645.40  0.9672519
6645.83  0.9848456
6646.26  1.003184
6646.69  0.9790391
6647.12  0.9496182
6647.54  0.9492573
6647.97  0.9023367
6648.40  0.9106545
6648.83  0.9821851
6649.26  0.981343
6649.69  0.9317777
6650.12  0.9041861
6650.55  0.8974239
6650.98  0.8608129
6651.41  0.7755159
6651.84  0.7557982
6652.26  0.7899441
6652.69  0.8163327
6653.12  0.8372602
6653.55  0.8626815
6653.98  0.8701553
6654.41  0.8752106
6654.84  0.8961012
6655.27  0.8940238
6655.70  0.8712974
6656.13  0.8682789
6656.56  0.8575533
6656.98  0.8532433
6657.41  0.8606083
6657.84  0.8747109
6658.27  0.8900476
6658.70  0.8898258
6659.13  0.8771065
6659.56  0.872454
6659.99  0.8871014
6660.42  0.9010299
6660.85  0.8925598
6661.28  0.8887155
6661.70  0.9036533
6662.13  0.9179303
6662.56  0.9127884
6662.99  0.8654094
6663.42  0.8010126
6663.85  0.8315374
6664.28  0.9084204
6664.71  0.9443716
6665.14  0.9377235
6665.57  0.9109829
6665.99  0.9084194
6666.42  0.9078501
6666.85  0.9175845
6667.28  0.8999286
6667.71  0.8943368
6668.14  0.9228197
6668.57  0.9592721
6669.00  0.9666445
6669.43  0.9661062
6669.86  0.9686964
6670.29  0.9789109
6670.71  0.9880625
6671.14  0.9935056
6671.57  0.9756343
6672.00  0.9922919
6672.43  0.9973068
6672.86  0.9912311
6673.29  1.002358
6673.72  0.9695933
6674.15  0.963465
6674.58  0.9885606
6675.01  0.9779657
6675.43  0.985886
6675.86  0.9870981
6676.29  0.9974633
6676.72  0.9954661
6677.15  0.9398645
6677.58  0.8757719
6678.01  0.8251521
6678.44  0.8270915
6678.87  0.8855881
6679.30  0.930614
6679.73  0.9560059
6680.15  0.9517791
6680.58  0.890875
6681.01  0.8090981
6681.44  0.7861183
6681.87  0.7985125
6682.30  0.8163747
6682.73  0.8400228
6683.16  0.8508778
6683.59  0.8775077
6684.02  0.9165758
6684.44  0.9047686
6684.87  0.8826631
6685.30  0.8882747
6685.73  0.8766924
6686.16  0.8722941
6686.59  0.8897957
6687.02  0.8863311
6687.45  0.8524932
6687.88  0.853591
6688.31  0.8781309
6688.74  0.8880792
6689.16  0.8901616
6689.59  0.9015911
6690.02  0.9089769
6690.45  0.8956665
6690.88  0.8981949
6691.31  0.9090537
6691.74  0.909505
6692.17  0.9088044
6692.60  0.905939
6693.03  0.9007797
6693.46  0.9043941
6693.88  0.9241934
6694.31  0.9221789
6694.74  0.9145327
6695.17  0.9250202
6695.60  0.9235932
6696.03  0.892783
6696.46  0.8871222
6696.89  0.9131532
6697.32  0.9346575
6697.75  0.9348785
6698.18  0.9272395
6698.60  0.9296862
6699.03  0.9484173
6699.46  0.9605641
6699.89  0.9837413
6700.32  0.9822971
6700.75  0.9900209
6701.18  0.9801781
6701.61  0.9695625
6702.04  0.9865584
6702.47  0.9763352
6702.90  0.9725325
6703.32  0.9480945
6703.75  0.943481
6704.18  0.9733198
6704.61  0.9562972
6705.04  0.9541408
6705.47  0.9767183
6705.90  0.97528
6706.33  0.9726263
6706.76  0.9926968
6707.19  1.018064
6707.61  1.010868
6708.04  1.003571
6708.47  1.021447
6708.90  1.031572
6709.33  1.02188
6709.76  0.9711755
6710.19  0.9182241
6710.62  0.950725
6711.05  0.9847581
6711.48  0.9805877
6711.91  0.9955249
6712.33  0.9962624
6712.76  0.9815222
6713.19  0.9870912
6713.62  0.9667534
6714.05  0.9019355
6714.48  0.8470607
6714.91  0.8264124
6715.34  0.8253103
6715.77  0.8444471
6716.20  0.8588099
6716.63  0.8613554
6717.05  0.8508933
6717.48  0.8060666
6717.91  0.7857624
6718.34  0.8261546
6718.77  0.8574758
6719.20  0.8490233
6719.63  0.8410284
6720.06  0.8672268
6720.49  0.8846501
6720.92  0.8761591
6721.35  0.8711094
6721.77  0.8692139
6722.20  0.8574494
6722.63  0.8602421
6723.06  0.8823449
6723.49  0.8876812
6723.92  0.8791255
6724.35  0.8866225
6724.78  0.8983216
6725.21  0.8897973
6725.64  0.8668715
6726.06  0.8696008
6726.49  0.8831251
6726.92  0.8952796
6727.35  0.9075511
6727.78  0.9070389
6728.21  0.8989998
6728.64  0.9014131
6729.07  0.9122587
6729.50  0.9215906
6729.93  0.9218844
6730.36  0.916921
6730.78  0.9268078
6731.21  0.9439484
6731.64  0.9401495
6732.07  0.9321828
6732.50  0.9364904
6732.93  0.9373306
6733.36  0.9529577
6733.79  0.947572
6734.22  0.9393423
6734.65  0.9264134
6735.08  0.9296495
6735.50  0.9496705
6735.93  0.9634584
6736.36  0.9650406
6736.79  0.9509331
6737.22  0.9462487
6737.65  0.9611636
6738.08  0.9542733
6738.51  0.9349346
6738.94  0.9064143
6739.37  0.874226
6739.80  0.8753723
6740.22  0.9137719
6740.65  0.9485409
6741.08  0.974947
6741.51  0.9653168
6741.94  0.9570111
6742.37  0.9506917
6742.80  0.8876947
6743.23  0.879705
6743.66  0.9281764
6744.09  0.9562619
6744.51  0.9882469
6744.94  1.004096
6745.37  0.984602
6745.80  0.9690971
6746.23  0.9471861
6746.66  0.9398791
6747.09  0.9265722
6747.52  0.8836921
6747.95  0.8594201
6748.38  0.8685189
6748.81  0.8804567
6749.23  0.8898764
6749.66  0.8811399
6750.09  0.8640557
6750.52  0.904392
6750.95  0.9450247
