3944.37  0.9776565
3944.94  0.9905918
3945.51  0.9931673
3946.08  0.9987289
3946.65  1.002434
3947.22  1.001208
3947.79  1.003498
3948.36  0.9989201
3948.93  0.996268
3949.50  1.000056
3950.07  0.997668
3950.64  0.9987987
3951.21  1.001026
3951.78  0.999901
3952.35  0.9956188
3952.92  0.9965989
3953.49  0.9975717
3954.06  1.000358
3954.63  0.9961753
3955.20  0.9914498
3955.77  0.995961
3956.34  1.000162
3956.91  1.003736
3957.48  1.003804
3958.05  1.001947
3958.61  0.9991813
3959.18  0.9994854
3959.75  0.9976116
3960.32  0.9895053
3960.89  0.9792317
3961.46  0.9712359
3962.03  0.9508268
3962.60  0.9369423
3963.17  0.9397026
3963.74  0.9432636
3964.31  0.9377955
3964.88  0.9292106
3965.45  0.9149436
3966.02  0.8995795
3966.59  0.8891985
3967.16  0.8753381
3967.73  0.842732
3968.30  0.8024122
3968.87  0.7766408
3969.44  0.7473513
3970.01  0.7181799
3970.58  0.7104101
3971.15  0.7195224
3971.72  0.7464603
3972.29  0.7988892
3972.86  0.8452166
3973.43  0.8843666
3974.00  0.911727
3974.57  0.9344106
3975.14  0.9539845
3975.71  0.960094
3976.28  0.9720315
3976.85  0.9750617
3977.42  0.9806275
3977.99  0.9837075
3978.56  0.9926397
3979.13  0.9904523
3979.70  0.9924615
3980.27  0.9920483
3980.84  0.9939399
3981.41  0.9935818
3981.98  0.9946581
3982.55  0.9966301
3983.12  1.000037
3983.69  1.002159
3984.26  0.9945527
3984.83  0.9958839
3985.40  1.001441
3985.97  1.000087
3986.54  0.9993104
3987.11  0.9960628
3987.68  0.9996581
3988.25  1.006806
3988.82  1.006692
3989.39  1.004948
3989.96  0.9984271
3990.53  0.9977883
3991.10  1.00285
3991.67  0.9996998
3992.24  1.004663
3992.81  0.9960697
3993.38  0.9988347
3993.95  1.003698
3994.52  0.9898454
3995.09  0.9966512
3995.66  1.003238
3996.23  0.9985846
3996.80  0.9992374
3997.37  1.001842
3997.94  1.004993
3998.51  1.001095
3999.08  0.9961015
3999.65  0.9939714
4000.22  0.9930003
4000.79  0.9990237
4001.36  0.9970747
4001.93  0.9985226
4002.50  0.9971247
4003.07  0.9967555
4003.64  0.9941566
4004.21  0.9881189
4004.78  0.9875184
4005.35  0.9862514
4005.92  0.9869577
4006.49  0.986141
4007.06  0.9794423
4007.63  0.9705022
4008.20  0.9702122
4008.77  0.9655311
4009.34  0.9641992
4009.91  0.964134
4010.48  0.969809
4011.05  0.9743505
4011.62  0.9798893
4012.19  0.9865702
4012.76  0.9903679
4013.33  0.9916199
4013.90  0.9921204
4014.47  0.990908
4015.04  0.9883633
4015.61  0.9913443
4016.18  0.9920969
4016.75  0.9921015
4017.32  0.991371
4017.89  0.9890808
4018.46  0.9913232
4019.03  0.9940033
4019.60  0.9933003
4020.17  0.9861031
4020.74  0.9865109
4021.31  0.9825507
4021.88  0.974381
4022.45  0.9604687
4023.02  0.9465335
4023.59  0.9328864
4024.16  0.9094097
4024.73  0.8826364
4025.30  0.8600309
4025.87  0.8333002
4026.44  0.8221256
4027.01  0.8265355
4027.58  0.8490909
4028.15  0.8860146
4028.72  0.9242013
4029.29  0.954111
4029.86  0.977814
4030.43  0.9847261
4031.00  0.9852508
4031.57  0.9868686
4032.14  0.9891075
4032.71  0.9864862
4033.28  0.986388
4033.85  0.9849149
4034.42  0.9898059
4034.99  0.9854975
4035.56  0.9893118
4036.13  0.9913891
4036.70  0.9905807
4037.27  0.9874389
4037.84  0.9913747
4038.41  0.989665
4038.98  0.9871078
4039.55  0.9900073
4040.12  0.9913765
4040.69  0.9921827
4041.26  0.9911554
4041.83  0.9856256
4042.40  0.9908316
4042.97  0.9963329
4043.54  0.9935455
4044.11  0.9905475
4044.68  0.9948182
4045.25  1.000326
4045.82  0.9973229
4046.39  0.9982725
4046.96  0.9979809
4047.52  0.9999374
4048.09  1.001748
4048.66  1.003816
4049.23  1.001289
4049.80  1.000016
4050.37  1.002183
4050.94  1.001306
4051.51  1.003274
4052.08  0.9995944
4052.65  0.9964281
4053.22  0.9992353
4053.79  0.9956669
4054.36  0.9947112
4054.93  0.9933841
4055.50  0.9954016
4056.07  0.9965411
4056.64  0.9928209
4057.21  0.9908263
4057.78  0.985835
4058.35  0.9854758
4058.92  0.986486
4059.49  0.9887332
4060.06  0.9922011
4060.63  0.988455
4061.20  0.9909955
4061.77  0.990522
4062.34  0.9915026
4062.91  0.9960485
4063.48  0.9999687
4064.05  0.9973826
4064.62  0.9991933
4065.19  0.9965777
4065.76  1.003571
4066.33  1.001687
4066.90  0.9943616
4067.47  0.9835445
4068.04  0.9661673
4068.61  0.9524124
4069.18  0.9435989
4069.75  0.9329199
4070.32  0.929701
4070.89  0.9393927
4071.46  0.9502637
4072.03  0.9674821
4072.60  0.9718931
4073.17  0.9724755
4073.74  0.977294
4074.31  0.9787031
4074.88  0.982989
4075.45  0.9865149
4076.02  0.9871816
4076.59  0.9848669
4077.16  0.9875162
4077.73  0.994647
4078.30  0.9950143
4078.87  1.00057
4079.44  1.001961
4080.01  0.9999208
4080.58  0.9973633
4081.15  0.9967756
4081.72  0.9957982
4082.29  0.9899583
4082.86  0.987435
4083.43  0.9913687
4084.00  0.9953275
4084.57  0.9947419
4085.14  0.9916476
4085.71  0.9934793
4086.28  0.9860686
4086.85  0.9750969
4087.42  0.9686466
4087.99  0.9545919
4088.56  0.9318755
4089.13  0.9041124
4089.70  0.8918832
4090.27  0.9001828
4090.84  0.925171
4091.41  0.9557461
4091.98  0.9745656
4092.55  0.9759749
4093.12  0.9739435
4093.69  0.9682733
4094.26  0.960304
4094.83  0.9532281
4095.40  0.9426044
4095.97  0.9325736
4096.54  0.906216
4097.11  0.8661708
4097.68  0.834322
4098.25  0.8133133
4098.82  0.8006425
4099.39  0.7928324
4099.96  0.7823806
4100.53  0.7591559
4101.10  0.7299632
4101.67  0.6964377
4102.24  0.6746477
4102.81  0.6750761
4103.38  0.6973901
4103.95  0.7400313
4104.52  0.786978
4105.09  0.8334544
4105.66  0.8773581
4106.23  0.9112639
4106.80  0.9312204
4107.37  0.9440632
4107.94  0.9551226
4108.51  0.9592659
4109.08  0.9635841
4109.65  0.9677865
4110.22  0.9716095
4110.79  0.9788046
4111.36  0.9805953
4111.93  0.9821653
4112.50  0.9823751
4113.07  0.9834674
4113.64  0.9859524
4114.21  0.9843297
4114.78  0.9768075
4115.35  0.9718089
4115.92  0.9533758
4116.49  0.9358076
4117.06  0.9293121
4117.63  0.9314379
4118.20  0.9481816
4118.77  0.9595351
4119.34  0.9616246
4119.91  0.9553196
4120.48  0.9542239
4121.05  0.9542302
4121.62  0.9572366
4122.19  0.9624389
4122.76  0.9738601
4123.33  0.9897464
4123.90  1.001025
4124.47  1.003164
4125.04  1.00375
4125.61  1.001401
4126.18  0.9976987
4126.75  0.9986458
4127.32  0.9992723
4127.89  0.9977243
4128.46  0.9960982
4129.03  0.995382
4129.60  0.9971094
4130.17  0.992403
4130.74  0.9967789
4131.31  0.9914505
4131.88  0.9955132
4132.45  0.9959808
4133.02  0.9949017
4133.59  0.9975902
4134.16  0.9993964
4134.73  1.002846
4135.30  1.003287
4135.87  1.003655
4136.43  1.000634
4137.00  1.003604
4137.57  0.9998018
4138.14  0.9978917
4138.71  0.9999526
4139.28  0.9990646
4139.85  0.9916302
4140.42  0.9882619
4140.99  0.9842762
4141.56  0.9734937
4142.13  0.9673965
4142.70  0.958508
4143.27  0.9508856
4143.84  0.9450596
4144.41  0.942421
4144.98  0.9458753
4145.55  0.963539
4146.12  0.9711713
4146.69  0.9820958
4147.26  0.989599
4147.83  0.9885465
4148.40  0.9941959
4148.97  0.9984851
4149.54  0.9974985
4150.11  0.9920992
4150.68  0.9917225
4151.25  0.9888521
4151.82  0.9846654
4152.39  0.9784103
4152.96  0.9815922
4153.53  0.984162
4154.10  0.9846629
4154.67  0.9863349
4155.24  0.9899451
4155.81  0.9945088
4156.38  0.9890931
4156.95  0.984501
4157.52  0.9887332
4158.09  0.9903713
4158.66  0.9967217
4159.23  1.00043
4159.80  0.9990494
4160.37  1.001987
4160.94  1.001749
4161.51  0.9935682
4162.08  0.9929833
4162.65  0.9898778
4163.22  0.9789093
4163.79  0.9792789
4164.36  0.9851184
4164.93  0.9880226
4165.50  0.9925043
4166.07  0.9950252
4166.64  0.9937112
4167.21  0.986711
4167.78  0.9880627
4168.35  0.99187
4168.92  0.9881717
4169.49  0.9887303
4170.06  0.9880459
4170.63  0.9870297
4171.20  0.9910558
4171.77  0.9978681
4172.34  0.9975118
4172.91  0.9937679
4173.48  0.9953899
4174.05  0.9926571
4174.62  0.9979978
4175.19  0.9989088
4175.76  0.9989294
4176.33  1.001321
4176.90  0.9997172
4177.47  0.9955991
4178.04  0.9940063
4178.61  0.9942551
4179.18  0.9911011
4179.75  0.991514
4180.32  0.9903664
4180.89  0.9934844
4181.46  1.002098
4182.03  0.9984111
4182.60  0.995793
4183.17  0.9942999
4183.74  0.9905664
4184.31  0.9854996
4184.88  0.9836426
4185.45  0.9830192
4186.02  0.9784134
4186.59  0.9736945
4187.16  0.9676064
4187.73  0.9655483
4188.30  0.9716048
4188.87  0.976909
4189.44  0.9838217
4190.01  0.9872603
4190.58  0.9892057
4191.15  0.9923925
4191.72  0.9937964
4192.29  0.99451
4192.86  0.9945105
4193.43  0.9966661
4194.00  0.994121
4194.57  0.9922092
4195.14  0.990142
4195.71  0.9858073
4196.28  0.9786709
4196.85  0.9754081
4197.42  0.9774947
4197.99  0.9718711
4198.56  0.963967
4199.13  0.9537671
4199.70  0.9345225
4200.27  0.9208668
4200.84  0.9197572
4201.41  0.9291133
4201.98  0.9463182
4202.55  0.9605886
4203.12  0.9735995
4203.69  0.9834592
4204.26  0.98759
4204.83  0.9912083
4205.40  0.9934595
4205.97  0.9931782
4206.54  0.9957275
4207.11  1.000202
4207.68  0.9960439
4208.25  0.9950344
4208.82  0.9970207
4209.39  0.996603
4209.96  0.9965632
4210.53  0.9958415
4211.10  0.9963538
4211.67  0.9936035
4212.24  0.9860775
4212.81  0.9838539
4213.38  0.9838346
4213.95  0.9860516
4214.52  0.9925382
4215.09  0.9951723
4215.66  0.9986296
4216.23  0.9985026
4216.80  0.9934267
4217.37  0.99392
4217.94  0.9950702
4218.51  0.9950216
4219.08  0.9934183
4219.65  0.9891809
4220.22  0.9853936
4220.79  0.9883876
4221.36  0.9907344
4221.93  0.9939384
4222.50  0.9971254
4223.07  0.9959301
4223.64  1.000635
4224.21  1.00284
4224.78  0.9979189
4225.35  0.9977794
4225.91  0.9974221
4226.48  0.9995167
4227.05  1.001752
4227.62  1.001811
4228.19  0.9985847
4228.76  0.9953784
4229.33  0.9964316
4229.90  1.000551
4230.47  0.9989805
4231.04  0.9977095
4231.61  0.9995276
4232.18  1.000474
4232.75  0.9982738
4233.32  0.9989438
4233.89  1.000865
4234.46  1.000937
4235.03  0.9949699
4235.60  0.9962606
4236.17  0.9955415
4236.74  0.994331
4237.31  0.9968985
4237.88  0.9954766
4238.45  0.9946594
4239.02  0.9959557
4239.59  0.9960477
4240.16  0.998541
4240.73  0.99452
4241.30  0.9942443
4241.87  0.9965157
4242.44  0.9997109
4243.01  0.9984878
4243.58  0.9989986
4244.15  0.9994426
4244.72  0.9983862
4245.29  0.9988663
4245.86  0.9990203
4246.43  1.003047
4247.00  0.999398
4247.57  0.9991795
4248.14  0.9970996
4248.71  0.9926598
4249.28  0.9953972
4249.85  0.9948839
4250.42  0.9967998
4250.99  0.994883
4251.56  0.9878302
4252.13  0.9862397
4252.70  0.9847254
4253.27  0.9842796
4253.84  0.9854008
4254.41  0.9861867
4254.98  0.9867063
4255.55  0.9898251
4256.12  0.9925811
4256.69  0.9917874
4257.26  0.9949605
4257.83  0.9923476
4258.40  0.9922398
4258.97  0.9942386
4259.54  1.000708
4260.11  0.9973996
4260.68  0.9992481
4261.25  0.995887
4261.82  0.9958606
4262.39  0.995218
4262.96  0.9995595
4263.53  1.001394
4264.10  0.998788
4264.67  0.9962511
4265.24  0.9909682
4265.81  0.9892811
4266.38  0.9919018
4266.95  0.9915577
4267.52  0.9907331
4268.09  0.9873605
4268.66  0.9930286
4269.23  0.9936224
4269.80  0.995933
4270.37  0.9996461
4270.94  0.9979634
4271.51  0.9971483
4272.08  1.00028
4272.65  0.9968489
4273.22  0.9955625
4273.79  0.989114
4274.36  0.9849482
4274.93  0.9820166
4275.50  0.9837299
4276.07  0.9821808
4276.64  0.9847783
4277.21  0.9868021
4277.78  0.9860578
4278.35  0.9922983
4278.92  0.9914417
4279.49  0.9941955
4280.06  0.9971294
4280.63  1.000755
4281.20  0.9962982
4281.77  0.9929576
4282.34  0.9917147
4282.91  0.9928866
4283.48  0.9908275
4284.05  0.9885134
4284.62  0.9876662
4285.19  0.9893479
4285.76  0.9920074
4286.33  0.9928194
4286.90  0.9945514
4287.47  0.9960513
4288.04  0.9972264
4288.61  0.997945
4289.18  0.9946156
4289.75  0.9952968
4290.32  0.994761
4290.89  0.9925101
4291.46  0.9945916
4292.03  0.9960576
4292.60  0.9955949
4293.17  0.9954101
4293.74  0.996357
4294.31  0.9990438
4294.88  0.996495
4295.45  0.9991829
4296.02  0.9994988
4296.59  1.006386
4297.16  1.009159
4297.73  1.007388
4298.30  1.012611
4298.87  1.012588
4299.44  1.01434
4300.01  1.013213
4300.58  1.009904
4301.15  1.008661
4301.72  1.004417
4302.29  1.005161
4302.86  1.004221
4303.43  1.000869
4304.00  1.001418
4304.57  1.001523
4305.14  0.9999913
4305.71  0.9978909
4306.28  1.000099
4306.85  1.001271
4307.42  1.001542
4307.99  1.001222
4308.56  1.002071
4309.13  1.0022
4309.70  1.002256
4310.27  1.004405
4310.84  1.003724
4311.41  0.9991158
4311.98  1.000746
4312.55  1.003009
4313.12  1.000341
4313.69  0.9992709
4314.26  0.9932194
4314.82  0.9916741
4315.39  0.990786
4315.96  0.9909539
4316.53  0.9910893
4317.10  0.984719
4317.67  0.9857031
4318.24  0.9905268
4318.81  0.9922089
4319.38  0.9933737
4319.95  0.9945261
4320.52  0.9970254
4321.09  0.9950061
4321.66  0.9968629
4322.23  0.9995776
4322.80  1.000635
4323.37  0.997075
4323.94  0.9975236
4324.51  0.9954103
4325.08  0.9937208
4325.65  0.9926238
4326.22  0.9894173
4326.79  0.9899063
4327.36  0.9890374
4327.93  0.9867556
4328.50  0.9849862
4329.07  0.9812986
4329.64  0.9804901
4330.21  0.978232
4330.78  0.9763128
4331.35  0.9740936
4331.92  0.9745096
4332.49  0.9676233
4333.06  0.9634917
4333.63  0.9588448
4334.20  0.9532717
4334.77  0.9407444
4335.34  0.9295624
4335.91  0.9139076
4336.48  0.8964301
4337.05  0.8762567
4337.62  0.8485988
4338.19  0.8097641
4338.76  0.7717288
4339.33  0.7353808
4339.90  0.7000336
4340.47  0.676782
4341.04  0.6716402
4341.61  0.6890975
4342.18  0.7287139
4342.75  0.7774071
4343.32  0.8236417
4343.89  0.8598586
4344.46  0.8869402
4345.03  0.907883
4345.60  0.917417
4346.17  0.9253821
4346.74  0.9334962
4347.31  0.9405392
4347.88  0.9434481
4348.45  0.9488481
4349.02  0.9517767
4349.59  0.9521939
4350.16  0.9577535
4350.73  0.9645552
4351.30  0.971445
4351.87  0.9765525
4352.44  0.9798546
4353.01  0.9814875
4353.58  0.9855177
4354.15  0.98972
4354.72  0.9892086
4355.29  0.9906253
4355.86  0.9936085
4356.43  0.9940329
4357.00  0.9957573
4357.57  0.9997587
4358.14  1.002713
4358.71  0.999974
4359.28  0.9951705
4359.85  0.9930533
4360.42  0.9913778
4360.99  0.9950728
4361.56  0.9978245
4362.13  0.9958796
4362.70  0.9965329
4363.27  0.9942787
4363.84  0.9917925
4364.41  0.9921324
4364.98  0.9898953
4365.55  0.9912083
4366.12  0.9885447
4366.69  0.9869694
4367.26  0.9857327
4367.83  0.9818663
4368.40  0.9852452
4368.97  0.9871798
4369.54  0.9859517
4370.11  0.9865418
4370.68  0.9876429
4371.25  0.9916387
4371.82  0.9966834
4372.39  0.9970511
4372.96  0.9984686
4373.53  0.9997372
4374.10  1.000597
4374.67  1.00114
4375.24  1.00091
4375.81  0.9961585
4376.38  0.9926935
4376.95  0.9919107
4377.52  0.98701
4378.09  0.981808
4378.66  0.977644
4379.23  0.9724036
4379.80  0.9681624
4380.37  0.973478
4380.94  0.97989
4381.51  0.9875857
4382.08  0.9911799
4382.65  0.9919429
4383.22  0.9937046
4383.79  0.9925098
4384.36  0.9827762
4384.93  0.9748018
4385.50  0.9653844
4386.07  0.9535899
4386.64  0.9460042
4387.21  0.9357433
4387.78  0.9310521
4388.35  0.928632
4388.92  0.9312035
4389.49  0.9417998
4390.06  0.9597704
4390.63  0.9747006
4391.20  0.9796785
4391.77  0.98284
4392.34  0.9868169
4392.91  0.9891559
4393.48  0.9881221
4394.05  0.9881463
4394.62  0.9890306
4395.19  0.9921196
4395.76  0.9934089
4396.33  0.9930491
4396.90  0.9926577
4397.47  0.9930247
4398.04  0.9932219
4398.61  0.9953087
4399.18  0.996294
4399.75  0.9949144
4400.32  0.9975521
4400.89  0.99889
4401.46  0.998978
4402.03  1.000419
4402.60  0.9947397
4403.17  0.9938553
4403.74  0.9952353
4404.30  0.9991564
4404.87  0.9981442
4405.44  0.9978396
4406.01  0.9960995
4406.58  0.9940451
4407.15  0.9920813
4407.72  0.9932604
4408.29  0.9909417
4408.86  0.9874853
4409.43  0.9856525
4410.00  0.9866959
4410.57  0.9893169
4411.14  0.9913207
4411.71  0.991814
4412.28  0.9864545
4412.85  0.9825913
4413.42  0.9819384
4413.99  0.9834393
4414.56  0.9793137
4415.13  0.9770655
4415.70  0.9812577
4416.27  0.9850311
4416.84  0.9862049
4417.41  0.9913294
4417.98  0.991906
4418.55  0.9948054
4419.12  0.9949544
4419.69  0.9950466
4420.26  0.9929176
4420.83  0.9959148
4421.40  0.9947664
4421.97  0.9972606
4422.54  0.9952815
4423.11  0.9953977
4423.68  0.9990486
4424.25  0.9952424
4424.82  0.9915119
4425.39  0.9900606
4425.96  0.9898028
4426.53  0.990744
4427.10  0.9905711
4427.67  0.9876625
4428.24  0.987345
4428.81  0.9879449
4429.38  0.9860898
4429.95  0.9858057
4430.52  0.9881293
4431.09  0.989586
4431.66  0.9881276
4432.23  0.9912348
4432.80  0.9929144
4433.37  0.9905149
4433.94  0.9856101
4434.51  0.9863668
4435.08  0.9785477
4435.65  0.9814778
4436.22  0.9825612
4436.79  0.9816132
4437.36  0.9839425
4437.93  0.9825573
4438.50  0.9856429
4439.07  0.9916583
4439.64  0.9890885
4440.21  0.9870887
4440.78  0.9872089
4441.35  0.9891128
4441.92  0.9908699
4442.49  0.9934986
4443.06  0.9977911
4443.63  0.9938666
4444.20  0.9913681
4444.77  0.991858
4445.34  0.9905058
4445.91  0.9899796
4446.48  0.9894056
4447.05  0.9893408
4447.62  0.9895745
4448.19  0.9889675
4448.76  0.9891805
4449.33  0.9897091
4449.90  0.9914141
4450.47  0.9923874
4451.04  0.9940252
4451.61  0.9948844
4452.18  0.9960476
4452.75  0.9954057
4453.32  0.9938981
4453.89  0.9902819
4454.46  0.9937561
4455.03  0.992952
4455.60  0.9932083
4456.17  0.9964767
4456.74  0.9958568
4457.31  0.9954792
4457.88  0.995143
4458.45  0.9971757
4459.02  0.9956141
4459.59  0.9940385
4460.16  0.9944119
4460.73  0.9955747
4461.30  0.9941801
4461.87  0.9942876
4462.44  0.9939017
4463.01  0.9894375
4463.58  0.9879093
4464.15  0.9875951
4464.72  0.9881628
4465.29  0.9852538
4465.86  0.9786901
4466.43  0.9721686
4467.00  0.9677817
4467.57  0.962845
4468.14  0.9516196
4468.71  0.9352222
4469.28  0.9155536
4469.85  0.895476
4470.42  0.8699575
4470.99  0.8389166
4471.56  0.8154767
4472.13  0.816345
4472.70  0.8443468
4473.27  0.8838194
4473.84  0.9269332
4474.41  0.9601982
4474.98  0.9715226
4475.55  0.978934
4476.12  0.9871215
4476.69  0.9883971
4477.26  0.9890526
4477.83  0.9874594
4478.40  0.9871796
4478.97  0.9846612
4479.54  0.9815676
4480.11  0.9784474
4480.68  0.9745023
4481.25  0.9744848
4481.82  0.9789601
4482.39  0.9795424
4482.96  0.9847657
4483.53  0.9901044
4484.10  0.9963776
4484.67  1.00156
4485.24  1.007812
4485.81  1.009814
4486.38  1.010061
4486.95  1.007723
4487.52  1.005672
4488.09  0.9993411
4488.66  0.9938919
4489.23  0.9920914
4489.80  0.9934281
4490.37  0.9954481
4490.94  0.9962154
4491.51  0.9962202
4492.08  0.9921795
4492.65  0.9962776
4493.21  0.9997842
4493.78  0.9987237
4494.35  0.9988152
4494.92  1.001569
4495.49  0.9992909
4496.06  0.9996231
4496.63  0.9991881
4497.20  1.001322
4497.77  1.001363
4498.34  1.001497
4498.91  0.999844
4499.48  0.9986596
4500.05  1.000333
4500.62  1.00081
4501.19  1.000383
4501.76  0.9961895
4502.33  1.000321
4502.90  1.003902
4503.47  1.006319
4504.04  1.006184
4504.61  1.007831
4505.18  1.006161
4505.75  1.003935
4506.32  1.001953
4506.89  0.9986052
4507.46  1.000207
4508.03  0.997762
4508.60  0.9965164
4509.17  0.9981858
4509.74  0.9923982
4510.31  0.9882351
4510.88  0.9794817
4511.45  0.9774273
4512.02  0.9801541
4512.59  0.9815801
4513.16  0.9854393
4513.73  0.9836944
4514.30  0.9785479
4514.87  0.9739686
4515.44  0.9712936
4516.01  0.9720805
4516.58  0.9769134
4517.15  0.9814792
4517.72  0.9891007
4518.29  0.9877329
4518.86  0.9900496
4519.43  0.9922867
4520.00  0.998186
4520.57  1.000199
4521.14  0.9998056
4521.71  0.9964174
4522.28  0.9974907
4522.85  0.9984519
4523.42  0.9939519
4523.99  0.9904348
4524.56  0.991295
4525.13  0.9925597
4525.70  0.9944518
4526.27  1.000171
4526.84  0.9932956
4527.41  0.9949628
4527.98  0.9944401
4528.55  0.9932753
4529.12  0.992279
4529.69  0.996127
4530.26  0.996411
4530.83  0.9958673
4531.40  0.9973754
4531.97  0.9988225
4532.54  0.998849
4533.11  0.9975814
4533.68  0.9941391
4534.25  0.9885062
4534.82  0.9851286
4535.39  0.9809347
4535.96  0.9823056
4536.53  0.9868661
4537.10  0.9887393
4537.67  0.9912007
4538.24  0.988052
4538.81  0.9838589
4539.38  0.9736071
4539.95  0.9586207
4540.52  0.9410865
4541.09  0.9237399
4541.66  0.9069204
4542.23  0.9014761
4542.80  0.9137208
4543.37  0.9319958
4543.94  0.9496315
4544.51  0.962652
4545.08  0.9719414
4545.65  0.9801699
4546.22  0.9847065
4546.79  0.9869974
4547.36  0.9879263
4547.93  0.987506
4548.50  0.9878869
4549.07  0.9866352
4549.64  0.9819104
4550.21  0.9815192
4550.78  0.9807399
4551.35  0.9810477
4551.92  0.9847266
4552.49  0.9816928
4553.06  0.98043
4553.63  0.982326
4554.20  0.9850946
4554.77  0.9904792
4555.34  0.996071
4555.91  0.9955292
4556.48  0.9942607
4557.05  0.9965866
4557.62  0.9971845
4558.19  0.9973285
4558.76  0.9955036
4559.33  0.9927819
4559.90  0.9965655
4560.47  0.9984729
4561.04  0.9985061
4561.61  0.9969801
4562.18  0.9985073
4562.75  0.9970047
4563.32  0.9983567
4563.89  1.000994
4564.46  0.9969007
4565.03  0.9909951
4565.60  0.9882207
4566.17  0.9871377
4566.74  0.9862408
4567.31  0.985197
4567.88  0.9840723
4568.45  0.9869211
4569.02  0.9865206
4569.59  0.9885582
4570.16  0.9923704
4570.73  0.9933524
4571.30  0.9920674
4571.87  0.9902691
4572.44  0.9897403
4573.01  0.9878751
4573.58  0.988426
4574.15  0.9903268
4574.72  0.9886121
4575.29  0.9905096
4575.86  0.9907839
4576.43  0.9914896
4577.00  0.9936147
4577.57  0.9918378
4578.14  0.9970878
4578.71  0.9932625
4579.28  0.994556
4579.85  0.9949352
4580.42  0.9938903
4580.99  0.9937697
4581.56  0.9937477
4582.12  0.9921314
4582.69  0.9927872
4583.26  0.9973531
4583.83  0.9934787
4584.40  0.9946675
4584.97  0.9950802
4585.54  0.9950123
4586.11  0.9967814
4586.68  0.9982511
4587.25  0.9931943
4587.82  0.9919485
4588.39  0.9889302
4588.96  0.9850964
4589.53  0.9891827
4590.10  0.9879925
4590.67  0.9892586
4591.24  0.9877237
4591.81  0.9833066
4592.38  0.9828829
4592.95  0.9849856
4593.52  0.982411
4594.09  0.9841689
4594.66  0.9876406
4595.23  0.9885971
4595.80  0.9920337
4596.37  0.9913927
4596.94  0.9896848
4597.51  0.988425
4598.08  0.9901867
4598.65  0.9906526
4599.22  0.988979
4599.79  0.9896082
4600.36  0.9894129
4600.93  0.9879374
4601.50  0.9910351
4602.07  0.9902987
4602.64  0.9901129
4603.21  0.9916105
4603.78  0.9935073
4604.35  0.9928818
4604.92  0.9917704
4605.49  0.9932585
4606.06  0.9903486
4606.63  0.9912034
4607.20  0.9882656
4607.77  0.9845027
4608.34  0.9882948
4608.91  0.9889374
4609.48  0.9854552
4610.05  0.9838539
4610.62  0.9843827
4611.19  0.9856743
4611.76  0.9890241
4612.33  0.992655
4612.90  0.9947653
4613.47  0.9972323
4614.04  0.9973944
4614.61  0.9967811
4615.18  0.9939488
4615.75  0.9931456
4616.32  0.9945107
4616.89  0.9940493
4617.46  0.9940977
4618.03  0.993919
4618.60  0.9949048
4619.17  0.9941773
4619.74  0.9940901
4620.31  0.996091
4620.88  0.9960883
4621.45  0.9961519
4622.02  0.9980621
4622.59  0.9998229
4623.16  1.00091
4623.73  0.9999557
4624.30  1.001103
4624.87  1.002143
4625.44  1.001621
4626.01  1.001962
4626.58  1.000409
4627.15  0.996738
4627.72  0.9930318
4628.29  0.9929415
4628.86  0.9909253
4629.43  0.9891117
4630.00  0.9846419
4630.57  0.9806964
4631.14  0.977474
4631.71  0.9749986
4632.28  0.9819351
4632.85  0.9916175
4633.42  1.001836
4633.99  1.00652
4634.56  1.005731
4635.13  1.005406
4635.70  1.001997
4636.27  0.9976172
4636.84  0.9939962
4637.41  0.9918315
4637.98  0.9894173
4638.55  0.9894884
4639.12  0.9880752
4639.69  0.9923574
4640.26  0.9997882
4640.83  1.002407
4641.40  1.003646
4641.97  1.002319
4642.54  0.9990298
4643.11  0.99995
4643.68  1.002388
4644.25  0.9955536
4644.82  0.9929633
4645.39  0.9865489
4645.96  0.9730534
4646.53  0.9557756
4647.10  0.9351917
4647.67  0.9177713
4648.24  0.9163538
4648.81  0.919304
4649.38  0.922654
4649.95  0.9211303
4650.52  0.9220317
4651.09  0.9243902
4651.66  0.9307204
4652.23  0.9442839
4652.80  0.9617416
4653.37  0.9717625
4653.94  0.9758471
4654.51  0.9791777
4655.08  0.9802235
4655.65  0.9819856
4656.22  0.9888887
4656.79  0.995277
4657.36  0.9980682
4657.93  0.9928347
4658.50  0.9913421
4659.07  0.9876837
4659.64  0.9869936
4660.21  0.990612
4660.78  0.9951976
4661.35  0.9955257
4661.92  0.9968483
4662.49  0.9980518
4663.06  0.9972918
4663.63  0.997472
4664.20  0.9976972
4664.77  0.995308
4665.34  0.993331
4665.91  0.9916297
4666.48  0.990438
4667.05  0.9920793
4667.62  0.9940067
4668.19  0.9979132
4668.76  0.9998932
4669.33  1.00253
4669.90  1.003688
4670.47  0.9974431
4671.04  0.9954085
4671.60  0.9940159
4672.17  0.9937104
4672.74  0.9948946
4673.31  0.9960597
4673.88  0.9933192
4674.45  0.9890688
4675.02  0.99126
4675.59  0.9943082
4676.16  0.9943916
4676.73  0.9926996
4677.30  0.9955906
4677.87  0.9972224
4678.44  0.9977662
4679.01  0.9970275
4679.58  0.9974784
4680.15  0.9975183
4680.72  0.9974474
4681.29  0.9954656
4681.86  0.9927381
4682.43  0.9868777
4683.00  0.9787137
4683.57  0.9649627
4684.14  0.9473618
4684.71  0.9254641
4685.28  0.9031571
4685.85  0.8892176
4686.42  0.8851162
4686.99  0.8981537
4687.56  0.9221964
4688.13  0.9481716
4688.70  0.9698479
4689.27  0.9846199
4689.84  0.9905446
4690.41  0.9948162
4690.98  1.000057
4691.55  0.9998933
4692.12  0.9995931
4692.69  1.00012
4693.26  0.9968969
4693.83  0.9961823
4694.40  1.000523
4694.97  0.999042
4695.54  0.9949088
4696.11  0.9926857
4696.68  0.9914418
4697.25  0.990635
4697.82  0.9944751
4698.39  0.9960257
4698.96  0.9925488
4699.53  0.9939741
4700.10  0.9947966
4700.67  0.9923217
4701.24  0.9950916
4701.81  0.9956802
4702.38  0.994036
4702.95  0.9937418
4703.52  0.9922292
4704.09  0.9905473
4704.66  0.9921798
4705.23  0.993952
4705.80  0.9914647
4706.37  0.9941443
4706.94  0.9947183
4707.51  0.9963006
4708.08  0.9937486
4708.65  0.9931464
4709.22  0.9948792
4709.79  0.9915845
4710.36  0.9842643
4710.93  0.9791616
4711.50  0.970328
4712.07  0.962099
4712.64  0.9509665
4713.21  0.9412286
4713.78  0.9414084
4714.35  0.9484944
4714.92  0.9636959
4715.49  0.9765638
4716.06  0.9900714
4716.63  0.9941339
4717.20  0.9994781
4717.77  0.9991753
4718.34  0.9981731
4718.91  0.999734
4719.48  1.001554
4720.05  1.001767
4720.62  1.001048
4721.19  1.001354
4721.76  1.000237
4722.33  1.004711
4722.90  1.004556
4723.47  1.000937
4724.04  1.003262
4724.61  1.002002
4725.18  1.001933
4725.75  1.000587
4726.32  1.002277
4726.89  1.002236
4727.46  1.002015
4728.03  1.001235
4728.60  1.001311
4729.17  1.001578
4729.74  1.002705
4730.31  1.000221
4730.88  1.003324
4731.45  0.999948
4732.02  0.9992256
4732.59  1.002616
4733.16  1.001145
4733.73  0.9985605
4734.30  0.9956082
4734.87  0.9972196
4735.44  0.9989607
4736.01  0.9957625
4736.58  0.9977009
4737.15  0.9952943
4737.72  0.9929289
4738.29  0.9933153
4738.86  0.9921734
4739.43  0.9941199
4740.00  0.9932293
4740.57  0.9937593
4741.14  0.9941544
4741.71  0.9944864
4742.28  0.9964429
4742.85  0.994593
4743.42  0.9954581
4743.99  0.9945549
4744.56  0.9949321
4745.13  0.9946537
4745.70  0.9970678
4746.27  0.9921129
4746.84  0.993574
4747.41  0.9966763
4747.98  0.9952005
4748.55  0.9928282
4749.12  0.9927588
4749.69  0.9927318
4750.26  0.9927928
4750.83  0.9919019
4751.40  0.9935665
4751.97  0.9922534
4752.54  0.9948393
4753.11  0.9939844
4753.68  0.9903646
4754.25  0.9928505
4754.82  0.9942309
4755.39  0.9916973
4755.96  0.9946333
4756.53  0.9933982
4757.10  0.991556
4757.67  0.9925348
4758.24  0.989529
4758.81  0.9892985
4759.38  0.9896742
4759.95  0.9896921
4760.51  0.9887776
4761.08  0.9885873
4761.65  0.9892082
4762.22  0.9879117
4762.79  0.9856865
4763.36  0.9855661
4763.93  0.9868968
4764.50  0.988251
4765.07  0.9873004
4765.64  0.9865635
4766.21  0.9890234
4766.78  0.9872733
4767.35  0.9862844
4767.92  0.9883462
4768.49  0.9879564
4769.06  0.988671
4769.63  0.9917153
4770.20  0.988624
4770.77  0.9855241
4771.34  0.9888695
4771.91  0.9888939
4772.48  0.9882708
4773.05  0.9882705
4773.62  0.9893836
4774.19  0.9922141
4774.76  0.9919099
4775.33  0.9883833
4775.90  0.9887353
4776.47  0.9902015
4777.04  0.9895528
4777.61  0.9900917
4778.18  0.9895787
4778.75  0.9891071
4779.32  0.9906033
4779.89  0.9906462
4780.46  0.9890234
4781.03  0.9900849
4781.60  0.9923236
4782.17  0.9923666
4782.74  0.9914314
4783.31  0.990715
4783.88  0.9909834
4784.45  0.9915058
4785.02  0.9923075
4785.59  0.9900613
4786.16  0.9928349
4786.73  0.9938541
4787.30  0.9916245
4787.87  0.9926646
4788.44  0.9941308
4789.01  0.991173
4789.58  0.9926698
4790.15  0.9931843
4790.72  0.9927992
4791.29  0.9919391
4791.86  0.9934117
4792.43  0.9919916
4793.00  0.9936826
4793.57  0.9930735
4794.14  0.9946744
4794.71  0.9918809
4795.28  0.992664
4795.85  0.9928533
4796.42  0.9929042
4796.99  0.9911596
4797.56  0.99154
4798.13  0.9954023
4798.70  0.9973006
4799.27  0.9937342
4799.84  0.9940934
4800.41  0.9942361
4800.98  0.9952686
4801.55  0.9939566
4802.12  0.9930536
4802.69  0.9920685
4803.26  0.9941007
4803.83  0.9943148
4804.40  0.995105
4804.97  0.9960938
4805.54  0.9953704
4806.11  0.9937602
4806.68  0.9962527
4807.25  0.9969872
4807.82  0.9977795
4808.39  0.9983762
4808.96  0.9969709
4809.53  0.995196
4810.10  0.9961357
4810.67  0.9978805
4811.24  0.9949558
4811.81  0.9946121
4812.38  0.996363
4812.95  0.9952615
4813.52  0.9977769
4814.09  0.9976875
4814.66  0.9964472
4815.23  0.9971535
4815.80  0.9966801
4816.37  0.9963563
4816.94  0.9983567
4817.51  0.9993038
4818.08  1.000082
4818.65  0.9974348
4819.22  0.9959935
4819.79  0.9978393
4820.36  0.9984394
4820.93  0.9979401
4821.50  0.999983
4822.07  0.9989538
4822.64  1.000685
4823.21  0.9986948
4823.78  0.9967666
4824.35  0.9994061
4824.92  1.001625
4825.49  1.000459
4826.06  1.00002
4826.63  0.9973872
4827.20  0.9965864
4827.77  0.9999206
4828.34  0.9981855
4828.91  0.9994812
4829.48  1.001197
4830.05  1.003687
4830.62  1.00057
4831.19  1.000757
4831.76  0.999706
4832.33  1.000729
4832.90  1.001005
4833.47  1.002394
4834.04  0.9996513
4834.61  1.000284
4835.18  1.001239
4835.75  1.001096
4836.32  1.000424
4836.89  0.9997739
4837.46  1.000739
4838.03  1.001148
4838.60  0.9990111
4839.17  1.000049
4839.74  0.9985741
4840.31  0.999912
4840.88  0.997813
4841.45  0.9954398
4842.02  0.9946695
4842.59  0.995783
4843.16  0.9935468
4843.73  0.9955076
4844.30  0.9954289
4844.87  0.9930286
4845.44  0.9936963
4846.01  0.9947165
4846.58  0.9925532
4847.15  0.9897794
4847.72  0.9897062
4848.29  0.9902158
4848.86  0.9889134
4849.42  0.9864953
4849.99  0.9854718
4850.56  0.9841591
4851.13  0.9826059
4851.70  0.9768176
4852.27  0.9730083
4852.84  0.9674298
4853.41  0.9617122
4853.98  0.9562523
4854.55  0.9480532
4855.12  0.9404577
4855.69  0.9321503
4856.26  0.9200392
4856.83  0.9008458
4857.40  0.8787417
4857.97  0.8528562
4858.54  0.8191249
4859.11  0.7820861
4859.68  0.7477866
4860.25  0.7165387
4860.82  0.6908225
4861.39  0.6770157
4861.96  0.6803789
4862.53  0.7014046
4863.10  0.73518
4863.67  0.7752988
4864.24  0.8183379
4864.81  0.8582501
4865.38  0.8874767
4865.95  0.9078025
4866.52  0.9238195
4867.09  0.9367621
4867.66  0.9453903
4868.23  0.9425099
4868.80  0.9365649
4869.37  0.9515901
4869.94  0.9708625
4870.51  0.9763597
4871.08  0.9808828
4871.65  0.9835445
4872.22  0.9845471
4872.79  0.9892683
4873.36  0.9902603
4873.93  0.9904487
4874.50  0.9906158
4875.07  0.9896913
4875.64  0.990562
4876.21  0.9940434
4876.78  0.994301
4877.35  0.9943532
4877.92  0.9984528
4878.49  0.9964795
4879.06  0.9974812
4879.63  0.9979096
4880.20  0.9977083
4880.77  0.9996665
4881.34  0.9961405
4881.91  0.9969977
4882.48  0.998415
4883.05  0.9975181
4883.62  0.9976175
4884.19  0.9965328
4884.76  0.9971757
4885.33  0.9969963
4885.90  0.9973218
4886.47  0.9970105
4887.04  0.9955703
4887.61  0.9972215
4888.18  0.9965938
4888.75  0.9956738
4889.32  0.9976687
4889.89  0.9992066
4890.46  0.9994277
4891.03  0.999531
4891.60  0.9992511
4892.17  0.9982957
4892.74  0.9970219
4893.31  0.997478
4893.88  0.9984082
4894.45  1.000457
4895.02  1.00097
4895.59  0.9984133
4896.16  0.9985012
4896.73  1.000013
4897.30  0.9992276
4897.87  0.9978734
4898.44  0.9968295
4899.01  0.9982837
4899.58  0.9997219
4900.15  1.000132
4900.72  0.998912
4901.29  0.9953645
4901.86  0.9956341
4902.43  0.9970844
4903.00  0.9979376
4903.57  0.998311
4904.14  0.9968703
4904.71  0.9947324
4905.28  0.9966492
4905.85  0.9988199
4906.42  0.9973547
4906.99  0.9975525
4907.56  0.9962652
4908.13  0.9945796
4908.70  0.9947401
4909.27  0.9981281
4909.84  0.9990003
4910.41  1.00009
4910.98  0.9988061
4911.55  1.00079
4912.12  1.001848
4912.69  0.9996346
4913.26  0.9995674
4913.83  0.9989787
4914.40  0.9974042
4914.97  0.9990599
4915.54  0.9979558
4916.11  0.9983387
4916.68  0.9946808
4917.25  0.9918739
4917.82  0.9885692
4918.39  0.9777431
4918.96  0.9665987
4919.53  0.954115
4920.10  0.9482473
4920.67  0.9350106
4921.24  0.924333
4921.81  0.9137877
4922.38  0.9067469
4922.95  0.9087123
4923.52  0.9221851
4924.09  0.9408402
4924.66  0.9586163
4925.23  0.9735336
4925.80  0.9836052
4926.37  0.9877318
4926.94  0.9899344
4927.51  0.9928271
4928.08  0.9965318
4928.65  0.9982935
4929.22  0.9973678
4929.79  0.9972327
4930.36  0.9956411
4930.93  0.9951371
4931.50  0.9937005
4932.07  0.9942197
4932.64  0.9961923
4933.21  0.9966527
4933.78  0.9970374
4934.35  0.9952945
4934.92  0.9948351
4935.49  0.9944911
4936.06  0.9953726
4936.63  0.9960854
4937.20  0.9966542
4937.77  0.9936968
4938.34  0.9932559
4938.90  0.9949272
4939.47  0.994258
4940.04  0.9934188
4940.61  0.9918818
4941.18  0.9953412
4941.75  0.9966136
4942.32  0.996519
4942.89  0.9978403
4943.46  0.9996822
4944.03  0.9995279
4944.60  0.9979465
4945.17  0.9983235
4945.74  0.9990571
4946.31  0.999512
4946.88  0.9993671
4947.45  1.000127
4948.02  1.001459
4948.59  1.00109
4949.16  0.9993459
4949.73  0.9992265
4950.30  0.9996967
4950.87  1.002652
4951.44  0.9984062
4952.01  0.9975469
4952.58  0.9983944
4953.15  1.00083
4953.72  1.000183
4954.29  0.9991781
4954.86  0.9993336
4955.43  1.002164
4956.00  1.001957
4956.57  1.000773
4957.14  1.001087
4957.71  1.000321
4958.28  0.999136
4958.85  0.9996092
4959.42  0.9978464
4959.99  0.9996797
4960.56  1.002095
4961.13  1.004133
4961.70  1.000848
4962.27  0.9989833
4962.84  0.9970482
4963.41  0.9981115
4963.98  1.000807
4964.55  0.9996929
4965.12  0.9988706
4965.69  0.9997043
4966.26  0.9992255
4966.83  0.9987152
4967.40  0.9981624
4967.97  0.9998605
4968.54  1.001474
4969.11  0.9990001
4969.68  0.9988924
4970.25  0.9997452
4970.82  0.9999629
4971.39  0.9973134
4971.96  0.9979964
4972.53  0.9979354
4973.10  0.9997432
4973.67  1.001921
4974.24  0.9973389
4974.81  0.9964662
4975.38  0.9948615
4975.95  0.998048
4976.52  1.000065
4977.09  1.00033
4977.66  0.9981061
4978.23  0.9972487
4978.80  0.9985431
4979.37  0.9981704
4979.94  0.9974833
4980.51  0.9974549
4981.08  0.9974773
4981.65  0.9984552
4982.22  1.00036
4982.79  0.9978434
4983.36  0.9981593
4983.93  0.9995638
4984.50  0.9973662
4985.07  0.9967129
4985.64  0.9993472
4986.21  0.9985555
4986.78  0.9997623
4987.35  0.9994531
4987.92  0.9999084
4988.49  0.9970579
4989.06  0.9998724
4989.63  1.00151
4990.20  0.9966896
4990.77  0.9952576
4991.34  0.9975082
4991.91  0.9967688
4992.48  0.9967352
4993.05  0.9954534
4993.62  0.9957336
4994.19  0.9964845
4994.76  0.9965867
4995.33  0.9973829
4995.90  1.000356
4996.47  1.000767
4997.04  0.9972748
4997.61  0.9960439
4998.18  0.995629
4998.75  0.995185
4999.32  0.9933755
4999.89  0.9916338
5000.46  0.9912337
5001.03  0.9917108
5001.60  0.9942918
5002.17  0.9973879
5002.74  0.9912629
5003.31  0.9898804
5003.88  0.9924607
5004.45  0.9953473
5005.02  0.9920962
5005.59  0.9928817
5006.16  0.9933892
5006.73  0.9928458
5007.30  0.9930205
5007.87  0.9931866
5008.44  0.9934095
5009.01  0.9935561
5009.58  0.9928648
5010.15  0.9931993
5010.72  0.9962455
5011.29  0.9925972
5011.86  0.9896319
5012.43  0.9880782
5013.00  0.981608
5013.57  0.9751328
5014.14  0.9691161
5014.71  0.9659455
5015.28  0.9541119
5015.85  0.9410276
5016.42  0.9315088
5016.99  0.9326132
5017.56  0.9420092
5018.13  0.9552698
5018.70  0.9676418
5019.27  0.9773752
5019.84  0.9846798
5020.41  0.9893192
5020.98  0.9877616
5021.55  0.9894584
5022.12  0.9907232
5022.69  0.9886346
5023.26  0.9932678
5023.83  0.991831
5024.40  0.9922385
5024.97  0.9903913
5025.54  0.9895346
5026.11  0.9912202
5026.68  0.9872418
5027.25  0.9904072
5027.81  0.988811
5028.38  0.9902445
5028.95  0.9893968
5029.52  0.9903394
5030.09  0.9897173
5030.66  0.9897039
5031.23  0.9931357
5031.80  0.9929662
5032.37  0.9920281
5032.94  0.9890717
5033.51  0.9906368
5034.08  0.9893464
5034.65  0.9902892
5035.22  0.9893702
5035.79  0.9883972
5036.36  0.9902583
5036.93  0.9856666
5037.50  0.9893397
5038.07  0.9887164
5038.64  0.9879168
5039.21  0.9900597
5039.78  0.9889789
5040.35  0.9870299
5040.92  0.989626
5041.49  0.9901012
5042.06  0.989967
5042.63  0.9878373
5043.20  0.9858312
5043.77  0.9853578
5044.34  0.9855312
5044.91  0.98468
5045.48  0.9827442
5046.05  0.9823735
5046.62  0.977521
5047.19  0.9769677
5047.76  0.9751197
5048.33  0.9724067
5048.90  0.9732127
5049.47  0.9737304
5050.04  0.9788978
5050.61  0.9852551
5051.18  0.9884474
5051.75  0.9903638
5052.32  0.9907158
5052.89  0.992748
5053.46  0.9929126
5054.03  0.9926989
5054.60  0.9935738
5055.17  0.9937817
5055.74  0.9917372
5056.31  0.9926543
5056.88  0.9940809
5057.45  0.9915265
5058.02  0.9918872
5058.59  0.993745
5059.16  0.9941199
5059.73  0.9956703
5060.30  0.9980544
5060.87  0.9953584
5061.44  0.993425
5062.01  0.9956452
5062.58  0.9986328
5063.15  1.000125
5063.72  0.998336
5064.29  0.998314
5064.86  0.9968827
5065.43  0.9963297
5066.00  0.998767
5066.57  0.9951513
5067.14  0.9953732
5067.71  0.9975852
5068.28  0.9948169
5068.85  0.9950626
5069.42  0.9991489
5069.99  0.9993134
5070.56  0.9979719
5071.13  0.9988303
5071.70  0.9992671
5072.27  0.9976745
5072.84  0.998416
5073.41  0.9983141
5073.98  0.9997787
5074.55  0.9994587
5075.12  0.9985589
5075.69  1.000827
5076.26  1.00138
5076.83  1.002076
5077.40  1.002665
5077.97  1.002842
5078.54  0.9987647
5079.11  0.999564
5079.68  0.9997067
5080.25  1.000434
5080.82  1.002656
5081.39  1.0035
5081.96  1.002374
5082.53  1.001061
5083.10  0.998724
5083.67  0.9988467
5084.24  0.9992546
5084.81  0.9997672
5085.38  0.9976258
5085.95  0.9978634
5086.52  0.9976453
5087.09  0.9962876
5087.66  0.9976705
5088.23  1.000026
5088.80  1.001058
5089.37  0.9995536
5089.94  0.9982783
5090.51  1.000483
5091.08  0.9997217
5091.65  1.000812
5092.22  1.001065
5092.79  1.000691
5093.36  1.000015
5093.93  0.9984473
5094.50  0.9966577
5095.07  0.998011
5095.64  0.9997823
5096.21  1.000277
5096.78  1.001622
5097.35  0.9997955
5097.92  0.997763
5098.49  0.9993924
5099.06  0.9982558
5099.63  0.9988759
5100.20  0.9990569
5100.77  1.000206
5101.34  1.000064
5101.91  0.9987197
5102.48  0.9990866
5103.05  0.9997245
5103.62  1.001322
5104.19  0.9977064
5104.76  0.9988237
5105.33  1.000294
5105.90  1.00133
5106.47  0.9980641
5107.04  1.000435
5107.61  0.9999607
5108.18  1.000832
5108.75  0.9972642
5109.32  0.9985343
5109.89  0.9999824
5110.46  0.9992785
5111.03  0.9939625
