6312.96  0.9932125
6313.39  0.9838421
6313.82  0.9701741
6314.25  0.9705579
6314.68  0.9781758
6315.11  0.9934538
6315.54  0.9862344
6315.97  0.9842714
6316.39  0.9811588
6316.82  0.9796859
6317.25  0.9878716
6317.68  1.002313
6318.11  0.9959643
6318.54  0.9819007
6318.97  0.9632856
6319.40  0.9619272
6319.83  0.9819649
6320.26  0.9992264
6320.69  1.001684
6321.12  0.9993361
6321.54  0.9998181
6321.97  0.998092
6322.40  1.004034
6322.83  0.988148
6323.26  0.9652735
6323.69  0.9618354
6324.12  0.9769458
6324.55  0.9922031
6324.98  1.001478
6325.41  1.002361
6325.84  0.9949681
6326.26  0.9960885
6326.69  1.001638
6327.12  1.005104
6327.55  1.000495
6327.98  0.9922556
6328.41  0.9916727
6328.84  0.9937549
6329.27  0.9940731
6329.70  0.9972904
6330.13  1.002475
6330.56  0.9973114
6330.99  0.9892568
6331.41  0.98211
6331.84  0.9841669
6332.27  0.9937109
6332.70  0.9958963
6333.13  0.9931642
6333.56  0.9920902
6333.99  0.9968445
6334.42  0.9997053
6334.85  0.9959834
6335.28  0.9856908
6335.71  0.9875538
6336.13  0.9904523
6336.56  0.9960703
6336.99  0.9985563
6337.42  0.9972822
6337.85  0.9917723
6338.28  0.9942977
6338.71  0.9940053
6339.14  1.000617
6339.57  0.9998304
6340.00  0.9940067
6340.43  0.9898258
6340.86  0.9834207
6341.28  0.9814103
6341.71  0.9691887
6342.14  0.9717274
6342.57  0.9881129
6343.00  0.9958127
6343.43  0.9959236
6343.86  0.9987354
6344.29  1.00058
6344.72  0.9945654
6345.15  0.9898265
6345.58  0.9904112
6346.01  0.9825341
6346.43  0.9645821
6346.86  0.961143
6347.29  0.9762911
6347.72  0.9872301
6348.15  0.9898151
6348.58  0.990262
6349.01  0.9913114
6349.44  0.9884734
6349.87  0.9763472
6350.30  0.970803
6350.73  0.976487
6351.15  0.9834909
6351.58  0.9890116
6352.01  0.9938984
6352.44  0.9971307
6352.87  0.9946955
6353.30  0.995244
6353.73  0.9946162
6354.16  0.9933403
6354.59  0.9879206
6355.02  0.9859318
6355.45  0.9876693
6355.88  0.9942423
6356.30  0.9902004
6356.73  0.9916736
6357.16  0.9894562
6357.59  0.9853182
6358.02  0.9807507
6358.45  0.9819885
6358.88  0.9871165
6359.31  0.9921882
6359.74  0.9952269
6360.17  0.9892982
6360.60  0.9801212
6361.02  0.9790549
6361.45  0.9867983
6361.88  0.9940215
6362.31  0.9954503
6362.74  0.9992834
6363.17  0.9989542
6363.60  1.000873
6364.03  0.9997389
6364.46  0.9969129
6364.89  0.9983596
6365.32  0.9986727
6365.75  0.9963164
6366.17  0.990801
6366.60  0.9925987
6367.03  0.9955769
6367.46  0.9924001
6367.89  0.9801951
6368.32  0.9822763
6368.75  0.9906255
6369.18  0.9931449
6369.61  0.9943386
6370.04  0.9902208
6370.47  0.9798393
6370.89  0.9729605
6371.32  0.9768782
6371.75  0.9830779
6372.18  0.9868411
6372.61  0.9877682
6373.04  0.9910532
6373.47  0.9932114
6373.90  0.9892963
6374.33  0.9930249
6374.76  0.9950005
6375.19  0.9960761
6375.62  0.9982529
6376.04  0.9949578
6376.47  0.9882065
6376.90  0.9898511
6377.33  0.9939804
6377.76  0.9941501
6378.19  0.9944745
6378.62  0.9910576
6379.05  0.991532
6379.48  0.9924242
6379.91  0.9921573
6380.34  0.9876462
6380.76  0.9870152
6381.19  0.9854689
6381.62  0.9873876
6382.05  0.9835551
6382.48  0.9825054
6382.91  0.9879723
6383.34  0.9881703
6383.77  0.9913285
6384.20  0.990661
6384.63  0.9920161
6385.06  0.9903412
6385.49  0.9902442
6385.91  0.9949887
6386.34  0.9948368
6386.77  0.994977
6387.20  0.9992036
6387.63  0.9959418
6388.06  0.9956259
6388.49  0.9962713
6388.92  0.9921128
6389.35  0.9927939
6389.78  0.9977672
6390.21  0.9997391
6390.64  0.9980963
6391.06  0.996313
6391.49  0.9991722
6391.92  0.9992002
6392.35  0.9960969
6392.78  0.9933061
6393.21  0.9959106
6393.64  0.9994199
6394.07  0.996987
6394.50  0.9956797
6394.93  0.9965719
6395.36  1.0003
6395.78  1.000813
6396.21  0.9989766
6396.64  0.9932108
6397.07  0.9907904
6397.50  0.9956643
6397.93  0.9926496
6398.36  0.9927775
6398.79  0.9965996
6399.22  0.9937149
6399.65  0.9881399
6400.08  0.9869669
6400.51  0.9937328
6400.93  0.9970456
6401.36  0.9935765
6401.79  0.9965662
6402.22  0.9950076
6402.65  0.9906866
6403.08  0.9899282
6403.51  0.9868271
6403.94  0.9843686
6404.37  0.9859278
6404.80  0.9836385
6405.23  0.9858848
6405.65  0.9853464
6406.08  0.9766247
6406.51  0.9734653
6406.94  0.9756508
6407.37  0.9738908
6407.80  0.9689499
6408.23  0.9683548
6408.66  0.9728194
6409.09  0.9789413
6409.52  0.9846625
6409.95  0.988741
6410.38  0.9914958
6410.80  0.9929341
6411.23  0.9944654
6411.66  0.9948087
6412.09  0.9897218
6412.52  0.9880162
6412.95  0.9927033
6413.38  0.9913558
6413.81  0.9893059
6414.24  0.9956988
6414.67  0.9981839
6415.10  0.9953368
6415.52  0.9939256
6415.95  0.9899812
6416.38  0.9885343
6416.81  0.9923666
6417.24  0.9944763
6417.67  0.9943829
6418.10  0.9940914
6418.53  0.9935402
6418.96  0.9912826
6419.39  0.9917776
6419.82  0.995783
6420.25  0.9963763
6420.67  0.9974291
6421.10  0.9971069
6421.53  0.997789
6421.96  0.9982728
6422.39  0.995874
6422.82  0.9977984
6423.25  1.000621
6423.68  1.001318
6424.11  0.9920998
6424.54  0.9868903
6424.97  0.9909329
6425.39  0.9895505
6425.82  0.9912866
6426.25  0.9977345
6426.68  0.9965324
6427.11  0.9963527
6427.54  1.001112
6427.97  1.001515
6428.40  1.001452
6428.83  0.9994086
6429.26  1.000541
6429.69  0.9983469
6430.12  0.9996361
6430.54  1.005427
6430.97  0.9984322
6431.40  1.001208
6431.83  0.9955944
6432.26  0.9845411
6432.69  0.9877504
6433.12  0.9961536
6433.55  0.9944339
6433.98  0.9916046
6434.41  0.9979206
6434.84  1.005239
6435.27  1.004891
6435.69  0.9983289
6436.12  0.9773921
6436.55  0.9692771
6436.98  0.9956448
6437.41  1.011732
6437.84  1.00644
6438.27  1.004017
6438.70  1.001654
6439.13  0.9959152
6439.56  0.9921768
6439.99  0.9958833
6440.41  0.9974195
6440.84  0.997937
6441.27  1.002099
6441.70  0.9995065
6442.13  1.000605
6442.56  0.9910977
6442.99  0.9897662
6443.42  0.992528
6443.85  0.9968627
6444.28  0.9966713
6444.71  0.9928523
6445.14  0.9981235
6445.56  1.003396
6445.99  1.006451
6446.42  0.9993465
6446.85  0.9947181
6447.28  0.9968516
6447.71  0.9933999
6448.14  1.001496
6448.57  1.000086
6449.00  0.9957703
6449.43  0.9962983
6449.86  1.000502
6450.28  0.9965078
6450.71  0.9892464
6451.14  0.9881781
6451.57  0.9897553
6452.00  0.9916855
6452.43  0.9877549
6452.86  0.9852617
6453.29  0.9728538
6453.72  0.9644866
6454.15  0.9735076
6454.58  0.9857448
6455.01  0.9937458
6455.43  0.9972279
6455.86  0.998459
6456.29  0.9887488
6456.72  0.982394
6457.15  0.9900303
6457.58  0.9903438
6458.01  0.9611307
6458.44  0.9405274
6458.87  0.945421
6459.30  0.9529353
6459.73  0.9632964
6460.15  0.9805816
6460.58  0.9896919
6461.01  0.9797487
6461.44  0.9711832
6461.87  0.983848
6462.30  0.984253
6462.73  0.9610682
6463.16  0.9514209
6463.59  0.9468461
6464.02  0.9488285
6464.45  0.9731457
6464.88  0.9828515
6465.30  0.965055
6465.73  0.9432545
6466.16  0.9464688
6466.59  0.9576268
6467.02  0.9474905
6467.45  0.9367314
6467.88  0.955245
6468.31  0.9643779
6468.74  0.929186
6469.17  0.8996085
6469.60  0.9215492
6470.02  0.9630058
6470.45  0.9877992
6470.88  0.9908338
6471.31  0.9855905
6471.74  0.9294848
6472.17  0.8957024
6472.60  0.9036348
6473.03  0.9362125
6473.46  0.9597679
6473.89  0.9409713
6474.32  0.8581225
6474.75  0.7928807
6475.17  0.8042915
6475.60  0.8715358
6476.03  0.9206731
6476.46  0.910342
6476.89  0.9256305
6477.32  0.963953
6477.75  0.982988
6478.18  0.965261
6478.61  0.9165778
6479.04  0.8738554
6479.47  0.8578469
6479.90  0.8970308
6480.32  0.9528466
6480.75  0.9688599
6481.18  0.9707883
6481.61  0.9788556
6482.04  0.9572693
6482.47  0.8822387
6482.90  0.8133689
6483.33  0.8149271
6483.76  0.8738537
6484.19  0.9315679
6484.62  0.9481407
6485.04  0.9483113
6485.47  0.9583631
6485.90  0.9422576
6486.33  0.9249045
6486.76  0.9401162
6487.19  0.955145
6487.62  0.964868
6488.05  0.9673778
6488.48  0.9868672
6488.91  1.012563
6489.34  1.019212
6489.77  0.9572974
6490.19  0.8720556
6490.62  0.9050747
6491.05  0.9751205
6491.48  0.9928857
6491.91  0.9389296
6492.34  0.8744721
6492.77  0.8920197
6493.20  0.9574859
6493.63  0.9833018
6494.06  0.9798233
6494.49  0.9728336
6494.91  0.9272785
6495.34  0.8777968
6495.77  0.9244195
6496.20  0.9786299
6496.63  0.9625745
6497.06  0.9416229
6497.49  0.9639285
6497.92  0.9974362
6498.35  1.002605
6498.78  1.004229
6499.21  1.004776
6499.64  1.006595
6500.06  1.006192
6500.49  1.003247
6500.92  0.9955663
6501.35  0.9957815
6501.78  0.994692
6502.21  0.9884703
6502.64  0.9843267
6503.07  0.9748927
6503.50  0.9639138
6503.93  0.98433
6504.36  1.00604
6504.78  1.010633
6505.21  1.009644
6505.64  1.010385
6506.07  1.016037
6506.50  1.009561
6506.93  0.9942375
6507.36  0.9802932
6507.79  0.9492122
6508.22  0.942102
6508.65  0.9772006
6509.08  1.00222
6509.51  1.006049
6509.93  0.9952419
6510.36  1.005815
6510.79  0.9959053
6511.22  0.9455923
6511.65  0.9231111
6512.08  0.9588391
6512.51  0.9893727
6512.94  0.9807582
6513.37  0.9560062
6513.80  0.8877156
6514.23  0.8555024
6514.66  0.9004094
6515.08  0.9147571
6515.51  0.8391185
6515.94  0.7474077
6516.37  0.7703956
6516.80  0.8747841
6517.23  0.9262379
6517.66  0.9349283
6518.09  0.9380406
6518.52  0.8998725
6518.95  0.8780327
6519.38  0.9334335
6519.80  0.9891167
6520.23  0.999016
6520.66  0.9950429
6521.09  0.9849991
6521.52  0.9706481
6521.95  0.9715683
6522.38  0.9656239
6522.81  0.917256
6523.24  0.8792375
6523.67  0.9164946
6524.10  0.9751737
6524.53  0.9900898
6524.95  0.982428
6525.38  0.9782496
6525.81  0.9846965
6526.24  0.9877186
6526.67  0.9787841
6527.10  0.9749466
6527.53  0.9787775
6527.96  0.983528
6528.39  0.9890474
6528.82  0.9917489
6529.25  0.9908119
6529.67  0.9758944
6530.10  0.9648867
6530.53  0.9822396
6530.96  0.9896076
6531.39  0.9398597
6531.82  0.89676
6532.25  0.9364759
6532.68  0.9818394
6533.11  0.9620818
6533.54  0.9329691
6533.97  0.9480572
6534.40  0.9732207
6534.82  0.9917936
6535.25  0.9993217
6535.68  0.9828739
6536.11  0.9590803
6536.54  0.9694767
6536.97  0.990331
6537.40  1.000725
6537.83  1.006094
6538.26  1.006426
6538.69  1.000918
6539.12  0.9971061
6539.54  0.9935833
6539.97  0.993215
6540.40  0.9960515
6540.83  0.9957784
6541.26  0.9733956
6541.69  0.938104
6542.12  0.9484509
6542.55  0.9602358
6542.98  0.9092216
6543.41  0.8597142
6543.84  0.9180353
6544.27  0.9827896
6544.69  0.9846737
6545.12  0.9693484
6545.55  0.9741588
6545.98  0.988368
6546.41  0.9838116
6546.84  0.9434412
6547.27  0.9143515
6547.70  0.8938033
6548.13  0.8753164
6548.56  0.9191812
6548.99  0.9748636
6549.41  0.9915195
6549.84  0.9929906
6550.27  0.9903662
6550.70  0.9855206
6551.13  0.9641294
6551.56  0.9165202
6551.99  0.8537969
6552.42  0.8778283
6552.85  0.9253281
6553.28  0.9257284
6553.71  0.936896
6554.14  0.9543292
6554.56  0.9527664
6554.99  0.9490624
6555.42  0.9567583
6555.85  0.9455158
6556.28  0.9072542
6556.71  0.8743497
6557.14  0.8826019
6557.57  0.8806081
6558.00  0.8779647
6558.43  0.8831416
6558.86  0.8747512
6559.29  0.8499112
6559.71  0.8114135
6560.14  0.7819203
6560.57  0.7720107
6561.00  0.7729708
6561.43  0.7650018
6561.86  0.7434067
6562.29  0.7325005
6562.72  0.7056887
6563.15  0.6660103
6563.58  0.6407343
6564.01  0.6793824
6564.43  0.7385657
6564.86  0.7770277
6565.29  0.8055372
6565.72  0.8269843
6566.15  0.8454366
6566.58  0.8740355
6567.01  0.8903215
6567.44  0.9013207
6567.87  0.8980238
6568.30  0.8882895
6568.73  0.9068677
6569.16  0.9370419
6569.58  0.9500299
6570.01  0.9497979
6570.44  0.9489563
6570.87  0.9333376
6571.30  0.8872032
6571.73  0.8895991
6572.16  0.9462895
6572.59  0.9702403
6573.02  0.9694533
6573.45  0.9663823
6573.88  0.9127935
6574.30  0.8569254
6574.73  0.908595
6575.16  0.9715122
6575.59  0.9840114
6576.02  0.985897
6576.45  0.990541
6576.88  0.9933486
6577.31  0.9927952
6577.74  0.9938882
6578.17  0.9850518
6578.60  0.9818153
6579.03  0.9891394
6579.45  0.9922625
6579.88  0.9658477
6580.31  0.9532956
6580.74  0.9771347
6581.17  0.996818
6581.60  0.9917569
6582.03  0.9808586
6582.46  0.9658226
6582.89  0.9546393
6583.32  0.9716502
6583.75  0.9879144
6584.17  0.990405
6584.60  0.9795932
6585.03  0.968895
6585.46  0.9571552
6585.89  0.9267007
6586.32  0.9394013
6586.75  0.9834511
6587.18  0.9992493
6587.61  0.9913694
6588.04  0.9893355
6588.47  0.9979714
6588.90  1.005467
6589.32  1.005381
6589.75  1.004772
6590.18  1.003505
6590.61  1.00381
6591.04  1.008324
6591.47  1.007917
6591.90  1.007432
6592.33  0.9944145
6592.76  0.9930062
6593.19  0.991751
6593.62  0.9777704
6594.04  0.9814698
6594.47  1.000068
6594.90  1.004895
6595.33  1.008471
6595.76  1.005169
6596.19  0.9969821
6596.62  0.9967887
6597.05  1.00081
6597.48  1.004774
6597.91  1.002305
6598.34  0.9875185
6598.77  0.9715125
6599.19  0.980836
6599.62  0.9996053
6600.05  0.9994456
6600.48  0.9997748
6600.91  0.9918085
6601.34  0.9762064
6601.77  0.9789159
6602.20  0.9853293
6602.63  0.9919697
6603.06  0.9944109
6603.49  0.992927
6603.92  0.9936831
6604.34  0.9937979
6604.77  0.9829347
6605.20  0.985279
6605.63  0.998885
6606.06  0.9988847
6606.49  0.9938039
6606.92  0.9957212
6607.35  0.9956512
6607.78  0.9975626
6608.21  0.9956362
6608.64  0.9906555
6609.06  0.9887779
6609.49  0.9932876
6609.92  0.9948245
6610.35  0.9918517
6610.78  0.9913411
6611.21  0.985848
6611.64  0.9747404
6612.07  0.9702526
6612.50  0.98272
6612.93  0.9924928
6613.36  0.9899852
6613.79  0.9899375
6614.21  0.9929014
6614.64  0.9943123
6615.07  0.9930349
6615.50  0.991744
6615.93  0.9930061
6616.36  0.9878532
6616.79  0.9876837
6617.22  0.9905576
6617.65  0.9939042
6618.08  0.9926795
6618.51  0.9928834
6618.93  0.9965502
6619.36  0.9942876
6619.79  0.9906644
6620.22  0.9873964
6620.65  0.9902396
6621.08  0.9946001
6621.51  0.9916992
6621.94  0.9903196
6622.37  0.9947824
6622.80  0.9954187
6623.23  0.9936425
6623.66  0.9916581
6624.08  0.9891555
6624.51  0.9854701
6624.94  0.9898822
6625.37  0.9857421
6625.80  0.9828683
6626.23  0.9897479
6626.66  0.9896404
6627.09  0.9854528
6627.52  0.9827485
6627.95  0.9797304
6628.38  0.9741966
6628.80  0.9810953
6629.23  0.9849378
6629.66  0.9884115
6630.09  0.9939203
6630.52  0.9944302
6630.95  0.9906911
6631.38  0.9855416
6631.81  0.977751
6632.24  0.9744345
6632.67  0.9715224
6633.10  0.9743505
6633.53  0.9720445
6633.95  0.973083
6634.38  0.9788727
6634.81  0.9805243
6635.24  0.9859462
6635.67  0.987667
6636.10  0.9924297
6636.53  0.9905052
6636.96  0.9855537
6637.39  0.9827126
6637.82  0.9794365
6638.25  0.9803259
6638.67  0.9830778
6639.10  0.9885589
6639.53  0.9934632
6639.96  0.9904886
6640.39  0.9883339
6640.82  0.9920806
6641.25  0.9872939
6641.68  0.978502
6642.11  0.9781138
6642.54  0.9806086
6642.97  0.9782588
6643.40  0.9794742
6643.82  0.9895146
6644.25  0.9937364
6644.68  0.9942415
6645.11  0.9964916
6645.54  0.9979106
6645.97  0.9913671
6646.40  0.9892659
6646.83  0.9869799
6647.26  0.9906524
6647.69  0.9945111
6648.12  0.989687
6648.55  0.9899398
6648.97  0.9896167
6649.40  0.9921634
6649.83  0.9954474
6650.26  0.9949448
6650.69  0.9842361
6651.12  0.9756067
6651.55  0.9786486
6651.98  0.9824412
6652.41  0.9887917
6652.84  0.9898679
6653.27  0.9871599
6653.69  0.9813193
6654.12  0.9805098
6654.55  0.9793138
6654.98  0.9788164
6655.41  0.9781434
6655.84  0.9772363
6656.27  0.9788992
6656.70  0.9824306
6657.13  0.98115
6657.56  0.977174
6657.99  0.9775944
6658.42  0.9809297
6658.84  0.992407
6659.27  0.9908625
6659.70  0.9886518
6660.13  0.9871809
6660.56  0.9857337
6660.99  0.9834599
6661.42  0.9797866
6661.85  0.9820386
6662.28  0.9860114
6662.71  0.9893923
6663.14  0.9877122
6663.56  0.9895055
6663.99  0.9962208
6664.42  0.9929395
6664.85  0.9882325
6665.28  0.9923853
6665.71  0.9955438
6666.14  0.9985289
6666.57  1.001103
6667.00  0.9969392
6667.43  0.9960526
6667.86  0.9980011
6668.29  1.004448
6668.71  1.00536
6669.14  1.003335
6669.57  1.003598
6670.00  0.9982702
6670.43  0.9953076
6670.86  0.9965941
6671.29  0.9999686
6671.72  0.9956867
6672.15  0.9896138
6672.58  0.9975703
6673.01  1.006245
6673.43  0.9990894
6673.86  1.001948
6674.29  1.000621
6674.72  0.9975269
6675.15  0.9927675
6675.58  0.9833426
6676.01  0.972224
6676.44  0.9552455
6676.87  0.9305925
6677.30  0.9048532
6677.73  0.8768469
6678.16  0.8517166
6678.58  0.8421259
6679.01  0.8407282
6679.44  0.8562817
6679.87  0.8782288
6680.30  0.8977779
6680.73  0.9235144
6681.16  0.9379669
6681.59  0.9459478
6682.02  0.954253
6682.45  0.952834
6682.88  0.9480131
6683.30  0.9448016
6683.73  0.9507297
6684.16  0.9532945
6684.59  0.9560334
6685.02  0.9585698
6685.45  0.9577475
6685.88  0.9600418
6686.31  0.9675814
6686.74  0.9741552
6687.17  0.9819956
6687.60  0.9832262
6688.03  0.9845982
6688.45  0.9894952
6688.88  0.9909782
6689.31  0.992614
6689.74  0.9943163
6690.17  0.9956103
6690.60  0.9973493
6691.03  0.9990349
6691.46  0.9969873
6691.89  0.9904675
6692.32  0.9911367
6692.75  0.9864656
6693.18  0.9849188
6693.60  0.9874258
6694.03  0.9800866
6694.46  0.9763777
6694.89  0.9796252
6695.32  0.9912601
6695.75  1.001783
6696.18  1.002679
6696.61  0.9982445
6697.04  1.000205
6697.47  1.000932
6697.90  0.9987648
6698.32  0.9997488
6698.75  1.00396
6699.18  1.005751
6699.61  1.010288
6700.04  1.009473
6700.47  1.007197
6700.90  1.006068
6701.33  1.008474
6701.76  1.001382
6702.19  1.00348
6702.62  1.00643
6703.05  1.009357
6703.47  1.007556
6703.90  1.006269
6704.33  0.9981275
6704.76  0.9973487
6705.19  0.998898
6705.62  0.9964871
6706.05  0.9999869
6706.48  1.004116
6706.91  1.003656
6707.34  1.000207
6707.77  1.002773
6708.19  0.9986742
6708.62  0.9885452
6709.05  0.9821504
6709.48  0.9833444
6709.91  0.9853456
6710.34  0.9882952
6710.77  0.9873899
6711.20  0.9854813
6711.63  0.9870914
6712.06  0.9876184
6712.49  0.9860104
6712.92  0.9828165
6713.34  0.9833013
6713.77  0.9874046
6714.20  0.9904273
6714.63  0.99457
6715.06  0.9941757
6715.49  0.9944448
6715.92  0.9993995
6716.35  1.001631
6716.78  1.000275
6717.21  1.007191
6717.64  1.005198
6718.06  1.001731
6718.49  1.002115
6718.92  0.9971871
6719.35  0.9966544
6719.78  0.995625
6720.21  0.9870646
6720.64  0.9849803
6721.07  0.9922151
6721.50  0.9949205
6721.93  0.9961606
6722.36  0.9971129
6722.79  0.9970095
6723.21  0.9944648
6723.64  0.9879502
6724.07  0.9903814
6724.50  0.9922027
6724.93  0.9904431
6725.36  0.9924155
6725.79  0.9925153
6726.22  0.9910708
6726.65  0.9938875
6727.08  0.9865482
6727.51  0.984368
6727.94  0.9860387
6728.36  0.9851702
6728.79  0.9814997
6729.22  0.9876091
6729.65  0.9927256
6730.08  0.9912886
6730.51  0.9916762
6730.94  0.992468
6731.37  1.013024
6731.80  1.019876
6732.23  0.9965272
6732.66  0.9873875
6733.08  0.9902478
6733.51  0.9895961
6733.94  0.9940766
6734.37  0.98176
6734.80  0.9783968
6735.23  0.9827409
6735.66  0.9850039
6736.09  0.9866595
6736.52  0.9849195
6736.95  0.9847881
6737.38  0.9816328
6737.81  0.9818047
6738.23  0.9836415
6738.66  0.9903261
6739.09  1.015108
6739.52  1.021558
6739.95  0.9911038
6740.38  0.9864199
6740.81  0.9850215
6741.24  0.9855255
6741.67  0.9927499
6742.10  0.9961172
6742.53  0.9916872
6742.95  0.9920725
6743.38  0.9922851
6743.81  0.992822
6744.24  0.9985899
6744.67  0.9961911
6745.10  0.9963135
6745.53  0.9964797
6745.96  0.9905716
6746.39  0.9924039
6746.82  0.9957621
6747.25  1.000049
6747.68  0.9962596
6748.10  0.9949724
6748.53  0.9947971
6748.96  0.9956787
6749.39  0.9991921
6749.82  1.001962
6750.25  0.9966215
6750.68  0.9923775
6751.11  0.9896353
6751.54  0.9876779
6751.97  0.955676
