3945.44  0.9939603
3946.01  1.012884
3946.58  1.012152
3947.15  1.011354
3947.72  1.009766
3948.29  1.00775
3948.86  1.002703
3949.43  1.005473
3950.00  1.003462
3950.57  1.001373
3951.14  0.9994293
3951.71  0.9993215
3952.28  0.9999763
3952.85  1.000757
3953.42  1.001548
3953.99  1.004176
3954.56  1.000916
3955.13  1.001573
3955.70  1.001142
3956.27  0.9981508
3956.84  0.998369
3957.41  0.9963009
3957.98  1.000973
3958.55  1.00568
3959.12  1.007776
3959.69  0.9975988
3960.26  0.9907954
3960.83  0.9837697
3961.40  0.9662823
3961.97  0.9458913
3962.54  0.9434063
3963.11  0.9591959
3963.68  0.960977
3964.25  0.9481852
3964.82  0.9305432
3965.39  0.925338
3965.96  0.9152713
3966.53  0.9137806
3967.10  0.8950851
3967.67  0.8552384
3968.24  0.8020737
3968.81  0.7365457
3969.38  0.7102752
3969.95  0.6870508
3970.52  0.6716765
3971.09  0.6906705
3971.66  0.7450659
3972.23  0.8028375
3972.80  0.8460537
3973.37  0.8854884
3973.94  0.9199075
3974.51  0.9358059
3975.08  0.9503675
3975.65  0.9609097
3976.22  0.9798796
3976.79  0.9883965
3977.36  0.9879472
3977.93  0.9851951
3978.50  0.9835563
3979.07  0.9892308
3979.64  0.9912782
3980.21  0.9943558
3980.78  0.9969503
3981.35  0.9959689
3981.92  0.9990696
3982.49  0.9981524
3983.06  0.9985597
3983.63  1.003397
3984.20  1.001936
3984.77  1.003356
3985.34  1.001182
3985.91  0.9983186
3986.48  1.003375
3987.05  1.007767
3987.62  1.00027
3988.19  1.000905
3988.76  1.000853
3989.33  1.005436
3989.90  1.008985
3990.47  1.006184
3991.04  1.010371
3991.61  1.013096
3992.18  1.010868
3992.75  1.008071
3993.32  1.008058
3993.89  1.016068
3994.46  1.003886
3995.03  0.9958552
3995.60  0.9870316
3996.17  0.9945642
3996.74  1.000274
3997.31  1.004087
3997.88  0.9997579
3998.45  0.9953846
3999.02  0.9879833
3999.59  0.9936337
4000.16  1.000278
4000.73  1.001625
4001.30  1.000283
4001.87  0.9981143
4002.44  0.9954633
4003.01  1.007803
4003.58  0.9957699
4004.15  0.9790354
4004.72  0.9838526
4005.29  0.9898777
4005.86  0.9964284
4006.43  0.999015
4007.00  0.9941923
4007.58  0.9936912
4008.15  0.9894836
4008.72  0.9811175
4009.29  0.9765807
4009.86  0.9717582
4010.43  0.9748605
4011.00  0.9815882
4011.57  0.9906892
4012.14  0.9992514
4012.71  1.0016
4013.28  0.9982604
4013.85  0.999373
4014.42  0.9958914
4014.99  0.9903868
4015.56  0.9968362
4016.13  0.998358
4016.70  0.9983935
4017.27  1.002431
4017.84  1.002311
4018.41  0.9979771
4018.98  0.9994054
4019.55  0.9951041
4020.12  0.9963017
4020.69  0.9989178
4021.26  0.9918076
4021.83  0.9933999
4022.40  0.9863759
4022.97  0.9809778
4023.54  0.9667094
4024.11  0.944739
4024.68  0.9244698
4025.25  0.885196
4025.82  0.8339546
4026.39  0.8018156
4026.96  0.7992347
4027.53  0.8391805
4028.10  0.8970845
4028.67  0.9466074
4029.24  0.9757044
4029.81  0.9864607
4030.38  0.9915422
4030.95  0.9990937
4031.52  1.000409
4032.09  0.9971712
4032.66  1.008926
4033.23  1.000696
4033.80  0.9958366
4034.37  1.004331
4034.94  0.9953619
4035.51  0.99523
4036.08  0.9991236
4036.65  0.9993463
4037.22  0.999777
4037.79  1.001018
4038.36  1.007318
4038.93  1.004453
4039.50  1.003866
4040.07  1.00633
4040.64  0.9996181
4041.21  1.000334
4041.78  0.9988928
4042.35  0.9946995
4042.92  1.001639
4043.49  1.003676
4044.06  1.005027
4044.63  1.011937
4045.20  1.003252
4045.77  1.008091
4046.34  1.010944
4046.91  1.016143
4047.48  1.01681
4048.05  1.010483
4048.62  1.008922
4049.19  1.010533
4049.76  1.009435
4050.33  1.011459
4050.90  1.010543
4051.47  1.011226
4052.04  1.015663
4052.61  1.00905
4053.18  1.007023
4053.75  1.007699
4054.32  1.005937
4054.89  1.011362
4055.46  1.008686
4056.03  1.002005
4056.60  1.001863
4057.17  1.000434
4057.74  0.9956375
4058.31  0.9977046
4058.88  1.004057
4059.45  1.007316
4060.02  1.007608
4060.59  1.005048
4061.16  0.9989073
4061.73  1.004389
4062.30  1.006892
4062.87  1.012224
4063.44  1.009125
4064.01  1.011065
4064.58  1.00996
4065.15  1.007063
4065.72  1.009407
4066.29  1.010036
4066.86  1.010656
4067.43  1.001026
4068.00  0.9796095
4068.57  0.9588755
4069.14  0.9431846
4069.71  0.9328035
4070.28  0.9343159
4070.85  0.9474011
4071.42  0.9641023
4071.99  0.9776008
4072.56  0.9821773
4073.13  0.9848628
4073.70  0.9952828
4074.27  0.9995723
4074.84  0.9996027
4075.41  0.9952708
4075.98  0.9952927
4076.55  0.9934171
4077.12  0.9950361
4077.69  1.002947
4078.26  1.012823
4078.83  1.012621
4079.40  1.013955
4079.97  1.014865
4080.54  1.010895
4081.11  1.001828
4081.68  1.000287
4082.25  1.002005
4082.82  1.009705
4083.39  1.008857
4083.96  1.015269
4084.53  1.006403
4085.10  1.001256
4085.67  1.005102
4086.24  1.003058
4086.81  1.002578
4087.38  0.9949342
4087.95  0.9730134
4088.52  0.9375592
4089.09  0.8909142
4089.66  0.8695618
4090.23  0.8990669
4090.80  0.9524045
4091.37  0.9803921
4091.94  0.9901653
4092.51  0.9943762
4093.08  0.9924879
4093.65  0.9879404
4094.22  0.9830064
4094.79  0.977753
4095.36  0.9678157
4095.93  0.9562058
4096.50  0.9284328
4097.07  0.8842549
4097.64  0.8360808
4098.21  0.8180127
4098.78  0.8327623
4099.35  0.8450517
4099.92  0.8271688
4100.49  0.7864435
4101.06  0.7356138
4101.63  0.6820167
4102.20  0.6439818
4102.77  0.6424032
4103.34  0.6740928
4103.91  0.721921
4104.48  0.7837601
4105.05  0.8462388
4105.62  0.8879758
4106.19  0.9184659
4106.76  0.9407699
4107.33  0.9528137
4107.90  0.960212
4108.47  0.9701033
4109.04  0.9772713
4109.61  0.983636
4110.18  0.9894716
4110.75  0.991645
4111.32  0.9919361
4111.89  0.9931336
4112.46  0.987538
4113.03  0.9907107
4113.60  0.9942544
4114.17  0.9982659
4114.74  0.9923068
4115.31  0.9859253
4115.88  0.9552775
4116.45  0.9338985
4117.02  0.9271814
4117.59  0.9519522
4118.16  0.9832316
4118.73  0.9945105
4119.30  0.9862581
4119.87  0.9699273
4120.44  0.9664895
4121.01  0.9599195
4121.58  0.9536786
4122.15  0.9597954
4122.72  0.9770309
4123.29  0.9926779
4123.86  1.000486
4124.43  0.9995826
4125.00  1.002503
4125.57  1.004926
4126.14  1.001262
4126.72  0.9999308
4127.29  1.009787
4127.86  1.007223
4128.43  1.00345
4129.00  0.9987609
4129.57  0.998803
4130.14  1.000668
4130.71  1.004172
4131.28  1.006403
4131.85  1.004817
4132.42  0.9994082
4132.99  1.003708
4133.56  1.003437
4134.13  1.000257
4134.70  1.002165
4135.27  1.007566
4135.84  1.008412
4136.41  1.006366
4136.98  1.007571
4137.55  1.010031
4138.12  1.011214
4138.69  1.006141
4139.26  1.002187
4139.83  1.002103
4140.40  1.003485
4140.97  1.001308
4141.54  0.9983034
4142.11  0.9970368
4142.68  0.9873937
4143.25  0.9733478
4143.82  0.9543754
4144.39  0.9385088
4144.96  0.9419189
4145.53  0.9668097
4146.10  0.9802929
4146.67  0.9866069
4147.24  0.9934025
4147.81  0.995804
4148.38  1.004365
4148.95  1.008749
4149.52  1.003603
4150.09  1.003476
4150.66  0.9977539
4151.23  0.9968523
4151.80  0.9919359
4152.37  0.9919631
4152.94  0.9851068
4153.51  0.982771
4154.08  0.9855564
4154.65  0.989089
4155.22  0.9942865
4155.79  0.9959177
4156.36  0.9931303
4156.93  0.9865987
4157.50  0.9868794
4158.07  0.9871683
4158.64  0.9917274
4159.21  0.9974858
4159.78  1.002015
4160.35  1.007844
4160.92  1.006383
4161.49  1.000941
4162.06  0.9978702
4162.63  0.9949767
4163.20  0.9923961
4163.77  0.9873765
4164.34  0.9852537
4164.91  0.9901311
4165.48  0.9984969
4166.05  1.001693
4166.62  0.9982526
4167.19  0.9987649
4167.76  0.9992192
4168.33  0.9930654
4168.90  0.9884098
4169.47  0.9802645
4170.04  0.983548
4170.61  0.9961013
4171.18  1.001438
4171.75  1.001939
4172.32  0.9984521
4172.89  0.9977726
4173.46  1.001719
4174.03  1.00498
4174.60  1.000595
4175.17  0.9978455
4175.74  1.004053
4176.31  1.000083
4176.88  0.9944168
4177.45  0.9936835
4178.02  0.9925868
4178.59  0.9905415
4179.16  0.9906769
4179.73  0.9938402
4180.30  0.9965098
4180.87  1.000461
4181.44  1.00008
4182.01  0.9993948
4182.58  1.003849
4183.15  1.001529
4183.72  0.9959842
4184.29  0.9904857
4184.86  0.9826883
4185.43  0.9793829
4186.00  0.9755461
4186.57  0.9737997
4187.14  0.9712694
4187.71  0.9691184
4188.28  0.9745587
4188.85  0.9879094
4189.42  0.9955699
4189.99  0.9924552
4190.56  0.9929389
4191.13  0.9917479
4191.70  0.9942126
4192.27  0.9999103
4192.84  1.001008
4193.41  0.9983246
4193.98  0.9994957
4194.55  1.001049
4195.12  0.9949467
4195.69  0.9841182
4196.26  0.9785873
4196.83  0.9690255
4197.40  0.9743797
4197.97  0.9740778
4198.54  0.9602349
4199.11  0.9395396
4199.68  0.9124876
4200.25  0.8882912
4200.82  0.8876522
4201.39  0.9035159
4201.96  0.9311206
4202.53  0.9536624
4203.10  0.9700426
4203.67  0.9834511
4204.24  0.9901671
4204.81  0.9881811
4205.38  0.9944339
4205.95  0.9951516
4206.52  0.9989515
4207.09  0.996656
4207.66  0.9939488
4208.23  0.9986655
4208.80  0.9983068
4209.37  0.998627
4209.94  0.9986604
4210.51  0.9999571
4211.08  1.002883
4211.65  0.9981567
4212.22  0.9852315
4212.79  0.9783889
4213.36  0.9831766
4213.93  0.9843279
4214.50  0.9951826
4215.07  0.9962599
4215.64  0.9974624
4216.21  1.002493
4216.78  0.9940368
4217.35  0.9946018
4217.92  0.9959486
4218.49  1.000717
4219.06  0.9970877
4219.63  0.9947794
4220.20  0.9935303
4220.77  0.9903104
4221.34  0.9921541
4221.91  0.9928191
4222.48  1.002381
4223.05  1.000656
4223.62  1.002565
4224.19  1.001743
4224.76  1.00051
4225.33  1.003253
4225.90  1.005089
4226.47  1.000042
4227.04  0.9989229
4227.61  0.9971287
4228.18  1.000752
4228.75  1.006958
4229.32  1.006007
4229.89  1.000675
4230.46  0.9999115
4231.03  1.004458
4231.60  0.9972154
4232.17  0.9977267
4232.74  1.000735
4233.31  0.9982609
4233.88  0.9988561
4234.45  1.005322
4235.02  1.007931
4235.59  1.005309
4236.16  1.005764
4236.73  0.9999452
4237.30  1.000738
4237.87  0.9994847
4238.44  0.9996758
4239.01  1.000402
4239.58  1.001605
4240.15  1.001052
4240.72  1.001983
4241.29  0.9991677
4241.86  0.9969715
4242.43  1.005359
4243.00  0.9970873
4243.57  1.000821
4244.14  1.002153
4244.71  1.004973
4245.29  1.005269
4245.86  1.00902
4246.43  1.008797
4247.00  1.0009
4247.57  1.000858
4248.14  1.000587
4248.71  1.000733
4249.28  1.003799
4249.85  1.004923
4250.42  1.000681
4250.99  0.9989668
4251.56  1.001136
4252.13  1.000636
4252.70  0.9983397
4253.27  0.9968034
4253.84  0.9979898
4254.41  0.9898584
4254.98  0.9868279
4255.55  0.9937865
4256.12  1.003731
4256.69  1.01174
4257.26  1.004064
4257.83  1.002596
4258.40  1.003987
4258.97  1.004424
4259.54  1.003646
4260.11  1.001835
4260.68  1.006347
4261.25  1.000831
4261.82  1.000692
4262.39  1.004964
4262.96  1.003377
4263.53  1.001635
4264.10  1.004413
4264.67  1.003622
4265.24  1.005462
4265.81  1.005796
4266.38  1.000626
4266.95  0.9979576
4267.52  0.9936442
4268.09  0.9971637
4268.66  0.9997467
4269.23  1.007024
4269.80  1.00577
4270.37  1.000427
4270.94  1.004416
4271.51  1.004687
4272.08  1.005915
4272.65  1.00625
4273.22  1.003389
4273.79  1.005363
4274.36  1.003886
4274.93  0.999748
4275.50  0.9960748
4276.07  0.9912913
4276.64  0.9862621
4277.21  0.9841967
4277.78  0.9856107
4278.35  0.9930732
4278.92  0.9996096
4279.49  0.9990983
4280.06  0.9995404
4280.63  1.001371
4281.20  0.9991213
4281.77  1.002139
4282.34  1.005162
4282.91  0.9948775
4283.48  0.9941723
4284.05  0.9936451
4284.62  0.9986984
4285.19  0.9953635
4285.76  0.9900157
4286.33  0.9930882
4286.90  1.000961
4287.47  1.004764
4288.04  1.002825
4288.61  1.001421
4289.18  0.998257
4289.75  1.000012
4290.32  0.9998822
4290.89  0.9991252
4291.46  0.995033
4292.03  0.9978221
4292.60  0.9973165
4293.17  0.9994705
4293.74  1.005545
4294.31  1.00943
4294.88  1.002361
4295.45  1.000444
4296.02  1.003764
4296.59  1.008055
4297.16  1.010697
4297.73  1.009256
4298.30  1.009957
4298.87  1.015811
4299.44  1.017778
4300.01  1.012525
4300.58  1.013279
4301.15  1.017236
4301.72  1.01406
4302.29  1.0152
4302.86  1.011267
4303.43  1.01319
4304.00  1.003852
4304.57  0.9963381
4305.14  1.000076
4305.71  1.006426
4306.28  1.005001
4306.85  1.007181
4307.42  1.007694
4307.99  1.011078
4308.56  1.00904
4309.13  1.00815
4309.70  1.010104
4310.27  1.006951
4310.84  1.007104
4311.41  1.011891
4311.98  1.005471
4312.55  0.9993505
4313.12  1.001052
4313.69  1.002253
4314.26  1.001116
4314.83  0.9999481
4315.40  0.9982023
4315.97  1.000241
4316.54  1.000406
4317.11  0.9972886
4317.68  0.9951453
4318.25  0.9998241
4318.82  1.002331
4319.39  0.9948821
4319.96  0.9961118
4320.53  0.9993095
4321.10  0.99949
4321.67  1.003432
4322.24  1.007064
4322.81  1.001525
4323.38  1.006526
4323.95  1.007675
4324.52  1.01052
4325.09  1.007212
4325.66  1.00371
4326.23  1.004039
4326.80  1.003692
4327.37  1.003773
4327.94  1.002636
4328.51  0.9988807
4329.08  0.9947805
4329.65  0.9927285
4330.22  0.9938995
4330.79  0.9952774
4331.36  0.9944806
4331.93  0.9911121
4332.50  0.984421
4333.07  0.9781355
4333.64  0.9767859
4334.21  0.9735177
4334.78  0.9691361
4335.35  0.9644639
4335.92  0.9561923
4336.49  0.9383467
4337.06  0.9191961
4337.63  0.8949266
4338.20  0.8584793
4338.77  0.8148245
4339.34  0.7647724
4339.91  0.7068837
4340.48  0.6561776
4341.05  0.6313865
4341.62  0.6416057
4342.19  0.6890779
4342.76  0.7580811
4343.33  0.8236236
4343.90  0.8675608
4344.47  0.8968139
4345.04  0.9204821
4345.61  0.9262989
4346.18  0.9324162
4346.75  0.9452876
4347.32  0.9551886
4347.89  0.9624527
4348.46  0.9678582
4349.03  0.9710598
4349.60  0.9658398
4350.17  0.9697603
4350.74  0.9754771
4351.31  0.9818498
4351.88  0.989382
4352.45  0.9916438
4353.02  0.9943273
4353.59  0.9984442
4354.16  0.9989451
4354.73  1.001639
4355.30  1.002481
4355.87  1.002736
4356.44  1.007841
4357.01  1.011279
4357.58  1.013873
4358.15  1.011979
4358.72  1.009953
4359.29  1.01074
4359.86  1.005334
4360.43  1.005931
4361.00  1.006524
4361.57  1.002807
4362.14  1.003881
4362.71  1.008456
4363.28  1.008748
4363.85  1.010244
4364.43  1.007455
4365.00  1.007149
4365.57  1.011327
4366.14  1.003716
4366.71  0.9960858
4367.28  0.9878311
4367.85  0.9854432
4368.42  0.989922
4368.99  0.994532
4369.56  0.9953148
4370.13  0.9955138
4370.70  0.9966558
4371.27  1.003011
4371.84  1.0047
4372.41  1.001684
4372.98  1.004803
4373.55  1.009002
4374.12  1.008728
4374.69  1.005116
4375.26  1.006152
4375.83  1.003412
4376.40  1.000571
4376.97  1.00064
4377.54  0.997452
4378.11  0.9887639
4378.68  0.9813256
4379.25  0.96886
4379.82  0.9609492
4380.39  0.9709853
4380.96  0.9837411
4381.53  0.9949708
4382.10  0.9999411
4382.67  1.001697
4383.24  1.003091
4383.81  1.0049
4384.38  1.004695
4384.95  1.001274
4385.52  1.003557
4386.09  0.9959118
4386.66  0.9834493
4387.23  0.9691108
4387.80  0.9412616
4388.37  0.9182515
4388.94  0.9207819
4389.51  0.9443851
4390.08  0.9657562
4390.65  0.9763729
4391.22  0.9855832
4391.79  0.9873293
4392.36  0.9835367
4392.93  0.9876105
4393.50  0.9943097
4394.07  0.9959013
4394.64  0.9999993
4395.21  1.001159
4395.78  0.9972649
4396.35  0.998244
4396.92  0.9990754
4397.49  0.9994655
4398.06  0.9970115
4398.63  0.994745
4399.20  0.9978361
4399.77  1.001849
4400.34  1.003111
4400.91  1.004227
4401.48  1.001909
4402.05  1.002324
4402.62  0.9986013
4403.19  0.9993257
4403.76  1.000245
4404.33  1.001224
4404.90  1.005673
4405.47  1.004091
4406.04  1.002309
4406.61  1.004526
4407.18  1.005028
4407.75  1.000349
4408.32  0.9992681
4408.89  0.9985088
4409.46  0.9931692
4410.03  0.9945908
4410.60  0.9983846
4411.17  1.0008
4411.74  1.001234
4412.31  1.000652
4412.88  0.9955552
4413.45  0.9967055
4414.02  0.9947245
4414.59  0.988628
4415.16  0.9905475
4415.73  0.9870893
4416.30  0.9893928
4416.87  0.9931269
4417.44  0.9979748
4418.01  0.99668
4418.58  0.9982386
4419.15  1.000152
4419.72  1.000404
4420.29  1.001212
4420.86  1.000372
4421.43  0.9968256
4422.00  0.9981899
4422.57  0.9982493
4423.14  0.9963623
4423.71  0.9949648
4424.28  0.9994605
4424.85  0.9992524
4425.42  0.9934572
4425.99  0.9924224
4426.56  0.9930811
4427.13  0.9906237
4427.70  0.9918751
4428.27  0.9891464
4428.84  0.9880213
4429.41  0.9861799
4429.98  0.9857686
4430.55  0.9875668
4431.12  0.9823486
4431.69  0.9870356
4432.26  0.9948449
4432.83  0.9927942
4433.40  0.9913582
4433.97  0.990992
4434.54  0.9848031
4435.11  0.9805266
4435.68  0.9823619
4436.25  0.984615
4436.82  0.9919541
4437.39  0.9897681
4437.96  0.981106
4438.53  0.981028
4439.10  0.9919243
4439.67  0.994258
4440.24  0.9898909
4440.81  0.9917881
4441.38  0.991057
4441.95  0.9888775
4442.52  0.9934484
4443.09  0.9951545
4443.66  0.9972804
4444.23  0.993941
4444.80  1.001679
4445.37  0.9981835
4445.94  0.9971248
4446.51  0.9957479
4447.08  0.9929197
4447.65  0.991011
4448.22  0.9872481
4448.79  0.9881135
4449.36  0.9872756
4449.93  0.99079
4450.50  0.9968399
4451.07  0.9981152
4451.64  0.9970331
4452.21  0.9967167
4452.78  0.9932545
4453.35  0.9942032
4453.92  0.9961362
4454.49  0.9897287
4455.06  0.9889339
4455.63  0.9933853
4456.20  0.999443
4456.77  1.002334
4457.34  1.001646
4457.91  0.997045
4458.48  0.9983031
4459.05  0.9986901
4459.62  0.9975161
4460.19  0.9983709
4460.76  1.000095
4461.33  1.003417
4461.90  1.002532
4462.47  0.9993635
4463.04  0.9983397
4463.61  1.002395
4464.18  1.000829
4464.75  0.9984462
4465.32  0.9992963
4465.89  0.9916976
4466.46  0.9921821
4467.03  0.994112
4467.60  0.988537
4468.17  0.9863222
4468.74  0.979987
4469.31  0.9668849
4469.88  0.9475698
4470.45  0.9109375
4471.02  0.8528724
4471.59  0.7907458
4472.16  0.7657239
4472.73  0.800362
4473.30  0.8697813
4473.87  0.9350591
4474.44  0.9727328
4475.01  0.9848394
4475.58  0.9916078
4476.15  0.9985585
4476.72  0.9955467
4477.29  0.9929191
4477.86  0.9980461
4478.43  0.9995425
4479.00  0.9966889
4479.57  0.9949238
4480.14  0.9900676
4480.71  0.9800575
4481.28  0.9717555
4481.85  0.9692172
4482.42  0.9763128
4482.99  0.9874661
4483.57  0.9910287
4484.14  0.9986752
4484.71  1.005413
4485.28  1.013083
4485.85  1.022198
4486.42  1.026969
4486.99  1.022147
4487.56  1.010549
4488.13  1.008809
4488.70  1.006377
4489.27  1.000355
4489.84  1.000226
4490.41  0.9994757
4490.98  1.001173
4491.55  0.9998059
4492.12  1.001101
4492.69  1.002487
4493.26  1.001835
4493.83  1.004667
4494.40  1.007124
4494.97  1.00783
4495.54  1.009815
4496.11  1.006652
4496.68  1.002631
4497.25  1.009042
4497.82  1.006946
4498.39  1.004374
4498.96  1.008527
4499.53  1.007746
4500.10  1.004944
4500.67  1.005718
4501.24  1.006639
4501.81  1.003258
4502.38  1.006226
4502.95  1.009419
4503.52  1.010872
4504.09  1.015415
4504.66  1.017666
4505.23  1.019721
4505.80  1.013537
4506.37  1.003879
4506.94  1.005565
4507.51  1.004618
4508.08  1.000302
4508.65  1.002385
4509.22  1.006343
4509.79  1.002921
4510.36  0.9914467
4510.93  0.978394
4511.50  0.9710342
4512.07  0.9734487
4512.64  0.985618
4513.21  0.9940427
4513.78  0.9964503
4514.35  0.9838008
4514.92  0.9657648
4515.49  0.9534797
4516.06  0.965192
4516.63  0.9814653
4517.20  0.9905626
4517.77  0.9923153
4518.34  0.993008
4518.91  0.9953545
4519.48  0.9962459
4520.05  0.9987325
4520.62  1.007965
4521.19  1.007024
4521.76  1.004879
4522.33  1.001926
4522.90  0.9978573
4523.47  0.9943202
4524.04  0.992196
4524.61  0.994074
4525.18  0.9977643
4525.75  1.00199
4526.32  1.001613
4526.89  1.004554
4527.46  1.006902
4528.03  0.9983674
4528.60  0.9982855
4529.17  0.9978434
4529.74  1.00015
4530.31  0.9979253
4530.88  0.9951835
4531.45  1.001981
4532.02  1.005453
4532.59  1.00179
4533.16  1.000186
4533.73  0.9970812
4534.30  0.9921466
4534.87  0.9827248
4535.44  0.9809988
4536.01  0.9825781
4536.58  0.9829489
4537.15  0.9883503
4537.72  0.9926309
4538.29  0.9896575
4538.86  0.9839691
4539.43  0.9763189
4540.00  0.958418
4540.57  0.9363705
4541.14  0.9043527
4541.71  0.8742979
4542.28  0.8630475
4542.85  0.8736392
4543.42  0.9052759
4543.99  0.9391653
4544.56  0.9610705
4545.13  0.9740751
4545.70  0.9818889
4546.27  0.9848791
4546.84  0.9876842
4547.41  0.9878126
4547.98  0.9904966
4548.55  0.9929833
4549.12  0.9942439
4549.69  0.992659
4550.26  0.9922245
4550.83  0.996218
4551.40  0.9979669
4551.97  0.9936517
4552.54  0.9866646
4553.11  0.9858583
4553.68  0.985191
4554.25  0.9930238
4554.82  0.9999149
4555.39  1.000759
4555.96  1.000903
4556.53  0.9995185
4557.10  1.00128
4557.67  1.002128
4558.24  1.001092
4558.81  0.9996196
4559.38  0.9995228
4559.95  1.000768
4560.52  1.002463
4561.09  1.006491
4561.66  1.004063
4562.23  1.004798
4562.80  1.002593
4563.37  1.004467
4563.94  1.004862
4564.51  1.006136
4565.08  1.005482
4565.65  1.004639
4566.22  1.002682
4566.79  1.003453
4567.36  0.9962808
4567.93  0.9930516
4568.50  0.9891828
4569.07  0.9914002
4569.64  0.995756
4570.21  0.9964361
4570.78  0.9983812
4571.35  1.004003
4571.92  1.003059
4572.49  0.9972612
4573.06  1.001912
4573.63  1.001517
4574.20  0.9950589
4574.77  0.9945658
4575.34  0.9939037
4575.91  0.9945559
4576.48  1.002989
4577.05  1.002175
4577.62  1.000823
4578.19  1.000125
4578.76  1.000556
4579.33  1.001655
4579.90  1.003012
4580.47  1.00144
4581.04  1.000216
4581.61  0.9993991
4582.18  0.9982088
4582.75  1.00014
4583.32  1.001676
4583.89  0.9979985
4584.46  0.9969407
4585.03  0.996023
4585.60  0.9976617
4586.17  1.002609
4586.74  0.999554
4587.31  1.000353
4587.88  0.9992441
4588.45  0.9992934
4589.02  0.9971587
4589.59  0.9973669
4590.16  1.002039
4590.73  0.9953787
4591.30  0.9940477
4591.87  0.992163
4592.44  0.9941995
4593.01  0.9947559
4593.58  0.9979349
4594.15  0.9976444
4594.72  0.9937904
4595.29  0.9934938
4595.86  0.9976677
4596.43  0.9963449
4597.00  0.9938443
4597.57  0.9929262
4598.14  0.9965487
4598.71  0.9988645
4599.28  0.9972484
4599.85  0.9985602
4600.42  0.9965299
4600.99  0.9972516
4601.56  0.9974026
4602.13  0.9954593
4602.71  0.9941663
4603.28  0.9921623
4603.85  0.9982224
4604.42  0.9999306
4604.99  0.9988512
4605.56  1.001067
4606.13  0.9997924
4606.70  0.9983095
4607.27  0.9998018
4607.84  0.9977438
4608.41  0.9994614
4608.98  0.9991666
4609.55  0.9929362
4610.12  0.9865364
4610.69  0.9876361
4611.26  0.993165
4611.83  0.9937297
4612.40  0.9971554
4612.97  0.9988803
4613.54  0.9988325
4614.11  1.000982
4614.68  1.004903
4615.25  1.005895
4615.82  1.002558
4616.39  1.001138
4616.96  1.003737
4617.53  1.005951
4618.10  1.004127
4618.67  1.003165
4619.24  1.001287
4619.81  0.9987566
4620.38  0.9999178
4620.95  1.000955
4621.52  1.001767
4622.09  1.003789
4622.66  1.006886
4623.23  1.007951
4623.80  1.004611
4624.37  1.004761
4624.94  1.006377
4625.51  1.006172
4626.08  1.009644
4626.65  1.009477
4627.22  1.005007
4627.79  1.006323
4628.36  1.008466
4628.93  1.007423
4629.50  1.004863
4630.07  0.9989861
4630.64  0.9879746
4631.21  0.975425
4631.78  0.9741631
4632.35  0.978394
4632.92  0.9932721
4633.49  1.015597
4634.06  1.018172
4634.63  1.021407
4635.20  1.022449
4635.77  1.019882
4636.34  1.012411
4636.91  1.008887
4637.48  1.005911
4638.05  1.000101
4638.62  0.9929799
4639.19  0.9944303
4639.76  1.005951
4640.33  1.018423
4640.90  1.027558
4641.47  1.021767
4642.04  1.01164
4642.61  1.003825
4643.18  1.005477
4643.75  1.007821
4644.32  1.007864
4644.89  1.009964
4645.46  1.00435
4646.03  0.9993155
4646.60  0.9821846
4647.17  0.9541014
4647.74  0.931819
4648.31  0.9285808
4648.88  0.935832
4649.45  0.9368515
4650.02  0.930313
4650.59  0.924654
4651.16  0.9172206
4651.73  0.9228815
4652.30  0.9445988
4652.87  0.9663088
4653.44  0.9791157
4654.01  0.9806693
4654.58  0.9730575
4655.15  0.976268
4655.72  0.9845136
4656.29  0.9961231
4656.86  1.000509
4657.43  0.9975372
4658.00  0.9969796
4658.57  0.9932208
4659.14  0.9903156
4659.71  0.9947129
4660.28  0.9996365
4660.85  1.005012
4661.42  0.99812
4661.99  0.9989123
4662.56  0.9982021
4663.13  1.003557
4663.70  1.005916
4664.27  1.003562
4664.84  0.9998093
4665.41  0.9998848
4665.98  0.9982488
4666.55  0.9952336
4667.12  0.9932296
4667.69  0.9945881
4668.26  1.000834
4668.83  1.00291
4669.40  1.002032
4669.97  1.002564
4670.54  1.003482
4671.11  1.005667
4671.68  1.003598
4672.25  1.004068
4672.82  1.00532
4673.39  1.000845
4673.96  1.001357
4674.53  0.9981809
4675.10  0.9970998
4675.67  0.9969166
4676.24  0.9970087
4676.81  0.9952675
4677.38  0.9971935
4677.95  0.9993239
4678.52  1.00341
4679.09  1.006099
4679.66  1.005021
4680.23  1.003571
4680.80  1.000338
4681.37  0.9994549
4681.94  0.9949857
4682.51  0.9899758
4683.08  0.9801069
4683.65  0.9693301
4684.22  0.9493704
4684.79  0.916512
4685.36  0.8825318
4685.93  0.8477479
4686.50  0.8351649
4687.07  0.8561824
4687.64  0.8931255
4688.21  0.9335625
4688.78  0.9644136
4689.35  0.9806674
4689.92  0.9909555
4690.49  0.9940654
4691.06  0.9984908
4691.63  1.002313
4692.20  1.002748
4692.77  1.004226
4693.34  1.004652
4693.91  1.004088
4694.48  0.9997336
4695.05  0.9989853
4695.62  1.002356
4696.19  1.002594
4696.76  1.002596
4697.33  1.003009
4697.90  1.002698
4698.47  1.002083
4699.04  1.000041
4699.61  0.9996927
4700.18  0.9995763
4700.75  1.000001
4701.32  1.002281
4701.89  1.003281
4702.46  1.001557
4703.03  1.00353
4703.60  1.0017
4704.17  0.9968538
4704.74  0.9932309
4705.31  0.9936107
4705.88  0.9915023
4706.45  0.9983884
4707.02  0.9964468
4707.59  0.9988397
4708.16  1.000174
4708.73  0.9991328
4709.30  1.001689
4709.87  0.9973042
4710.44  0.9979724
4711.01  0.9960079
4711.58  0.9926122
4712.15  0.9793397
4712.72  0.9515225
4713.29  0.9258363
4713.86  0.9207679
4714.43  0.9401429
4715.00  0.9668895
4715.57  0.9863551
4716.14  0.995154
4716.71  0.9966795
4717.28  1.000257
4717.85  1.001773
4718.42  1.005186
4718.99  1.003285
4719.56  1.002379
4720.13  1.003374
4720.70  0.9995173
4721.28  1.002919
4721.85  1.004173
4722.42  1.005043
4722.99  1.002153
4723.56  1.001
4724.13  1.005333
4724.70  1.001745
4725.27  0.9994299
4725.84  0.9987071
4726.41  0.9985369
4726.98  0.9953908
4727.55  0.9950414
4728.12  0.9956684
4728.69  0.9979382
4729.26  0.9987787
4729.83  1.004748
4730.40  1.002639
4730.97  1.004431
4731.54  1.001537
4732.11  1.000616
4732.68  1.000354
4733.25  1.000708
4733.82  1.004016
4734.39  0.9996234
4734.96  0.9992279
4735.53  0.9962778
4736.10  1.00181
4736.67  1.000278
4737.24  1.000762
4737.81  0.9986795
4738.38  1.000529
4738.95  1.000397
4739.52  0.9963394
4740.09  0.9984836
4740.66  0.99481
4741.23  0.99695
4741.80  0.9978006
4742.37  0.9994849
4742.94  0.9998879
4743.51  1.000005
4744.08  0.997511
4744.65  1.000266
4745.22  1.003708
4745.79  0.9991702
4746.36  0.9979556
4746.93  0.9999382
4747.50  1.000321
4748.07  0.9984103
4748.64  1.0011
4749.21  1.002608
4749.78  1.002257
4750.35  1.00051
4750.92  0.9999375
4751.49  0.9989581
4752.06  0.9983657
4752.63  0.9984288
4753.20  1.000126
4753.77  1.000464
4754.34  0.9981006
4754.91  0.9972444
4755.48  0.9969876
4756.05  0.9958605
4756.62  0.9965368
4757.19  0.9997705
4757.76  0.9999626
4758.33  0.9992886
4758.90  0.9978023
4759.47  0.9956734
4760.04  0.9965114
4760.61  0.9978391
4761.18  0.9973962
4761.75  0.9931725
4762.32  0.9912649
4762.89  0.9953485
4763.46  0.9930009
4764.03  0.9899744
4764.60  0.9975135
4765.17  0.9960306
4765.74  0.9930406
4766.31  0.9965402
4766.88  0.9971746
4767.45  0.999076
4768.02  0.9970382
4768.59  0.9946511
4769.16  0.9923183
4769.73  0.9924684
4770.30  0.9972073
4770.87  0.998691
4771.44  0.995918
4772.01  0.9957015
4772.58  0.9979786
4773.15  0.9977512
4773.72  0.996798
4774.29  0.9940222
4774.86  0.9957977
4775.43  0.9934335
4776.00  0.99422
4776.57  0.9965332
4777.14  0.9959478
4777.71  0.9967692
4778.28  0.9948216
4778.85  0.9963003
4779.42  0.9972505
4779.99  0.9947047
4780.56  0.9931672
4781.13  0.9939781
4781.70  0.9981481
4782.27  1.001613
4782.84  0.9992727
4783.41  0.9976774
4783.98  0.9968476
4784.55  1.000546
4785.12  0.9985397
4785.69  1.002045
4786.26  0.9999614
4786.83  0.9979703
4787.40  0.997014
4787.97  1.000641
4788.54  0.997977
4789.11  1.000725
4789.68  1.000879
4790.25  1.001896
4790.82  1.004045
4791.39  1.00095
4791.96  1.005021
4792.53  1.004962
4793.10  1.003698
4793.67  1.00099
4794.24  0.9986614
4794.81  1.001328
4795.38  1.001358
4795.95  0.9985418
4796.52  0.9987785
4797.09  1.002142
4797.66  1.004562
4798.23  1.001585
4798.80  1.003591
4799.37  1.003558
4799.94  1.003765
4800.51  1.00403
4801.08  1.004993
4801.65  1.003154
4802.22  1.000811
4802.79  1.000825
4803.36  1.003038
4803.93  1.002034
4804.50  1.000944
4805.07  1.003431
4805.64  1.004527
4806.21  1.004682
4806.78  1.004374
4807.35  1.000149
4807.92  1.006093
4808.49  1.004913
4809.06  1.006645
4809.63  1.002082
4810.20  1.003328
4810.77  1.002109
4811.34  1.005693
4811.91  1.00473
4812.48  1.006774
4813.05  1.001354
4813.62  1.00274
4814.19  1.003639
4814.76  1.002825
4815.33  1.005046
4815.90  1.00797
4816.47  1.002924
4817.04  1.006197
4817.61  1.004047
4818.18  1.002599
4818.75  1.005052
4819.32  1.003778
4819.89  1.003154
4820.46  1.006442
4821.03  1.006722
4821.60  1.007244
4822.17  1.00754
4822.74  1.007367
4823.31  1.012106
4823.88  1.008543
4824.45  1.008326
4825.02  1.001874
4825.59  1.002955
4826.16  1.004168
4826.73  1.007024
4827.30  1.003621
4827.87  1.008059
4828.44  1.007811
4829.01  1.003674
4829.58  1.004032
4830.15  1.005189
4830.72  1.006307
4831.29  1.004198
4831.86  1.002964
4832.43  1.006353
4833.00  1.004858
4833.57  1.006515
4834.14  1.006027
4834.71  1.005626
4835.28  1.006138
4835.85  1.004739
4836.42  1.004638
4836.99  1.005003
4837.56  1.004125
4838.13  1.006218
4838.70  1.005844
4839.27  1.004947
4839.84  1.004923
4840.42  1.004196
4840.99  1.005307
4841.56  1.005283
4842.13  1.003929
4842.70  1.001163
4843.27  1.001304
4843.84  1.002554
4844.41  1.001263
4844.98  1.000232
4845.55  0.9995418
4846.12  0.9990664
4846.69  1.000279
4847.26  1.002019
4847.83  1.002385
4848.40  0.9991509
4848.97  0.9950748
4849.54  0.9927895
4850.11  0.9943771
4850.68  0.9934149
4851.25  0.9886945
4851.82  0.9850916
4852.39  0.9850426
4852.96  0.9816607
4853.53  0.977177
4854.10  0.9758811
4854.67  0.9692332
4855.24  0.9622077
4855.81  0.954924
4856.38  0.9431251
4856.95  0.9309496
4857.52  0.9111794
4858.09  0.884474
4858.66  0.8474322
4859.23  0.8050766
4859.80  0.7595038
4860.37  0.7104726
4860.94  0.6689647
4861.51  0.6390661
4862.08  0.6316522
4862.65  0.652153
4863.22  0.6966615
4863.79  0.7588841
4864.36  0.8142276
4864.93  0.8584012
4865.50  0.8896072
4866.07  0.9100903
4866.64  0.9289439
4867.21  0.9341992
4867.78  0.9369067
4868.35  0.9470587
4868.92  0.9591907
4869.49  0.9699106
4870.06  0.9793559
4870.63  0.9780679
4871.20  0.9793317
4871.77  0.9863136
4872.34  0.9861271
4872.91  0.9837106
4873.48  0.9850322
4874.05  0.986246
4874.62  0.9893778
4875.19  0.9919206
4875.76  0.9930832
4876.33  0.9921722
4876.90  0.9911597
4877.47  0.9917126
4878.04  0.9944417
4878.61  0.9981344
4879.18  0.9968348
4879.75  0.9965905
4880.32  1.000618
4880.89  1.00132
4881.46  0.9951961
4882.03  0.9923784
4882.60  0.994575
4883.17  0.9994347
4883.74  0.9990557
4884.31  0.9981076
4884.88  0.9974844
4885.45  0.9978417
4886.02  0.9988457
4886.59  0.9976342
4887.16  0.995713
4887.73  0.9963994
4888.30  0.9993454
4888.87  1.001114
4889.44  1.000982
4890.01  0.9991465
4890.58  0.9967998
4891.15  0.9968979
4891.72  0.997883
4892.29  0.9991768
4892.86  1.000693
4893.43  0.9966699
4894.00  0.9937065
4894.57  0.9967183
4895.14  0.9972051
4895.71  0.9981771
4896.28  1.000069
4896.85  1.001768
4897.42  1.003205
4897.99  0.9992068
4898.56  0.9970625
4899.13  0.9977962
4899.70  0.9990949
4900.27  1.00029
4900.84  0.9974763
4901.41  0.9996129
4901.98  1.002218
4902.55  0.9973367
4903.12  0.9996125
4903.69  1.002214
4904.26  0.9983131
4904.83  0.9999694
4905.40  1.00334
4905.97  1.004652
4906.54  1.002077
4907.11  0.9976624
4907.68  0.9958522
4908.25  0.9935289
4908.82  0.9973195
4909.39  0.9981759
4909.96  0.9974751
4910.53  0.9982473
4911.10  0.9993286
4911.67  0.994974
4912.24  1.000153
4912.81  0.9994793
4913.38  1.001926
4913.95  0.9955827
4914.52  1.001646
4915.09  1.001334
4915.66  0.9997107
4916.23  0.9991219
4916.80  0.9974068
4917.37  1.000098
4917.94  0.9965349
4918.51  0.9966141
4919.08  0.9980515
4919.65  0.9912571
4920.22  0.9803976
4920.79  0.9666721
4921.36  0.9355537
4921.93  0.9024444
4922.50  0.8831974
4923.07  0.8872284
4923.64  0.9180346
4924.21  0.9527606
4924.78  0.9718887
4925.35  0.9827752
4925.92  0.9857331
4926.49  0.9903956
4927.06  0.9902351
4927.63  0.9926859
4928.20  1.00074
4928.77  0.9994794
4929.34  0.9943419
4929.91  1.000131
4930.48  1.00012
4931.05  1.001702
4931.62  1.004676
4932.19  0.9989675
4932.76  1.000726
4933.33  1.003532
4933.90  1.001129
4934.47  1.002584
4935.04  0.9994772
4935.61  1.000877
4936.18  0.9993551
4936.75  1.000276
4937.32  0.9998921
4937.89  0.9988146
4938.46  1.001653
4939.03  0.997049
4939.60  0.9989926
4940.17  1.000477
4940.74  1.000443
4941.31  0.9990637
4941.88  0.9954001
4942.45  0.9991922
4943.02  0.9966704
4943.59  0.9985694
4944.16  0.9973469
4944.73  0.9976584
4945.30  0.9959086
4945.87  0.9954022
4946.44  1.00444
4947.01  1.003678
4947.58  0.9989797
4948.15  0.9980886
4948.72  1.002091
4949.29  0.9994622
4949.86  1.000495
4950.43  0.998489
4951.00  0.9994141
4951.57  0.9990828
4952.14  0.9975196
4952.71  0.998454
4953.28  0.9990682
4953.85  0.9996995
4954.42  0.9994052
4954.99  0.9979622
4955.56  0.996069
4956.13  0.9993854
4956.70  0.9976906
4957.27  1.002213
4957.84  1.001035
4958.41  0.9946551
4958.98  0.996433
4959.56  1.000449
4960.13  0.9983415
4960.70  1.000363
4961.27  1.000088
4961.84  0.9999437
4962.41  0.9999124
4962.98  1.001639
4963.55  0.998076
4964.12  0.997099
4964.69  0.9979803
4965.26  1.000706
4965.83  1.004954
4966.40  1.003871
4966.97  1.002142
4967.54  1.000737
4968.11  0.9970379
4968.68  1.000617
4969.25  0.9984486
4969.82  1.00169
4970.39  0.998817
4970.96  0.9982513
4971.53  1.002109
4972.10  1.001494
4972.67  1.004042
4973.24  1.003469
4973.81  1.00156
4974.38  1.001121
4974.95  0.9995169
4975.52  1.00054
4976.09  1.003108
4976.66  1.006631
4977.23  1.002476
4977.80  1.003557
4978.37  1.003565
4978.94  1.001733
4979.51  1.002138
4980.08  1.001088
4980.65  1.001251
4981.22  1.000076
4981.79  1.000017
4982.36  0.9997713
4982.93  0.9994575
4983.50  1.006
4984.07  1.003276
4984.64  1.001454
4985.21  1.000578
4985.78  1.003634
4986.35  1.000284
4986.92  1.00172
4987.49  1.005669
4988.06  1.002828
4988.63  0.9993607
4989.20  1.004067
4989.77  1.005205
4990.34  1.003798
4990.91  1.003586
4991.48  1.006539
4992.05  1.002332
4992.62  1.00532
4993.19  1.005341
4993.76  1.003741
4994.33  1.002212
4994.90  1.002044
4995.47  1.001956
4996.04  1.001541
4996.61  1.003999
4997.18  1.00396
4997.75  1.005753
4998.32  1.002668
4998.89  1.002472
4999.46  1.002576
5000.03  1.001733
5000.60  1.003515
5001.17  1.001561
5001.74  1.002429
5002.31  0.9991984
5002.88  1.0026
5003.45  1.001828
5004.02  0.9989474
5004.59  1.000528
5005.16  1.002024
5005.73  1.003918
5006.30  1.001398
5006.87  1.004641
5007.44  1.007946
5008.01  1.0034
5008.58  1.00204
5009.15  1.003544
5009.72  1.004875
5010.29  1.005131
5010.86  1.005322
5011.43  1.002914
5012.00  1.004791
5012.57  0.9999215
5013.14  1.001885
5013.71  1.000179
5014.28  0.99637
5014.85  0.9832389
5015.42  0.954817
5015.99  0.9235524
5016.56  0.9068765
5017.13  0.9188688
5017.70  0.9530748
5018.27  0.9808784
5018.84  0.9913619
5019.41  0.9976647
5019.98  1.002015
5020.55  1.001318
5021.12  0.9993551
5021.69  1.004073
5022.26  1.005421
5022.83  1.003664
5023.40  1.002157
5023.97  1.001897
5024.54  1.000622
5025.11  0.9995681
5025.68  0.9993684
5026.25  0.9984614
5026.82  0.9950681
5027.39  0.9942161
5027.96  0.9991463
5028.53  0.9983264
5029.10  0.9999515
5029.67  0.9965127
5030.24  0.998478
5030.81  0.9999819
5031.38  0.9999639
5031.95  0.9997554
5032.52  0.9989313
5033.09  1.000925
5033.66  1.001755
5034.23  0.9964514
5034.80  0.992033
5035.37  0.9914147
5035.94  0.9929993
5036.51  0.9951434
5037.08  0.9930776
5037.65  0.9922562
5038.22  0.9925894
5038.79  0.9901236
5039.36  0.9939572
5039.93  0.9952551
5040.50  0.9943979
5041.07  0.9960617
5041.64  0.9945777
5042.21  0.9911056
5042.78  0.9936315
5043.35  0.9898657
5043.92  0.9922454
5044.49  0.9943812
5045.06  0.9942762
5045.63  0.9959384
5046.20  0.9948532
5046.77  0.9948028
5047.34  0.9929338
5047.91  0.9776664
5048.48  0.9698483
5049.05  0.9742136
5049.62  0.9828898
5050.19  0.9889194
5050.76  0.9934834
5051.33  0.9977315
5051.90  0.9963281
5052.47  0.9945908
5053.04  0.9971823
5053.61  0.9973315
5054.18  0.995129
5054.75  0.9996033
5055.32  1.000194
5055.89  0.9985012
5056.46  0.9961744
5057.03  0.9958215
5057.60  0.9945202
5058.17  0.9946178
5058.74  0.9950668
5059.31  0.9968389
5059.88  0.99509
5060.45  0.9946016
5061.02  0.9954818
5061.59  0.9990438
5062.16  0.9997008
5062.73  1.000627
5063.30  1.000111
5063.87  1.001706
5064.44  0.9993198
5065.01  0.999104
5065.58  0.9991781
5066.15  1.000197
5066.72  0.9968907
5067.29  0.9933669
5067.86  0.9965736
5068.43  0.9955525
5069.00  0.9968255
5069.57  1.000913
5070.14  0.9983698
5070.71  0.9965782
5071.28  1.000098
5071.85  1.001599
5072.42  0.9990133
5072.99  0.9963263
5073.56  0.9968471
5074.13  0.9969795
5074.70  0.9981334
5075.27  0.9991198
5075.84  0.9974498
5076.41  1.001184
5076.98  1.000162
5077.55  0.9979423
5078.12  1.000908
5078.70  1.002521
5079.27  0.997501
5079.84  0.9930303
5080.41  0.9959658
5080.98  0.99949
5081.55  0.9995838
5082.12  0.9991672
5082.69  0.9995347
5083.26  1.00031
5083.83  1.000452
5084.40  0.9983389
5084.97  0.9988057
5085.54  0.9996301
5086.11  0.9978625
5086.68  0.9958323
5087.25  0.9972906
5087.82  0.9958727
5088.39  1.001074
5088.96  1.003137
5089.53  1.000517
5090.10  1.000793
5090.67  1.000848
5091.24  1.000492
5091.81  1.00049
5092.38  0.996489
5092.95  0.9918301
5093.52  0.99471
5094.09  0.9953623
5094.66  0.9982145
5095.23  0.9971672
5095.80  0.9945247
5096.37  0.9966894
5096.94  0.9956979
5097.51  0.9971427
5098.08  0.9978531
5098.65  0.9990568
5099.22  1.001165
5099.79  1.002896
5100.36  1.003175
5100.93  1.002182
5101.50  0.9976932
5102.07  0.9981076
5102.64  1.000546
5103.21  0.995245
5103.78  0.9992059
5104.35  0.9992992
5104.92  1.002245
5105.49  1.002356
5106.06  1.001166
5106.63  0.9991314
5107.20  1.004585
5107.77  1.003652
5108.34  1.000937
5108.91  1.001942
5109.48  1.000921
5110.05  0.99949
5110.62  0.9983717
5111.19  1.004429
5111.76  0.9989688
5112.33  0.9962454
