6314.63  0.9769524
6315.06  0.9807541
6315.49  0.9718583
6315.92  0.9712762
6316.35  0.9781091
6316.78  0.9844691
6317.21  0.9895512
6317.64  0.9895251
6318.07  0.9765726
6318.49  0.9725961
6318.92  0.9630706
6319.35  0.9735312
6319.78  0.9955267
6320.21  0.9937826
6320.64  0.9960644
6321.07  0.9903138
6321.50  0.9843303
6321.93  0.9905041
6322.36  0.9885579
6322.79  0.9781259
6323.21  0.9722235
6323.64  0.9802656
6324.07  0.9959345
6324.50  1.000675
6324.93  0.9972841
6325.36  0.9923984
6325.79  0.9923572
6326.22  1.000257
6326.65  1.000833
6327.08  1.000365
6327.50  1.001058
6327.93  0.9991663
6328.36  0.9939595
6328.79  0.9886417
6329.22  0.9968219
6329.65  0.9974858
6330.08  0.9921998
6330.51  0.9953847
6330.94  0.9931055
6331.37  0.9899235
6331.80  0.9915788
6332.22  0.9916295
6332.65  0.9914263
6333.08  0.9971463
6333.51  0.9952582
6333.94  0.9948466
6334.37  0.9973578
6334.80  0.9987788
6335.23  0.9923392
6335.66  0.9883402
6336.09  0.9950295
6336.52  0.9992428
6336.94  0.9980522
6337.37  0.9995242
6337.80  0.9960362
6338.23  1.000355
6338.66  1.001575
6339.09  0.9985545
6339.52  1.000207
6339.95  0.9949378
6340.38  0.9885545
6340.81  0.9870261
6341.23  0.9798883
6341.66  0.9820725
6342.09  0.9865746
6342.52  0.9957697
6342.95  0.9954691
6343.38  0.9968853
6343.81  0.9995146
6344.24  0.9980693
6344.67  1.004055
6345.10  1.000835
6345.53  0.9962543
6345.95  0.9837833
6346.38  0.9802693
6346.81  0.9852541
6347.24  0.99393
6347.67  0.9943759
6348.10  0.9990444
6348.53  1.002744
6348.96  0.998442
6349.39  0.9966162
6349.82  0.9907829
6350.25  0.9831682
6350.67  0.9911364
6351.10  0.9989792
6351.53  0.9975868
6351.96  0.9965345
6352.39  0.9964832
6352.82  0.9978902
6353.25  0.9979028
6353.68  0.9981167
6354.11  0.9958909
6354.54  0.994238
6354.96  0.9930202
6355.39  0.991992
6355.82  0.9973324
6356.25  0.9977583
6356.68  0.995469
6357.11  0.9901193
6357.54  0.9956704
6357.97  0.9938561
6358.40  0.9920101
6358.83  0.9967979
6359.26  0.9990622
6359.68  0.9958771
6360.11  0.9929568
6360.54  0.9890859
6360.97  0.9877341
6361.40  0.991667
6361.83  0.9936967
6362.26  0.995263
6362.69  0.997953
6363.12  1.000621
6363.55  1.004429
6363.98  1.000915
6364.40  1.000493
6364.83  1.003533
6365.26  1.001315
6365.69  0.9922032
6366.12  0.992532
6366.55  0.9952441
6366.98  0.9954676
6367.41  0.9920476
6367.84  0.9877678
6368.27  0.9928936
6368.69  0.9994134
6369.12  0.9944125
6369.55  0.9981803
6369.98  0.9964193
6370.41  0.9882025
6370.84  0.9840924
6371.27  0.9881384
6371.70  0.9920592
6372.13  0.990643
6372.56  0.9927877
6372.99  0.995831
6373.41  1.003181
6373.84  1.007242
6374.27  0.9938536
6374.70  0.9861718
6375.13  0.9923947
6375.56  0.9926283
6375.99  0.9962245
6376.42  1.004099
6376.85  1.004035
6377.28  1.000553
6377.70  0.9977041
6378.13  0.9959291
6378.56  0.9970318
6378.99  1.004268
6379.42  1.001629
6379.85  0.9978718
6380.28  0.9924542
6380.71  0.9919193
6381.14  0.9928489
6381.57  0.9910606
6382.00  0.9914405
6382.42  0.9937896
6382.85  0.9966201
6383.28  0.9974737
6383.71  0.9982857
6384.14  0.9993899
6384.57  0.9988182
6385.00  0.9962017
6385.43  0.9960349
6385.86  0.9994735
6386.29  0.9948786
6386.72  0.9987286
6387.14  0.9968553
6387.57  1.00125
6388.00  0.9971902
6388.43  0.993181
6388.86  0.991564
6389.29  0.9931578
6389.72  0.995891
6390.15  0.9959496
6390.58  0.9973673
6391.01  1.002108
6391.43  0.999861
6391.86  1.000203
6392.29  1.000873
6392.72  1.002856
6393.15  1.003541
6393.58  0.998311
6394.01  0.9976584
6394.44  0.9994727
6394.87  1.003262
6395.30  1.005537
6395.73  1.003644
6396.15  1.002203
6396.58  0.999185
6397.01  1.001269
6397.44  1.001611
6397.87  0.9971192
6398.30  0.9971128
6398.73  0.9987594
6399.16  1.00242
6399.59  0.9991209
6400.02  0.9969913
6400.45  0.9993255
6400.87  0.9968215
6401.30  1.002105
6401.73  1.004687
6402.16  0.9949149
6402.59  0.9917671
6403.02  0.9930529
6403.45  0.9940376
6403.88  0.9911253
6404.31  0.9814282
6404.74  0.9774953
6405.16  0.9817273
6405.59  0.9821586
6406.02  0.9765851
6406.45  0.9715367
6406.88  0.9757164
6407.31  0.9675987
6407.74  0.9725214
6408.17  0.9711857
6408.60  0.9831055
6409.03  0.9772903
6409.46  0.9820207
6409.88  0.9891793
6410.31  0.9885456
6410.74  0.9817215
6411.17  0.986183
6411.60  0.9958702
6412.03  0.9906623
6412.46  0.9937644
6412.89  0.9975669
6413.32  0.9997351
6413.75  0.9921285
6414.17  0.9955554
6414.60  0.9951912
6415.03  0.9969566
6415.46  0.9974267
6415.89  0.9925721
6416.32  0.9966716
6416.75  0.9948882
6417.18  0.9900895
6417.61  0.9961682
6418.04  1.007524
6418.47  0.9649232
6418.89  0.9182026
6419.32  0.9608836
6419.75  0.9969683
6420.18  0.9974729
6420.61  1.004225
6421.04  1.008356
6421.47  1.000577
6421.90  1.001209
6422.33  0.9982567
6422.76  1.000595
6423.19  0.9999999
6423.61  0.9969548
6424.04  1.002226
6424.47  0.9983758
6424.90  1.000607
6425.33  0.994223
6425.76  0.9989137
6426.19  0.9991038
6426.62  1.006011
6427.05  0.997244
6427.48  0.9971238
6427.90  1.001803
6428.33  0.9992613
6428.76  1.002194
6429.19  0.993982
6429.62  1.002237
6430.05  1.001744
6430.48  1.000557
6430.91  1.000281
6431.34  1.002188
6431.77  0.9948217
6432.20  0.9914912
6432.62  0.9957908
6433.05  0.9963372
6433.48  0.9940149
6433.91  0.9984585
6434.34  0.9990867
6434.77  0.993584
6435.20  0.9984803
6435.63  0.9974751
6436.06  1.00129
6436.49  1.005601
6436.92  1.006121
6437.34  1.005651
6437.77  0.9871619
6438.20  0.9819676
6438.63  1.001339
6439.06  1.001216
6439.49  0.9974398
6439.92  1.006206
6440.35  1.002427
6440.78  0.9942044
6441.21  0.99479
6441.63  0.9993876
6442.06  1.002683
6442.49  1.005504
6442.92  0.9988069
6443.35  0.9948139
6443.78  0.9959025
6444.21  0.994617
6444.64  0.9960427
6445.07  0.9991691
6445.50  0.997509
6445.93  1.004138
6446.35  1.00678
6446.78  1.000642
6447.21  0.9939117
6447.64  1.003647
6448.07  1.000595
6448.50  1.00255
6448.93  0.9986091
6449.36  0.9992063
6449.79  0.9984401
6450.22  1.003875
6450.65  1.002954
6451.07  0.9988075
6451.50  1.003993
6451.93  1.003371
6452.36  0.9921308
6452.79  0.9911386
6453.22  0.9855219
6453.65  0.9852528
6454.08  0.9881456
6454.51  0.9976895
6454.94  0.9984295
6455.36  1.000611
6455.79  0.9944012
6456.22  0.9836885
6456.65  0.9877653
6457.08  0.9907504
6457.51  0.9891338
6457.94  0.9664062
6458.37  0.9668993
6458.80  0.9765851
6459.23  0.9798343
6459.66  0.98417
6460.08  0.9916737
6460.51  0.9917651
6460.94  0.9829615
6461.37  0.9852793
6461.80  0.9936845
6462.23  0.9871899
6462.66  0.9780617
6463.09  0.9751237
6463.52  0.9714393
6463.95  0.9772947
6464.37  0.9879388
6464.80  0.9857525
6465.23  0.9732596
6465.66  0.9681513
6466.09  0.9740335
6466.52  0.9705102
6466.95  0.9635801
6467.38  0.9735357
6467.81  0.9840662
6468.24  0.9718386
6468.67  0.948787
6469.09  0.943315
6469.52  0.9623331
6469.95  0.9781825
6470.38  0.9834394
6470.81  0.9867247
6471.24  0.9819543
6471.67  0.9506078
6472.10  0.9416892
6472.53  0.9546185
6472.96  0.9719828
6473.39  0.9798352
6473.81  0.9601556
6474.24  0.8960606
6474.67  0.870095
6475.10  0.8876665
6475.53  0.9388016
6475.96  0.9526268
6476.39  0.9537697
6476.82  0.9731708
6477.25  0.9977488
6477.68  0.9994938
6478.10  0.9723167
6478.53  0.949798
6478.96  0.920072
6479.39  0.9177186
6479.82  0.9627855
6480.25  0.9804674
6480.68  0.9819489
6481.11  0.9828389
6481.54  0.9897549
6481.97  0.970984
6482.40  0.9232008
6482.82  0.8906139
6483.25  0.9082792
6483.68  0.9449514
6484.11  0.9735032
6484.54  0.9764343
6484.97  0.9726824
6485.40  0.971672
6485.83  0.958329
6486.26  0.9534103
6486.69  0.9689272
6487.12  0.974619
6487.54  0.9800985
6487.97  0.9782413
6488.40  0.9690611
6488.83  0.9909446
6489.26  0.9999107
6489.69  0.9500628
6490.12  0.9200301
6490.55  0.9560794
6490.98  0.9925662
6491.41  0.9917374
6491.83  0.9451036
6492.26  0.9319924
6492.69  0.9870688
6493.12  0.9977801
6493.55  0.9858911
6493.98  0.9912968
6494.41  0.9873133
6494.84  0.9463166
6495.27  0.9292635
6495.70  0.9807902
6496.13  0.9962624
6496.55  0.9763114
6496.98  0.977353
6497.41  0.9955522
6497.84  1.005239
6498.27  1.006348
6498.70  1.001889
6499.13  1.005132
6499.56  1.009817
6499.99  1.008468
6500.42  1.001042
6500.84  0.9988101
6501.27  1.002144
6501.70  0.9960355
6502.13  1.001379
6502.56  0.9992917
6502.99  0.9899987
6503.42  0.9871502
6503.85  0.9930211
6504.28  1.001484
6504.71  1.003858
6505.14  1.00639
6505.56  1.006747
6505.99  1.013031
6506.42  1.00783
6506.85  1.000466
6507.28  0.9810101
6507.71  0.9648443
6508.14  0.9784041
6508.57  0.9925851
6509.00  1.005207
6509.43  0.9997539
6509.86  1.00732
6510.28  1.006955
6510.71  0.9915992
6511.14  0.9670966
6511.57  0.9764822
6512.00  0.9951953
6512.43  1.001727
6512.86  0.9964625
6513.29  0.9737027
6513.72  0.9198939
6514.15  0.9171071
6514.57  0.9489939
6515.00  0.9434888
6515.43  0.8844536
6515.86  0.83959
6516.29  0.8825681
6516.72  0.9429218
6517.15  0.9628323
6517.58  0.9708536
6518.01  0.9710584
6518.44  0.944084
6518.87  0.9450109
6519.29  0.9795078
6519.72  0.9979504
6520.15  0.9992736
6520.58  0.993472
6521.01  0.9890468
6521.44  0.9870424
6521.87  0.9828219
6522.30  0.9708761
6522.73  0.9357616
6523.16  0.9290793
6523.59  0.9671124
6524.01  0.9892117
6524.44  0.989176
6524.87  0.984074
6525.30  0.982465
6525.73  0.9844587
6526.16  0.9771283
6526.59  0.9670125
6527.02  0.9648519
6527.45  0.9683692
6527.88  0.9660286
6528.30  0.9658318
6528.73  0.9765882
6529.16  0.9752187
6529.59  0.9643243
6530.02  0.9632006
6530.45  0.9788304
6530.88  0.9783821
6531.31  0.9445153
6531.74  0.9381714
6532.17  0.9759032
6532.60  0.9910304
6533.02  0.9704469
6533.45  0.9563196
6533.88  0.9788777
6534.31  0.992788
6534.74  0.9980981
6535.17  0.9973591
6535.60  0.9904443
6536.03  0.9824135
6536.46  0.9916677
6536.89  1.00008
6537.32  1.003575
6537.74  1.008242
6538.17  1.002028
6538.60  1.003477
6539.03  1.010399
6539.46  1.000573
6539.89  0.9973549
6540.32  0.9969247
6540.75  0.9962865
6541.18  0.9818786
6541.61  0.9744815
6542.03  0.9758577
6542.46  0.9695823
6542.89  0.9334247
6543.32  0.9280027
6543.75  0.9725417
6544.18  0.9908692
6544.61  0.9856356
6545.04  0.9794587
6545.47  0.9865698
6545.90  0.9993775
6546.33  0.9896709
6546.75  0.964392
6547.18  0.9522339
6547.61  0.9290003
6548.04  0.9253033
6548.47  0.9589271
6548.90  0.982933
6549.33  0.9873061
6549.76  0.9919994
6550.19  0.9920503
6550.62  0.9925306
6551.04  0.9732659
6551.47  0.9329277
6551.90  0.9141596
6552.33  0.9513392
6552.76  0.9578733
6553.19  0.9531819
6553.62  0.9696202
6554.05  0.9688671
6554.48  0.9701882
6554.91  0.9788752
6555.34  0.9650925
6555.76  0.9508265
6556.19  0.9245759
6556.62  0.9126847
6557.05  0.9139377
6557.48  0.9038801
6557.91  0.9034449
6558.34  0.9025202
6558.77  0.8678252
6559.20  0.8350449
6559.63  0.7980164
6560.06  0.7650247
6560.48  0.7552763
6560.91  0.7440228
6561.34  0.7347063
6561.77  0.7271314
6562.20  0.7152438
6562.63  0.695795
6563.06  0.6757644
6563.49  0.6729604
6563.92  0.6995171
6564.35  0.7194436
6564.77  0.7417842
6565.20  0.7661582
6565.63  0.7975205
6566.06  0.8288709
6566.49  0.8536091
6566.92  0.8828976
6567.35  0.896055
6567.78  0.8905097
6568.21  0.9044303
6568.64  0.9312512
6569.07  0.9399717
6569.49  0.9495354
6569.92  0.9519975
6570.35  0.9635881
6570.78  0.9514849
6571.21  0.9180592
6571.64  0.938344
6572.07  0.9696507
6572.50  0.9784712
6572.93  0.977827
6573.36  0.9681591
6573.79  0.9282167
6574.21  0.9248388
6574.64  0.9686962
6575.07  0.9870476
6575.50  0.9875677
6575.93  0.9920549
6576.36  0.9950032
6576.79  0.9953557
6577.22  1.002559
6577.65  1.002739
6578.08  0.9964741
6578.50  0.9977765
6578.93  0.9958426
6579.36  0.9908611
6579.79  0.9712967
6580.22  0.9798359
6580.65  1.007734
6581.08  0.9997613
6581.51  0.9969675
6581.94  0.9970201
6582.37  0.9897306
6582.80  0.983244
6583.22  0.9980521
6583.65  1.004037
6584.08  0.9980831
6584.51  0.989719
6584.94  0.9827938
6585.37  0.9698537
6585.80  0.958288
6586.23  0.9778926
6586.66  0.9903969
6587.09  1.00005
6587.51  0.998393
6587.94  0.9972555
6588.37  0.9922161
6588.80  0.9986499
6589.23  1.004988
6589.66  1.009057
6590.09  1.005818
6590.52  1.00661
6590.95  1.005997
6591.38  1.007219
6591.81  1.007766
6592.23  0.9987462
6592.66  0.9972861
6593.09  0.9965938
6593.52  0.9994765
6593.95  1.002418
6594.38  1.00584
6594.81  1.00643
6595.24  0.995315
6595.67  0.9970571
6596.10  0.9990619
6596.53  1.000918
6596.95  0.9999519
6597.38  1.002185
6597.81  0.9957239
6598.24  0.9916518
6598.67  0.9803146
6599.10  0.9993288
6599.53  1.003288
6599.96  1.001256
6600.39  1.000779
6600.82  0.998876
6601.24  0.9929401
6601.67  0.9997004
6602.10  1.002311
6602.53  1.005204
6602.96  0.9974645
6603.39  1.005857
6603.82  0.997009
6604.25  0.9943141
6604.68  0.9907172
6605.11  0.9931533
6605.54  0.9971568
6605.96  0.9931494
6606.39  0.9929403
6606.82  1.001111
6607.25  1.005959
6607.68  1.001143
6608.11  0.9888507
6608.54  0.9973
6608.97  0.9974113
6609.40  0.9999335
6609.83  0.9950946
6610.26  1.000878
6610.68  1.001019
6611.11  0.9927868
6611.54  0.9913058
6611.97  0.9888315
6612.40  0.9934142
6612.83  0.9976013
6613.26  0.9907574
6613.69  0.9804904
6614.12  0.9862092
6614.55  0.9837193
6614.97  0.9838432
6615.40  0.9957139
6615.83  1.000025
6616.26  1.000468
6616.69  0.9976832
6617.12  1.000465
6617.55  1.001075
6617.98  0.9991328
6618.41  0.9936997
6618.84  0.9977241
6619.27  1.004242
6619.69  1.002944
6620.12  0.9988639
6620.55  0.993124
6620.98  0.9965282
6621.41  1.001812
6621.84  0.9978497
6622.27  0.9964886
6622.70  0.9954787
6623.13  1.000359
6623.56  0.9957997
6623.99  0.9988086
6624.41  1.001172
6624.84  0.9978878
6625.27  0.9868774
6625.70  0.9879972
6626.13  0.9906262
6626.56  0.9931586
6626.99  0.9935012
6627.42  0.995472
6627.85  1.000033
6628.28  0.9898262
6628.70  0.9953787
6629.13  0.9940063
6629.56  0.9895448
6629.99  1.000273
6630.42  0.9994401
6630.85  0.991024
6631.28  0.9971232
6631.71  0.9963858
6632.14  0.988726
6632.57  0.994769
6633.00  0.9997255
6633.42  0.9864417
6633.85  0.9941188
6634.28  0.9969653
6634.71  0.9867821
6635.14  0.9846392
6635.57  0.9883473
6636.00  0.9915741
6636.43  0.9932801
6636.86  0.9959194
6637.29  0.999559
6637.71  1.003377
6638.14  1.004251
6638.57  0.9959571
6639.00  0.9912115
6639.43  0.99729
6639.86  0.9913999
6640.29  0.9956431
6640.72  0.992517
6641.15  0.986932
6641.58  0.9924225
6642.01  0.9917293
6642.43  0.9982574
6642.86  0.9914676
6643.29  0.9881089
6643.72  0.9947784
6644.15  0.9900653
6644.58  0.9942979
6645.01  0.9966166
6645.44  0.9909734
6645.87  0.9961976
6646.30  0.9958572
6646.73  0.9965477
6647.15  0.9961613
6647.58  0.9909751
6648.01  0.9906571
6648.44  0.9900177
6648.87  0.9947485
6649.30  0.9926463
6649.73  0.990467
6650.16  0.9959545
6650.59  1.000852
6651.02  0.9970015
6651.44  0.9972706
6651.87  0.9989733
6652.30  0.9961894
6652.73  0.9954711
6653.16  0.9965817
6653.59  1.001037
6654.02  0.9995409
6654.45  0.9964049
6654.88  0.9936604
6655.31  0.9939855
6655.74  0.9880378
6656.16  0.9938183
6656.59  0.9866201
6657.02  0.9873018
6657.45  0.996232
6657.88  0.9936365
6658.31  0.9892855
6658.74  0.9898764
6659.17  0.9905791
6659.60  0.9903115
6660.03  0.9945067
6660.46  0.9929107
6660.88  0.995008
6661.31  0.9951159
6661.74  0.9912066
6662.17  0.9890195
6662.60  0.9864478
6663.03  0.9911413
6663.46  0.9918355
6663.89  0.9862245
6664.32  0.9835898
6664.75  0.9918414
6665.17  1.000936
6665.60  0.9985744
6666.03  0.9938486
6666.46  0.989752
6666.89  0.9965803
6667.32  0.9997127
6667.75  1.004031
6668.18  1.020969
6668.61  1.007467
6669.04  1.001392
6669.47  1.00326
6669.89  1.005471
6670.32  1.004117
6670.75  0.9929991
6671.18  0.9999688
6671.61  1.007872
6672.04  0.995262
6672.47  0.9879783
6672.90  0.9906435
6673.33  0.9972758
6673.76  0.999533
6674.18  0.9953316
6674.61  0.9903221
6675.04  0.9883068
6675.47  0.9834796
6675.90  0.9729748
6676.33  0.9720516
6676.76  0.9496782
6677.19  0.9104816
6677.62  0.872855
6678.05  0.8383329
6678.48  0.811304
6678.90  0.8141633
6679.33  0.838955
6679.76  0.8713594
6680.19  0.9068239
6680.62  0.933436
6681.05  0.9439121
6681.48  0.9500954
6681.91  0.9531803
6682.34  0.9480097
6682.77  0.9494347
6683.20  0.942209
6683.62  0.9408893
6684.05  0.9470057
6684.48  0.9474669
6684.91  0.9547209
6685.34  0.9548621
6685.77  0.9557353
6686.20  0.9584139
6686.63  0.9630885
6687.06  0.9723452
6687.49  0.9771323
6687.91  0.978093
6688.34  0.9783373
6688.77  0.9814017
6689.20  0.9907148
6689.63  0.9907511
6690.06  0.9938744
6690.49  0.9922682
6690.92  0.99352
6691.35  0.9954057
6691.78  1.001207
6692.21  0.9978937
6692.63  0.9939301
6693.06  0.9828638
6693.49  0.9880295
6693.92  0.9890609
6694.35  0.9887471
6694.78  0.9832985
6695.21  0.9840424
6695.64  0.9932147
6696.07  0.9944574
6696.50  1.001362
6696.93  0.9948342
6697.35  0.9931043
6697.78  1.004762
6698.21  0.9990757
6698.64  0.9996482
6699.07  0.9980099
6699.50  1.000882
6699.93  1.000869
6700.36  1.002101
6700.79  1.005747
6701.22  1.002558
6701.64  1.000806
6702.07  0.9961977
6702.50  1.003882
6702.93  1.006462
6703.36  1.001223
6703.79  0.9981235
6704.22  0.9939259
6704.65  1.001832
6705.08  1.000665
6705.51  0.9993634
6705.94  0.9966975
6706.36  0.9855679
6706.79  0.9925318
6707.22  0.9970669
6707.65  0.9924942
6708.08  0.9935058
6708.51  0.9990699
6708.94  0.9990632
6709.37  1.004181
6709.80  1.004547
6710.23  0.9927293
6710.66  0.9880286
6711.08  0.9903186
6711.51  0.9922501
6711.94  0.9958535
6712.37  0.9919581
6712.80  0.9888501
6713.23  0.9946741
6713.66  0.9929077
6714.09  0.9922314
6714.52  0.9947376
6714.95  0.9913398
6715.37  0.9869316
6715.80  0.9979661
6716.23  1.000825
6716.66  0.994343
6717.09  0.9934473
6717.52  0.9956791
6717.95  1.002349
6718.38  1.007296
6718.81  1.000636
6719.24  0.9971679
6719.67  1.00166
6720.09  1.003552
6720.52  0.9986349
6720.95  0.9963954
6721.38  1.004677
6721.81  1.007923
6722.24  1.002189
6722.67  1.004303
6723.10  1.00251
6723.53  1.002894
6723.96  0.9965981
6724.38  0.9955086
6724.81  0.9954197
6725.24  0.9912004
6725.67  0.9987753
6726.10  1.000989
6726.53  0.9956321
6726.96  0.9954185
6727.39  0.993942
6727.82  0.9991076
6728.25  0.9983853
6728.68  0.9917847
6729.10  0.9965913
6729.53  0.9980478
6729.96  1.001027
6730.39  1.002909
6730.82  0.9980494
6731.25  0.9969318
6731.68  0.9941891
6732.11  0.998842
6732.54  0.9954029
6732.97  0.9978072
6733.40  0.9978235
6733.82  0.9926399
6734.25  0.9940267
6734.68  0.9912759
6735.11  0.9860366
6735.54  0.984618
6735.97  0.9818938
6736.40  0.9879695
6736.83  0.985622
6737.26  0.9888368
6737.69  0.9896542
6738.11  0.9871475
6738.54  0.9828817
6738.97  0.9867797
6739.40  0.9883895
6739.83  0.9917535
6740.26  0.9927672
6740.69  0.9939366
6741.12  0.9904134
6741.55  0.9881024
6741.98  0.9923403
6742.41  0.9936137
6742.83  0.9962452
6743.26  0.9923083
6743.69  0.9958032
6744.12  0.9947865
6744.55  0.9975601
6744.98  0.9998193
6745.41  0.9949228
6745.84  0.9972873
6746.27  0.9925708
6746.70  0.9898028
6747.13  0.9884501
6747.55  0.9891599
6747.98  0.9831637
6748.41  0.9840053
6748.84  0.9978455
6749.27  1.001433
6749.70  0.9986458
6750.13  0.9942862
6750.56  0.9909086
6750.99  0.99448
6751.42  0.9901418
6751.84  0.9868541
6752.27  0.9984978
6752.70  0.9941241
6753.13  1.001283
6753.56  1.00128
