3946.10  0.9854622
3946.67  1.00055
3947.24  1.004952
3947.81  0.9987853
3948.38  0.9977953
3948.95  0.9985929
3949.52  1.002724
3950.09  0.9990007
3950.66  1.001104
3951.23  1.000228
3951.80  0.9996777
3952.37  1.00037
3952.94  1.00322
3953.51  0.9941747
3954.08  0.9866109
3954.65  0.9898154
3955.22  0.98518
3955.79  0.987504
3956.36  0.9969895
3956.93  0.9913421
3957.50  0.9965892
3958.07  0.998807
3958.64  0.993333
3959.21  0.9871339
3959.79  0.9828357
3960.36  0.9789788
3960.93  0.9732127
3961.50  0.9665401
3962.07  0.959462
3962.64  0.9577472
3963.21  0.9506856
3963.78  0.9447123
3964.35  0.934598
3964.92  0.9297083
3965.49  0.9251347
3966.06  0.9179121
3966.63  0.9093473
3967.20  0.9019089
3967.77  0.8732648
3968.34  0.8385146
3968.91  0.8016654
3969.48  0.7604333
3970.05  0.7354835
3970.62  0.7350256
3971.19  0.7543548
3971.76  0.7830141
3972.33  0.8203998
3972.90  0.8499368
3973.47  0.8663612
3974.04  0.8905165
3974.61  0.9073434
3975.18  0.9222541
3975.75  0.9412561
3976.32  0.9537352
3976.89  0.9611407
3977.46  0.9681032
3978.03  0.9711169
3978.60  0.98058
3979.17  0.977307
3979.74  0.9784738
3980.31  0.9854475
3980.88  0.9865673
3981.46  0.9869844
3982.03  0.9866312
3982.60  0.9910098
3983.17  0.9849493
3983.74  0.9883274
3984.31  0.9885846
3984.88  0.9830529
3985.45  0.9878997
3986.02  0.9946051
3986.59  0.9929967
3987.16  0.9929006
3987.73  0.9905525
3988.30  0.9930156
3988.87  0.9988922
3989.44  0.9979327
3990.01  0.9961632
3990.58  1.000302
3991.15  1.000867
3991.72  0.9992087
3992.29  0.998183
3992.86  0.9957333
3993.43  0.9961726
3994.00  1.000638
3994.57  1.002895
3995.14  0.9925769
3995.71  0.9903776
3996.28  0.974929
3996.85  0.9931318
3997.42  1.002573
3997.99  0.9984874
3998.56  0.9915097
3999.13  0.9948131
3999.70  0.987929
4000.27  0.9885237
4000.84  0.999613
4001.41  0.9933212
4001.98  0.9885578
4002.56  0.9889446
4003.13  0.987627
4003.70  0.9863219
4004.27  0.9868597
4004.84  0.993136
4005.41  0.9916084
4005.98  0.9878256
4006.55  0.9853929
4007.12  0.9848952
4007.69  0.9814865
4008.26  0.973602
4008.83  0.9662284
4009.40  0.9628292
4009.97  0.9601613
4010.54  0.9603056
4011.11  0.9665408
4011.68  0.9754897
4012.25  0.9812224
4012.82  0.9856197
4013.39  0.9876872
4013.96  0.9936702
4014.53  0.9929544
4015.10  0.988852
4015.67  0.9862417
4016.24  0.9923674
4016.81  0.9926844
4017.38  0.9938806
4017.95  0.9949261
4018.52  0.9933053
4019.09  0.9921796
4019.66  0.996056
4020.23  0.9925029
4020.80  0.9932039
4021.37  0.9919934
4021.94  0.9888041
4022.51  0.9872018
4023.08  0.9747498
4023.66  0.9604012
4024.23  0.933928
4024.80  0.9083886
4025.37  0.8732979
4025.94  0.8478008
4026.51  0.8360687
4027.08  0.8420752
4027.65  0.8675805
4028.22  0.9017716
4028.79  0.9247126
4029.36  0.9499764
4029.93  0.9571935
4030.50  0.9644092
4031.07  0.975056
4031.64  0.9774363
4032.21  0.9810466
4032.78  0.986048
4033.35  0.9896037
4033.92  0.9919536
4034.49  0.9934478
4035.06  0.9917083
4035.63  0.9948986
4036.20  0.9997335
4036.77  0.9952596
4037.34  0.9942402
4037.91  1.00025
4038.48  0.9961069
4039.05  0.9974425
4039.62  0.9958174
4040.19  0.9999337
4040.76  0.9986398
4041.33  0.9915609
4041.90  0.9957476
4042.47  0.9961345
4043.04  0.9968746
4043.61  0.9890915
4044.18  0.9949413
4044.75  1.001672
4045.33  1.003225
4045.90  1.001237
4046.47  1.006662
4047.04  1.005885
4047.61  1.003533
4048.18  1.004181
4048.75  1.006589
4049.32  1.004961
4049.89  1.002409
4050.46  1.011126
4051.03  1.006771
4051.60  1.005046
4052.17  1.009263
4052.74  1.008182
4053.31  1.006078
4053.88  1.003141
4054.45  1.001194
4055.02  0.9998789
4055.59  0.9966099
4056.16  0.9948182
4056.73  0.9928418
4057.30  0.9944282
4057.87  0.997587
4058.44  1.000763
4059.01  0.9994067
4059.58  0.9940433
4060.15  0.9973961
4060.72  0.9940281
4061.29  0.9978307
4061.86  0.9987375
4062.43  0.998042
4063.00  0.9994341
4063.57  0.9990817
4064.14  1.001636
4064.71  1.003327
4065.28  1.003192
4065.85  1.003788
4066.43  1.002846
4067.00  0.9920538
4067.57  0.9804826
4068.14  0.9674127
4068.71  0.9482748
4069.28  0.936483
4069.85  0.9273553
4070.42  0.928454
4070.99  0.931365
4071.56  0.9373981
4072.13  0.9522902
4072.70  0.9647446
4073.27  0.9666839
4073.84  0.9763152
4074.41  0.9861584
4074.98  0.9834466
4075.55  0.9724531
4076.12  0.9673197
4076.69  0.9733024
4077.26  0.982166
4077.83  0.9900567
4078.40  0.9969458
4078.97  1.004288
4079.54  1.007621
4080.11  1.00214
4080.68  1.002414
4081.25  1.010524
4081.82  1.004795
4082.39  1.005565
4082.96  1.003796
4083.53  1.004499
4084.10  0.9952434
4084.67  0.9947339
4085.24  0.992955
4085.81  0.9895062
4086.38  0.9815461
4086.95  0.973983
4087.53  0.9476192
4088.10  0.9111007
4088.67  0.8721853
4089.24  0.8586208
4089.81  0.865266
4090.38  0.8985715
4090.95  0.9270199
4091.52  0.9540887
4092.09  0.9700837
4092.66  0.9778866
4093.23  0.9792265
4093.80  0.9844354
4094.37  0.9808586
4094.94  0.9733961
4095.51  0.9618126
4096.08  0.9451571
4096.65  0.920869
4097.22  0.8947433
4097.79  0.8792408
4098.36  0.8714741
4098.93  0.8676794
4099.50  0.8551629
4100.07  0.8310545
4100.64  0.7971396
4101.21  0.7565984
4101.78  0.7244692
4102.35  0.7099701
4102.92  0.7178016
4103.49  0.7486818
4104.06  0.7850295
4104.63  0.8180229
4105.20  0.8493116
4105.77  0.8773004
4106.34  0.9050004
4106.91  0.9243038
4107.48  0.9336495
4108.05  0.9451097
4108.62  0.9559016
4109.20  0.9623767
4109.77  0.9674612
4110.34  0.9714522
4110.91  0.9744759
4111.48  0.9765925
4112.05  0.9791337
4112.62  0.9786615
4113.19  0.9814761
4113.76  0.9789316
4114.33  0.9702594
4114.90  0.9558953
4115.47  0.9291022
4116.04  0.9033226
4116.61  0.9001471
4117.18  0.9131706
4117.75  0.9326913
4118.32  0.9471107
4118.89  0.9529974
4119.46  0.9517267
4120.03  0.9476782
4120.60  0.9388468
4121.17  0.9377022
4121.74  0.9436635
4122.31  0.9525973
4122.88  0.9657711
4123.45  0.9788303
4124.02  0.9884178
4124.59  0.9891204
4125.16  0.9926186
4125.73  0.9989081
4126.30  0.9949869
4126.87  1.000505
4127.44  1.001054
4128.01  0.9984556
4128.58  0.9967384
4129.15  1.002851
4129.72  0.9984823
4130.30  1.00345
4130.87  1.005254
4131.44  0.9999369
4132.01  0.9946865
4132.58  1.002234
4133.15  0.9928114
4133.72  0.9926628
4134.29  0.9960176
4134.86  1.002281
4135.43  1.002078
4136.00  1.004026
4136.57  0.9997978
4137.14  1.001148
4137.71  0.9965417
4138.28  1.004852
4138.85  0.9988679
4139.42  0.9975916
4139.99  0.9973981
4140.56  0.9984819
4141.13  0.9962364
4141.70  0.989678
4142.27  0.9840257
4142.84  0.9677738
4143.41  0.9494133
4143.98  0.9384052
4144.55  0.9348583
4145.12  0.94125
4145.69  0.9543893
4146.26  0.9675753
4146.83  0.971541
4147.40  0.9819882
4147.97  0.9852606
4148.54  0.9866659
4149.11  0.9893427
4149.68  0.991769
4150.25  0.9928558
4150.82  0.9868907
4151.39  0.9848006
4151.97  0.9845681
4152.54  0.9825943
4153.11  0.9780003
4153.68  0.9764135
4154.25  0.9752773
4154.82  0.9795116
4155.39  0.9804257
4155.96  0.9802321
4156.53  0.9816759
4157.10  0.9813772
4157.67  0.9804506
4158.24  0.9896493
4158.81  0.9950079
4159.38  0.995674
4159.95  0.9995916
4160.52  0.9994129
4161.09  0.9947637
4161.66  0.9963643
4162.23  0.9924417
4162.80  0.9843445
4163.37  0.9820384
4163.94  0.9856339
4164.51  0.9863359
4165.08  0.9868971
4165.65  0.9903442
4166.22  0.9930235
4166.79  0.9926395
4167.36  0.9945926
4167.93  0.9909617
4168.50  0.9825209
4169.07  0.9843947
4169.64  0.9873353
4170.21  0.9878545
4170.78  0.9898778
4171.35  0.9964771
4171.92  0.9987492
4172.49  0.9969313
4173.07  0.9973162
4173.64  1.001313
4174.21  0.9951758
4174.78  0.9920555
4175.35  0.99466
4175.92  0.997848
4176.49  0.9958338
4177.06  0.98905
4177.63  0.9929036
4178.20  0.9967027
4178.77  0.9947085
4179.34  0.9922659
4179.91  0.9918718
4180.48  0.9958608
4181.05  0.9971977
4181.62  0.9984156
4182.19  0.9979583
4182.76  0.9946741
4183.33  0.9931853
4183.90  0.9890612
4184.47  0.9829784
4185.04  0.9778751
4185.61  0.9737058
4186.18  0.9637395
4186.75  0.9578629
4187.32  0.9572399
4187.89  0.9610093
4188.46  0.9687539
4189.03  0.9708372
4189.60  0.9730389
4190.17  0.9782135
4190.74  0.9817265
4191.31  0.9843192
4191.88  0.9856073
4192.45  0.9897094
4193.02  0.9927762
4193.59  0.9922614
4194.17  0.9922162
4194.74  0.9925125
4195.31  0.9890099
4195.88  0.9883614
4196.45  0.9866567
4197.02  0.9868914
4197.59  0.9841965
4198.16  0.9739977
4198.73  0.9651276
4199.30  0.9587007
4199.87  0.9489915
4200.44  0.9464868
4201.01  0.9463044
4201.58  0.9547914
4202.15  0.9679506
4202.72  0.9798125
4203.29  0.9848785
4203.86  0.9834689
4204.43  0.9875653
4205.00  0.9905177
4205.57  0.9920803
4206.14  0.9923099
4206.71  0.9923752
4207.28  0.994135
4207.85  0.9994875
4208.42  1.000448
4208.99  0.9964634
4209.56  0.9960798
4210.13  0.9947476
4210.70  0.994246
4211.27  0.9895108
4211.84  0.9882051
4212.41  0.9883632
4212.98  0.9833677
4213.55  0.9837009
4214.12  0.9933182
4214.69  0.9937971
4215.26  0.9935904
4215.84  0.9910347
4216.41  0.9921244
4216.98  0.9952341
4217.55  0.9974071
4218.12  0.9939123
4218.69  0.9915791
4219.26  0.9912202
4219.83  0.9905313
4220.40  0.9855748
4220.97  0.9871957
4221.54  0.9876572
4222.11  0.9896892
4222.68  0.9951634
4223.25  0.9982433
4223.82  0.9941679
4224.39  0.9952474
4224.96  0.9932642
4225.53  0.9987182
4226.10  1.000348
4226.67  0.9967033
4227.24  0.99836
4227.81  0.9968155
4228.38  0.9957542
4228.95  0.9977937
4229.52  1.000844
4230.09  0.9984839
4230.66  0.9953618
4231.23  0.9990064
4231.80  1.003281
4232.37  0.9983376
4232.94  0.9964067
4233.51  0.9970667
4234.08  1.001996
4234.65  1.003801
4235.22  1.002133
4235.79  0.9972045
4236.36  0.9973145
4236.94  0.998479
4237.51  0.9986667
4238.08  1.000091
4238.65  0.9972289
4239.22  0.9930862
4239.79  0.9944228
4240.36  0.9997475
4240.93  1.002571
4241.50  0.9984139
4242.07  0.9995798
4242.64  0.9975563
4243.21  0.9988748
4243.78  0.9971516
4244.35  0.9992837
4244.92  1.000567
4245.49  1.000081
4246.06  1.000539
4246.63  1.00282
4247.20  0.9974052
4247.77  0.9997848
4248.34  1.002874
4248.91  0.9980075
4249.48  0.9982992
4250.05  0.996316
4250.62  0.999743
4251.19  0.9989323
4251.76  0.9990526
4252.33  0.9947373
4252.90  0.9908131
4253.47  0.9897024
4254.04  0.9831628
4254.61  0.9800454
4255.18  0.9867136
4255.75  0.9893474
4256.32  0.9967991
4256.89  0.994048
4257.46  0.9997098
4258.04  0.9983377
4258.61  0.9973832
4259.18  0.9996282
4259.75  0.99834
4260.32  0.9997238
4260.89  1.00017
4261.46  1.001608
4262.03  1.001812
4262.60  1.005877
4263.17  1.009079
4263.74  1.006341
4264.31  1.004703
4264.88  1.007876
4265.45  1.005121
4266.02  0.9997836
4266.59  0.9955966
4267.16  0.9880307
4267.73  0.985914
4268.30  0.9874107
4268.87  0.9949745
4269.44  0.99726
4270.01  1.000958
4270.58  1.001974
4271.15  0.9999669
4271.72  0.9996112
4272.29  1.000606
4272.86  1.000996
4273.43  1.000309
4274.00  1.00167
4274.57  0.9968536
4275.14  0.9912385
4275.71  0.9881405
4276.28  0.9773539
4276.85  0.9777298
4277.42  0.9782361
4277.99  0.9850488
4278.56  0.9898028
4279.13  0.9900005
4279.71  0.994542
4280.28  0.9967753
4280.85  0.9966003
4281.42  0.9965471
4281.99  0.9946237
4282.56  0.994232
4283.13  0.9933332
4283.70  0.9921612
4284.27  0.985683
4284.84  0.9855599
4285.41  0.9911875
4285.98  0.9856992
4286.55  0.9880837
4287.12  0.9939615
4287.69  0.9932465
4288.26  0.9941707
4288.83  0.9965208
4289.40  0.9950091
4289.97  0.9933729
4290.54  0.989339
4291.11  0.9930995
4291.68  0.9968357
4292.25  0.9977975
4292.82  0.9959353
4293.39  0.9979177
4293.96  0.9991214
4294.53  0.9941235
4295.10  0.9963605
4295.67  0.9987101
4296.24  1.000615
4296.81  1.002178
4297.38  1.003851
4297.95  1.009379
4298.52  1.011481
4299.09  1.010017
4299.66  1.014378
4300.23  1.013656
4300.81  1.01087
4301.38  1.011243
4301.95  1.010617
4302.52  1.008391
4303.09  1.005436
4303.66  1.000694
4304.23  1.002274
4304.80  0.9967754
4305.37  0.9963772
4305.94  1.00064
4306.51  1.000033
4307.08  1.003231
4307.65  1.003929
4308.22  1.002294
4308.79  1.001512
4309.36  1.004211
4309.93  1.010102
4310.50  1.00951
4311.07  1.007297
4311.64  1.002218
4312.21  1.00074
4312.78  1.003413
4313.35  1.001169
4313.92  1.002454
4314.49  1.004
4315.06  0.9967616
4315.63  0.9953494
4316.20  0.9923491
4316.77  0.9870753
4317.34  0.9863732
4317.91  0.9847975
4318.48  0.9854418
4319.05  0.984723
4319.62  0.9844024
4320.19  0.983369
4320.76  0.9857534
4321.33  0.9881572
4321.90  0.9920197
4322.48  1.000682
4323.05  1.00159
4323.62  1.003423
4324.19  1.000403
4324.76  0.999055
4325.33  0.9984384
4325.90  0.9957523
4326.47  0.9899351
4327.04  0.9946335
4327.61  0.9980752
4328.18  0.9955351
4328.75  0.9948507
4329.32  0.993462
4329.89  0.9922139
4330.46  0.9942228
4331.03  0.9912804
4331.60  0.9843519
4332.17  0.9801177
4332.74  0.9814043
4333.31  0.9772488
4333.88  0.9761379
4334.45  0.974072
4335.02  0.9657598
4335.59  0.9597052
4336.16  0.9524138
4336.73  0.9353241
4337.30  0.915655
4337.87  0.8904799
4338.44  0.8586846
4339.01  0.8220174
4339.58  0.7736976
4340.15  0.7382478
4340.72  0.7197428
4341.29  0.7207858
4341.86  0.7462127
4342.43  0.781091
4343.00  0.8158026
4343.58  0.8451711
4344.15  0.8660643
4344.72  0.8833852
4345.29  0.8965135
4345.86  0.9095684
4346.43  0.9151591
4347.00  0.9260092
4347.57  0.934158
4348.14  0.9387704
4348.71  0.9399772
4349.28  0.9346326
4349.85  0.9351979
4350.42  0.9386394
4350.99  0.9435419
4351.56  0.9517466
4352.13  0.9611706
4352.70  0.9707562
4353.27  0.9742104
4353.84  0.9796612
4354.41  0.9866629
4354.98  0.9867112
4355.55  0.9907811
4356.12  0.9939629
4356.69  0.9981538
4357.26  0.9989042
4357.83  0.9992265
4358.40  1.003517
4358.97  1.002437
4359.54  0.9989792
4360.11  1.00089
4360.68  1.000121
4361.25  0.9962628
4361.82  0.9938808
4362.39  0.994557
4362.96  0.999675
4363.53  1.002908
4364.10  1.000786
4364.68  0.9948628
4365.25  0.9936371
4365.82  0.9936199
4366.39  0.9854033
4366.96  0.9801379
4367.53  0.9797138
4368.10  0.9784436
4368.67  0.9809908
4369.24  0.9833958
4369.81  0.98717
4370.38  0.9897131
4370.95  0.9898065
4371.52  0.9940897
4372.09  0.9953403
4372.66  0.9964699
4373.23  0.9978371
4373.80  0.9995897
4374.37  1.001433
4374.94  1.000404
4375.51  0.9981938
4376.08  0.9955416
4376.65  0.9936944
4377.22  0.992144
4377.79  0.9897522
4378.36  0.984226
4378.93  0.9796355
4379.50  0.9779679
4380.07  0.9782263
4380.64  0.9823985
4381.21  0.9898494
4381.78  0.9904388
4382.35  0.9920534
4382.92  0.9968092
4383.49  0.9966783
4384.06  0.9959888
4384.63  0.9976751
4385.20  0.9943185
4385.77  0.9866542
4386.35  0.97123
4386.92  0.9529355
4387.49  0.9353032
4388.06  0.9211714
4388.63  0.9191815
4389.20  0.9265027
4389.77  0.9420285
4390.34  0.959322
4390.91  0.9643193
4391.48  0.9650777
4392.05  0.9700465
4392.62  0.9744248
4393.19  0.9813677
4393.76  0.9828728
4394.33  0.9830312
4394.90  0.9882851
4395.47  0.9903477
4396.04  0.9892451
4396.61  0.9903771
4397.18  0.9900398
4397.75  0.9897115
4398.32  0.9898084
4398.89  0.9936198
4399.46  0.9944801
4400.03  0.999685
4400.60  1.000878
4401.17  0.9978558
4401.74  0.9964241
4402.31  0.9961235
4402.88  0.9999557
4403.45  1.000883
4404.02  0.9992824
4404.59  0.9970912
4405.16  0.9984148
4405.73  0.9991131
4406.30  0.9989836
4406.87  1.000327
4407.45  0.9954825
4408.02  0.9958626
4408.59  0.9915863
4409.16  0.9889171
4409.73  0.9933526
4410.30  0.9967599
4410.87  0.9935883
4411.44  0.9923058
4412.01  0.994725
4412.58  0.9936051
4413.15  0.9907778
4413.72  0.9831777
4414.29  0.9825819
4414.86  0.9785241
4415.43  0.9707763
4416.00  0.9715512
4416.57  0.9729504
4417.14  0.9756873
4417.71  0.9758443
4418.28  0.9796163
4418.85  0.984999
4419.42  0.9891771
4419.99  0.9890081
4420.56  0.9926313
4421.13  0.9914368
4421.70  0.9924879
4422.27  0.9943644
4422.84  0.9939367
4423.41  0.9942384
4423.98  0.9932756
4424.55  0.9916807
4425.12  0.9987831
4425.69  0.9959717
4426.26  0.994739
4426.83  0.9926953
4427.40  0.9941243
4427.97  0.9924923
4428.55  0.9858741
4429.12  0.9825569
4429.69  0.9832138
4430.26  0.9857656
4430.83  0.9863581
4431.40  0.9841303
4431.97  0.9899971
4432.54  0.9897567
4433.11  0.9882649
4433.68  0.9855615
4434.25  0.9842215
4434.82  0.9841737
4435.39  0.984551
4435.96  0.9859447
4436.53  0.9833203
4437.10  0.9821471
4437.67  0.9778175
4438.24  0.9805933
4438.81  0.9841222
4439.38  0.9877211
4439.95  0.9886117
4440.52  0.9882997
4441.09  0.9873133
4441.66  0.9870125
4442.23  0.9887157
4442.80  0.9908262
4443.37  0.9946966
4443.94  0.992104
4444.51  0.9952258
4445.08  0.9960021
4445.65  0.9936205
4446.22  0.9948538
4446.79  0.991454
4447.36  0.9840496
4447.93  0.9856244
4448.50  0.9853255
4449.07  0.9862763
4449.64  0.9904885
4450.22  0.9876543
4450.79  0.9914891
4451.36  0.9936277
4451.93  0.9950652
4452.50  0.9909973
4453.07  0.9895108
4453.64  0.9859817
4454.21  0.9864421
4454.78  0.9914954
4455.35  0.9912674
4455.92  0.9925635
4456.49  0.9954321
4457.06  0.9940951
4457.63  0.9949961
4458.20  0.9955385
4458.77  0.9936775
4459.34  0.9935691
4459.91  0.9961818
4460.48  0.9957273
4461.05  0.9966176
4461.62  0.9990927
4462.19  0.9952834
4462.76  0.9959647
4463.33  0.9961937
4463.90  0.9958619
4464.47  0.9931471
4465.04  0.9903562
4465.61  0.9860947
4466.18  0.9778871
4466.75  0.976755
4467.32  0.9779449
4467.89  0.9714642
4468.46  0.9612333
4469.03  0.947108
4469.60  0.9248801
4470.17  0.8943322
4470.74  0.8547766
4471.32  0.8213012
4471.89  0.8134306
4472.46  0.8313451
4473.03  0.8642398
4473.60  0.8989605
4474.17  0.9265779
4474.74  0.9458108
4475.31  0.9580687
4475.88  0.9680346
4476.45  0.9751643
4477.02  0.9778777
4477.59  0.9802271
4478.16  0.9836083
4478.73  0.9882023
4479.30  0.9863803
4479.87  0.9806479
4480.44  0.976414
4481.01  0.9724985
4481.58  0.970874
4482.15  0.9739402
4482.72  0.9776071
4483.29  0.9843779
4483.86  0.9918739
4484.43  0.9974316
4485.00  1.00338
4485.57  1.005605
4486.14  1.007402
4486.71  1.00604
4487.28  1.005565
4487.85  1.003468
4488.42  1.001779
4488.99  0.9996993
4489.56  0.9984506
4490.13  0.9951454
4490.70  0.9935521
4491.27  0.9983689
4491.84  0.9978819
4492.41  0.996985
4492.99  0.9988928
4493.56  1.001904
4494.13  1.000085
4494.70  1.000998
4495.27  1.001575
4495.84  1.003622
4496.41  1.003645
4496.98  1.004155
4497.55  1.000782
4498.12  1.00414
4498.69  1.004854
4499.26  1.000399
4499.83  1.003924
4500.40  1.006453
4500.97  1.006346
4501.54  1.007012
4502.11  1.005363
4502.68  1.0098
4503.25  1.010804
4503.82  1.007736
4504.39  1.009029
4504.96  1.008587
4505.53  1.007528
4506.10  1.008579
4506.67  1.001229
4507.24  1.005474
4507.81  1.000811
4508.38  0.9993195
4508.95  0.9990017
4509.52  0.9987363
4510.09  0.9942983
4510.66  0.9873718
4511.23  0.9874426
4511.80  0.9909118
4512.37  0.9906991
4512.94  0.9890826
4513.51  0.9896711
4514.09  0.9884914
4514.66  0.984948
4515.23  0.978694
4515.80  0.9794335
4516.37  0.9851749
4516.94  0.9844648
4517.51  0.989957
4518.08  0.9931444
4518.65  0.995708
4519.22  0.9960463
4519.79  0.996167
4520.36  0.9975988
4520.93  1.000556
4521.50  1.001817
4522.07  1.001523
4522.64  0.9988524
4523.21  0.9965256
4523.78  0.9978845
4524.35  1.000275
4524.92  1.000308
4525.49  1.000196
4526.06  1.001608
4526.63  1.003216
4527.20  0.9999426
4527.77  0.9964293
4528.34  0.9953688
4528.91  0.9958481
4529.48  0.9933463
4530.05  0.9920633
4530.62  0.9945214
4531.19  0.9984685
4531.76  0.9994731
4532.33  0.9990117
4532.90  0.9964214
4533.47  0.9965122
4534.04  0.9975482
4534.61  0.9949453
4535.19  0.9912462
4535.76  0.9905351
4536.33  0.9904361
4536.90  0.9915701
4537.47  0.9941031
4538.04  0.9929844
4538.61  0.9930938
4539.18  0.9865299
4539.75  0.9799742
4540.32  0.9677813
4540.89  0.9532501
4541.46  0.9464574
4542.03  0.9426874
4542.60  0.9478561
4543.17  0.9572834
4543.74  0.9657932
4544.31  0.9741668
4544.88  0.983777
4545.45  0.989052
4546.02  0.988308
4546.59  0.9883573
4547.16  0.9914385
4547.73  0.9932742
4548.30  0.9897019
4548.87  0.98955
4549.44  0.9905097
4550.01  0.9889176
4550.58  0.9864968
4551.15  0.9816303
4551.72  0.9736735
4552.29  0.9690686
4552.86  0.9690762
4553.43  0.969052
4554.00  0.9740644
4554.57  0.9827754
4555.14  0.9852244
4555.71  0.9864341
4556.28  0.991831
4556.86  0.9950572
4557.43  0.996403
4558.00  0.9951035
4558.57  0.9943366
4559.14  0.9954546
4559.71  0.9970631
4560.28  0.9982002
4560.85  0.9966689
4561.42  0.9968877
4561.99  1.001777
4562.56  1.001969
4563.13  1.002244
4563.70  1.000713
4564.27  1.000573
4564.84  1.001292
4565.41  0.9996579
4565.98  0.9968562
4566.55  0.9889386
4567.12  0.9793212
4567.69  0.975342
4568.26  0.9752668
4568.83  0.9758418
4569.40  0.9809638
4569.97  0.9841267
4570.54  0.9884053
4571.11  0.9895
4571.68  0.9914603
4572.25  0.9950642
4572.82  0.9920731
4573.39  0.9884521
4573.96  0.9865532
4574.53  0.9852079
4575.10  0.9856036
4575.67  0.9917752
4576.24  0.9906498
4576.81  0.9957411
4577.38  0.9972901
4577.96  0.9998139
4578.53  0.9963305
4579.10  0.9998116
4579.67  0.9991535
4580.24  1.000837
4580.81  1.001121
4581.38  0.9973238
4581.95  0.9964753
4582.52  1.003484
4583.09  0.9988692
4583.66  1.000854
4584.23  1.000538
4584.80  1.000627
4585.37  0.9990026
4585.94  0.9961442
4586.51  0.9960097
4587.08  0.9992973
4587.65  1.001017
4588.22  0.9996782
4588.79  0.9956756
4589.36  0.9976262
4589.93  0.9929258
4590.50  0.9853839
4591.07  0.9812078
4591.64  0.9820175
4592.21  0.9849144
4592.78  0.9905851
4593.35  0.994922
4593.92  0.9939418
4594.49  0.9917281
4595.06  0.987683
4595.63  0.987118
4596.20  0.9828869
4596.77  0.9881968
4597.34  0.9871071
4597.91  0.9897082
4598.48  0.9944034
4599.06  0.9914119
4599.63  0.9911601
4600.20  0.9945402
4600.77  0.9942375
4601.34  0.9908824
4601.91  0.9910843
4602.48  0.9932529
4603.05  0.9931928
4603.62  0.9930211
4604.19  0.9963614
4604.76  0.9969087
4605.33  0.9958791
4605.90  0.9976991
4606.47  0.9979728
4607.04  0.9953218
4607.61  0.9949418
4608.18  0.9904087
4608.75  0.9901064
4609.32  0.9871077
4609.89  0.9852691
4610.46  0.9868746
4611.03  0.9887453
4611.60  0.9914544
4612.17  0.9929895
4612.74  0.9911395
4613.31  0.9919875
4613.88  0.99512
4614.45  0.996766
4615.02  0.9965395
4615.59  0.9981006
4616.16  0.9986666
4616.73  0.9989979
4617.30  0.9959646
4617.87  0.9956177
4618.44  0.9974033
4619.01  0.9950951
4619.58  0.9938054
4620.15  0.9962927
4620.73  0.998331
4621.30  0.9988811
4621.87  0.9988453
4622.44  0.9959579
4623.01  0.9966854
4623.58  0.9985388
4624.15  1.000861
4624.72  1.002201
4625.29  1.003306
4625.86  1.006084
4626.43  1.004471
4627.00  1.005646
4627.57  1.004939
4628.14  1.000456
4628.71  0.9967445
4629.28  0.994793
4629.85  0.990184
4630.42  0.9821578
4630.99  0.9795882
4631.56  0.9800166
4632.13  0.9795666
4632.70  0.9848906
4633.27  0.9910469
4633.84  0.9931381
4634.41  0.9921408
4634.98  0.997723
4635.55  1.000401
4636.12  1.000617
4636.69  0.998575
4637.26  0.9968322
4637.83  0.9926417
4638.40  0.9882075
4638.97  0.9894251
4639.54  0.9855902
4640.11  0.9830359
4640.68  0.9779123
4641.25  0.9701436
4641.83  0.9656581
4642.40  0.9743369
4642.97  0.9777734
4643.54  0.9823009
4644.11  0.9861663
4644.68  0.9826956
4645.25  0.9743719
4645.82  0.9556955
4646.39  0.9329361
4646.96  0.909554
4647.53  0.887415
4648.10  0.8742589
4648.67  0.8636219
4649.24  0.8570057
4649.81  0.8516436
4650.38  0.8506525
4650.95  0.8564512
4651.52  0.8692956
4652.09  0.8864
4652.66  0.9096491
4653.23  0.9319338
4653.80  0.9427548
4654.37  0.9496977
4654.94  0.9615182
4655.51  0.9691265
4656.08  0.9803427
4656.65  0.9882703
4657.22  0.9975938
4657.79  0.9979183
4658.36  0.9940298
4658.93  0.9959672
4659.50  0.9987665
4660.07  0.996165
4660.64  0.992144
4661.21  0.9901984
4661.78  0.9856213
4662.35  0.9863005
4662.92  0.9865749
4663.50  0.9898602
4664.07  0.992362
4664.64  0.994592
4665.21  0.9918097
4665.78  0.9887177
4666.35  0.9875696
4666.92  0.9888611
4667.49  0.994873
4668.06  0.9991354
4668.63  0.9969755
4669.20  0.9974902
4669.77  1.001509
4670.34  0.9995332
4670.91  1.000397
4671.48  1.000252
4672.05  1.001844
4672.62  1.002231
4673.19  0.9972556
4673.76  0.996367
4674.33  0.9964111
4674.90  0.992707
4675.47  0.9896737
4676.04  0.9844935
4676.61  0.9831451
4677.18  0.9831077
4677.75  0.9865325
4678.32  0.9922536
4678.89  0.9987367
4679.46  0.9987531
4680.03  0.997345
4680.60  0.9995455
4681.17  0.9997758
4681.74  0.9940451
4682.31  0.9926978
4682.88  0.9889086
4683.45  0.982505
4684.02  0.9711409
4684.60  0.9536829
4685.17  0.9340774
4685.74  0.919709
4686.31  0.9168317
4686.88  0.9248674
4687.45  0.9402521
4688.02  0.954836
4688.59  0.968031
4689.16  0.9792238
4689.73  0.9878283
4690.30  0.9935505
4690.87  0.9977467
4691.44  0.9995262
4692.01  0.9999946
4692.58  0.999905
4693.15  1.001436
4693.72  1.001703
4694.29  0.9988798
4694.86  0.9996402
4695.43  0.9986984
4696.00  0.9999762
4696.57  1.002869
4697.14  0.9981328
4697.71  0.996815
4698.28  0.996962
4698.85  0.9929226
4699.42  0.9957941
4699.99  0.9949487
4700.56  0.9934624
4701.13  0.9961426
4701.70  0.9962437
4702.27  0.9965704
4702.84  0.9935745
4703.41  0.9955973
4703.98  0.9937336
4704.55  0.987245
4705.12  0.9849707
4705.70  0.9846098
4706.27  0.9856511
4706.84  0.989806
4707.41  0.9950416
4707.98  0.9962917
4708.55  0.9953713
4709.12  0.9954249
4709.69  0.9931543
4710.26  0.9863812
4710.83  0.9808512
4711.40  0.9724656
4711.97  0.9602731
4712.54  0.9452615
4713.11  0.932896
4713.68  0.9312094
4714.25  0.9417691
4714.82  0.9540572
4715.39  0.967422
4715.96  0.9842995
4716.53  0.987164
4717.10  0.9901919
4717.67  0.9944879
4718.24  0.9972149
4718.81  0.9971904
4719.38  0.9966282
4719.95  0.9964005
4720.52  0.998771
4721.09  0.9999152
4721.66  0.9980139
4722.23  1.001541
4722.80  1.00091
4723.37  0.9990302
4723.94  0.9989653
4724.51  1.001417
4725.08  0.9990876
4725.65  1.002571
4726.22  1.001816
4726.79  1.002964
4727.37  1.001975
4727.94  0.9978029
4728.51  0.9974202
4729.08  1.001081
4729.65  0.9996228
4730.22  0.9999438
4730.79  0.9971188
4731.36  0.9975449
4731.93  1.00266
4732.50  1.000238
4733.07  0.9986851
4733.64  1.000569
4734.21  0.9988427
4734.78  1.000897
4735.35  1.002097
4735.92  1.001252
4736.49  1.001333
4737.06  0.9994513
4737.63  0.9981204
4738.20  0.9978946
4738.77  0.9967358
4739.34  0.9977199
4739.91  0.998722
4740.48  0.9983802
4741.05  0.99832
4741.62  1.000166
4742.19  0.9949393
4742.76  0.9966637
4743.33  0.9976247
4743.90  0.9958413
4744.47  0.996004
4745.04  0.9975166
4745.61  0.9985648
4746.18  0.9983034
4746.75  0.9983213
4747.32  0.9994879
4747.89  0.999746
4748.47  0.999442
4749.04  0.9993048
4749.61  0.99599
4750.18  0.9962907
4750.75  0.995539
4751.32  0.9972169
4751.89  0.9971119
4752.46  0.9950397
4753.03  0.9940082
4753.60  0.9948844
4754.17  0.9948034
4754.74  0.9957979
4755.31  0.9952919
4755.88  0.9943175
4756.45  0.9949664
4757.02  0.9960283
4757.59  0.9956527
4758.16  0.9970995
4758.73  0.9970668
4759.30  0.994653
4759.87  0.9941774
4760.44  0.9942829
4761.01  0.9954516
4761.58  0.9973645
4762.15  0.9930192
4762.72  0.9933801
4763.29  0.9940935
4763.86  0.993724
4764.43  0.9931231
4765.00  0.9949638
4765.57  0.9955743
4766.14  0.9952692
4766.71  0.9935536
4767.28  0.992728
4767.85  0.9938431
4768.42  0.9935911
4768.99  0.9962163
4769.57  0.9962333
4770.14  0.991887
4770.71  0.9932355
4771.28  0.9950792
4771.85  0.9919809
4772.42  0.9927221
4772.99  0.9989375
4773.56  0.9974659
4774.13  0.9920453
4774.70  0.9932689
4775.27  0.9929813
4775.84  0.9963074
4776.41  0.9964343
4776.98  0.9940877
4777.55  0.9937051
4778.12  0.9936662
4778.69  0.9936337
4779.26  0.9946059
4779.83  0.9940718
4780.40  0.998319
4780.97  0.9968233
4781.54  0.9934782
4782.11  0.9922182
4782.68  0.9956088
4783.25  0.9976605
4783.82  0.9954856
4784.39  0.9964504
4784.96  0.9951205
4785.53  0.9960663
4786.10  0.9958159
4786.67  0.9977179
4787.24  0.9980114
4787.81  0.9961737
4788.38  0.9957418
4788.95  0.9973481
4789.52  0.9947237
4790.09  0.9974402
4790.66  0.9977151
4791.24  0.9967526
4791.81  0.9945788
4792.38  0.9971265
4792.95  0.9965017
4793.52  0.9961783
4794.09  0.9961196
4794.66  0.9971808
4795.23  0.9951023
4795.80  0.9939233
4796.37  0.9977238
4796.94  0.996865
4797.51  0.9963006
4798.08  0.999429
4798.65  1.000905
4799.22  0.9981261
4799.79  0.997559
4800.36  0.9981366
4800.93  1.001064
4801.50  0.9976066
4802.07  0.9984246
4802.64  1.001301
4803.21  0.9961739
4803.78  0.9980322
4804.35  0.9965972
4804.92  0.9991523
4805.49  0.9997326
4806.06  1.000675
4806.63  1.000042
4807.20  0.9991805
4807.77  0.9990054
4808.34  0.9993603
4808.91  1.003555
4809.48  1.00413
4810.05  1.002026
4810.62  1.001308
4811.19  1.003844
4811.76  1.002307
4812.34  0.9996232
4812.91  0.9987334
4813.48  1.0028
4814.05  1.000528
4814.62  1.000899
4815.19  0.9998908
4815.76  0.9992986
4816.33  0.9992034
4816.90  0.9998069
4817.47  1.003543
4818.04  0.9966037
4818.61  0.9948344
4819.18  1.000467
4819.75  0.9979451
4820.32  0.9959628
4820.89  1.001019
4821.46  0.9999015
4822.03  0.9991471
4822.60  1.001804
4823.17  0.9995889
4823.74  0.9991419
4824.31  1.000745
4824.88  0.9985453
4825.45  0.9996483
4826.02  1.000197
4826.59  1.002197
4827.16  1.004664
4827.73  0.9997849
4828.30  1.000838
4828.87  1.000129
4829.44  1.001443
4830.01  1.004285
4830.58  0.9985455
4831.15  0.9995167
4831.72  1.002948
4832.29  0.9998113
4832.86  0.9998989
4833.43  1.001377
4834.01  1.00137
4834.58  1.001366
4835.15  1.001212
4835.72  1.000641
4836.29  1.002983
4836.86  1.001275
4837.43  1.002821
4838.00  1.003875
4838.57  0.9998907
4839.14  1.002596
4839.71  1.005341
4840.28  1.004645
4840.85  1.001991
4841.42  1.000067
4841.99  1.000056
4842.56  1.001214
4843.13  0.9997336
4843.70  1.001768
4844.27  0.9989865
4844.84  0.9977028
4845.41  1.000357
4845.98  0.9968985
4846.55  0.9956052
4847.12  0.9965585
4847.69  0.9963168
4848.26  0.9980364
4848.83  0.9980476
4849.40  0.9968725
4849.97  0.9947255
4850.54  0.9929048
4851.11  0.9916051
4851.68  0.9875777
4852.25  0.9890748
4852.82  0.985212
4853.39  0.9790488
4853.96  0.9774501
4854.53  0.9744915
4855.11  0.9674761
4855.68  0.9587336
4856.25  0.9548548
4856.82  0.9397642
4857.39  0.9228836
4857.96  0.907344
4858.53  0.8846979
4859.10  0.8559984
4859.67  0.8201251
4860.24  0.7837416
4860.81  0.7534412
4861.38  0.7358023
4861.95  0.7371281
4862.52  0.7576212
4863.09  0.7868047
4863.66  0.8158544
4864.23  0.843636
4864.80  0.8700597
4865.37  0.8899394
4865.94  0.9023361
4866.51  0.9138391
4867.08  0.9263392
4867.65  0.937648
4868.22  0.9427712
4868.79  0.9502931
4869.36  0.9595272
4869.93  0.9648703
4870.50  0.9715385
4871.07  0.974256
4871.64  0.9755099
4872.21  0.9794641
4872.78  0.9821104
4873.35  0.9854363
4873.92  0.9896041
4874.49  0.9897944
4875.06  0.9889005
4875.63  0.9914976
4876.21  0.993722
4876.78  0.9950649
4877.35  0.9932117
4877.92  0.9939911
4878.49  0.9945169
4879.06  0.9925619
4879.63  0.993992
4880.20  0.9942143
4880.77  0.9912894
4881.34  0.9933859
4881.91  0.9965348
4882.48  0.9939521
4883.05  0.9950811
4883.62  0.995842
4884.19  0.9966486
4884.76  0.9979096
4885.33  0.9979822
4885.90  0.9980883
4886.47  0.9969434
4887.04  0.9976413
4887.61  0.9976843
4888.18  0.9956657
4888.75  0.9952847
4889.32  0.9935144
4889.89  0.9921172
4890.46  0.9934833
4891.03  0.9959126
4891.60  0.9938514
4892.17  0.9957114
4892.74  0.9964928
4893.31  0.9946342
4893.88  0.9947481
4894.45  0.9978676
4895.02  0.9956408
4895.59  0.994045
4896.16  0.9947195
4896.73  0.9965492
4897.30  0.9982076
4897.88  0.9960048
4898.45  0.9939302
4899.02  0.9970561
4899.59  0.9967351
4900.16  0.9954448
4900.73  0.9963182
4901.30  0.9961441
4901.87  0.995533
4902.44  0.9949712
4903.01  0.9965141
4903.58  0.9981093
4904.15  0.9993781
4904.72  0.9987112
4905.29  0.9941067
4905.86  0.9959987
4906.43  0.9984377
4907.00  0.9944335
4907.57  0.9918219
4908.14  0.9930798
4908.71  0.9958909
4909.28  0.995344
4909.85  0.9939102
4910.42  0.9960387
4910.99  0.9960296
4911.56  0.9942743
4912.13  0.9969901
4912.70  0.9960136
4913.27  0.9962529
4913.84  0.9966497
4914.41  0.9971789
4914.98  0.9947482
4915.55  0.9942144
4916.12  0.9949881
4916.69  0.99647
4917.26  0.9950498
4917.83  0.9948832
4918.40  0.993445
4918.98  0.9855963
4919.55  0.9789495
4920.12  0.9637611
4920.69  0.9440635
4921.26  0.9182818
4921.83  0.9001055
4922.40  0.891624
4922.97  0.8964936
4923.54  0.9081959
4924.11  0.9287394
4924.68  0.9442303
4925.25  0.9541255
4925.82  0.9621083
4926.39  0.9658182
4926.96  0.973673
4927.53  0.9813738
4928.10  0.9821678
4928.67  0.9856368
4929.24  0.988474
4929.81  0.9903245
4930.38  0.9934074
4930.95  0.9945858
4931.52  0.9940779
4932.09  0.9943066
4932.66  0.9947869
4933.23  1.000261
4933.80  0.9963828
4934.37  0.9932176
4934.94  0.9960796
4935.51  0.998125
4936.08  1.000176
4936.65  0.9958331
4937.22  0.9972547
4937.79  0.9980661
4938.36  0.9951677
4938.93  0.9972664
4939.50  0.9975424
4940.08  0.9982748
4940.65  0.996219
4941.22  0.9966903
4941.79  0.9942825
4942.36  0.9899049
4942.93  0.9926282
4943.50  0.9901823
4944.07  0.9911348
4944.64  0.9925572
4945.21  0.991944
4945.78  0.9941099
4946.35  0.9962829
4946.92  0.9952528
4947.49  0.9974439
4948.06  0.9959177
4948.63  0.9973124
4949.20  0.9980974
4949.77  0.9974344
4950.34  0.991624
4950.91  0.9961523
4951.48  0.9991566
4952.05  0.9986563
4952.62  0.9966624
4953.19  0.9976897
4953.76  0.9962227
4954.33  0.9936579
4954.90  0.9974644
4955.47  0.9945379
4956.04  0.9960499
4956.61  0.9954
4957.18  0.9953428
4957.75  1.000262
4958.32  1.001476
4958.89  0.9978593
4959.46  0.9969234
4960.03  0.9960549
4960.60  0.996712
4961.17  1.000183
4961.75  0.9994375
4962.32  0.9969692
4962.89  0.9986013
4963.46  1.000191
4964.03  0.9977924
4964.60  0.9983585
4965.17  0.9994268
4965.74  0.9950881
4966.31  0.9959666
4966.88  0.9979399
4967.45  0.9963568
4968.02  0.9990644
4968.59  0.9999577
4969.16  0.9988039
4969.73  0.9991111
4970.30  0.9978934
4970.87  0.9969618
4971.44  0.9991586
4972.01  0.9987819
4972.58  0.9972808
4973.15  0.9998283
4973.72  1.001023
4974.29  0.9993527
4974.86  1.000661
4975.43  1.000442
4976.00  0.9977267
4976.57  0.9996236
4977.14  0.9959695
4977.71  0.9974483
4978.28  0.9986128
4978.85  0.9986433
4979.42  0.9985561
4979.99  0.9968879
4980.56  0.9987673
4981.13  0.9994521
4981.70  0.9995425
4982.27  0.9980472
4982.85  1.001019
4983.42  0.9975623
4983.99  0.9968992
4984.56  0.9996118
4985.13  1.001215
4985.70  1.000778
4986.27  1.000347
4986.84  1.002074
4987.41  0.9997227
4987.98  1.000246
4988.55  0.999869
4989.12  0.9999905
4989.69  1.002463
4990.26  1.001951
4990.83  0.9980274
4991.40  1.000717
4991.97  0.9972414
4992.54  0.9996014
4993.11  1.001132
4993.68  1.000796
4994.25  0.999186
4994.82  1.001135
4995.39  0.9998997
4995.96  0.9980305
4996.53  1.004
4997.10  1.002288
4997.67  1.000886
4998.24  1.000386
4998.81  1.001001
4999.38  0.9999003
4999.95  1.001921
5000.52  0.9993205
5001.09  0.9991601
5001.66  1.00075
5002.23  0.9981812
5002.80  1.001299
5003.37  1.001714
5003.94  1.000544
5004.52  0.998816
5005.09  0.9988014
5005.66  0.9951286
5006.23  0.9977731
5006.80  0.9989126
5007.37  1.00156
5007.94  0.9996954
5008.51  0.9992803
5009.08  1.000487
5009.65  1.004877
5010.22  1.000092
5010.79  1.002289
5011.36  1.000965
5011.93  0.9971502
5012.50  0.9971471
5013.07  0.9961848
5013.64  0.990609
5014.21  0.978882
5014.78  0.9625226
5015.35  0.9476663
5015.92  0.9357293
5016.49  0.9318359
5017.06  0.9336674
5017.63  0.948343
5018.20  0.9604896
5018.77  0.9737681
5019.34  0.9817828
5019.91  0.9866064
5020.48  0.988463
5021.05  0.9907054
5021.62  0.9926484
5022.19  0.9989127
5022.76  0.9956192
5023.33  0.9974774
5023.90  0.9962426
5024.47  0.9956543
5025.04  0.9977837
5025.62  0.9971366
5026.19  0.997394
5026.76  0.9979084
5027.33  0.9951592
5027.90  0.9938583
5028.47  0.9937619
5029.04  0.9967342
5029.61  0.9977089
5030.18  0.9958605
5030.75  0.9956107
5031.32  0.9972803
5031.89  0.9958166
5032.46  1.000761
5033.03  0.9973565
5033.60  0.9991056
5034.17  0.9971299
5034.74  0.9986029
5035.31  1.001103
5035.88  0.9951023
5036.45  0.990477
5037.02  0.9882079
5037.59  0.9891853
5038.16  0.9920314
5038.73  0.9898604
5039.30  0.9888297
5039.87  0.9880443
5040.44  0.9879406
5041.01  0.9885338
5041.58  0.9904169
5042.15  0.9933978
5042.72  0.996035
5043.29  0.9965137
5043.86  0.9906293
5044.43  0.9835395
5045.00  0.9838806
5045.57  0.9837662
5046.14  0.9813423
5046.72  0.9828947
5047.29  0.9772497
5047.86  0.9693233
5048.43  0.9671255
5049.00  0.9690194
5049.57  0.9739429
5050.14  0.9788655
5050.71  0.9861492
5051.28  0.9860949
5051.85  0.9902135
5052.42  0.9908158
5052.99  0.9936285
5053.56  0.9953617
5054.13  0.9928036
5054.70  0.9913505
5055.27  0.9908017
5055.84  0.9976024
5056.41  0.9999761
5056.98  0.9963926
5057.55  0.9957814
5058.12  0.9955983
5058.69  0.99398
5059.26  0.9888808
5059.83  0.9893243
5060.40  0.9904273
5060.97  0.9929605
5061.54  0.9932724
5062.11  0.9902163
5062.68  0.9926745
5063.25  0.9925015
5063.82  0.9947866
5064.39  0.9990133
5064.96  0.996285
5065.53  0.9954934
5066.10  0.999975
5066.67  0.9998245
5067.24  0.9999506
5067.81  0.9978153
5068.39  0.9927753
5068.96  0.9913288
5069.53  0.9959588
5070.10  0.9965152
5070.67  0.9966239
5071.24  0.9995547
5071.81  0.9976218
5072.38  0.9969382
5072.95  0.9969695
5073.52  0.9978034
5074.09  0.998327
5074.66  0.9958703
5075.23  0.9938706
5075.80  0.9931357
5076.37  0.9972507
5076.94  1.000618
5077.51  0.9994255
5078.08  0.9963728
5078.65  0.9932455
5079.22  0.9911495
5079.79  0.99279
5080.36  0.9952766
5080.93  0.9934222
5081.50  0.9951739
5082.07  0.9967862
5082.64  0.9926319
5083.21  0.9944784
5083.78  0.9980701
5084.35  0.9989858
5084.92  0.9981237
5085.49  0.995489
5086.06  0.9994751
5086.63  0.9977117
5087.20  0.9965982
5087.77  1.00021
5088.34  0.9970701
5088.91  0.99633
5089.49  0.9975688
5090.06  0.9992879
5090.63  1.000681
5091.20  0.9990309
5091.77  0.9966602
5092.34  0.9977735
5092.91  0.9989014
5093.48  0.9983203
5094.05  0.9957037
5094.62  0.9969084
5095.19  0.9954774
5095.76  0.9946862
5096.33  0.9971429
5096.90  0.9945474
5097.47  0.9952325
5098.04  0.9971467
5098.61  0.9946707
5099.18  0.9957468
5099.75  0.9971223
5100.32  0.9965416
5100.89  0.9978386
5101.46  0.9961497
5102.03  0.9963503
5102.60  0.9986254
5103.17  0.9998475
5103.74  0.9976931
5104.31  0.9972552
5104.88  0.9943805
5105.45  0.9988604
5106.02  0.998646
5106.59  0.9974526
5107.16  1.000344
5107.73  1.001129
5108.30  1.000703
5108.87  1.000518
5109.44  1.001054
5110.01  1.004531
5110.59  1.00297
5111.16  1.002376
5111.73  1.000971
5112.30  1.000155
5112.87  1.00257
5113.44  0.9978156
