6312.18  0.9976537
6312.61  0.9907234
6313.04  0.9790227
6313.47  0.9772514
6313.90  0.982244
6314.33  0.9945124
6314.76  0.9968538
6315.19  0.9951363
6315.62  0.9963428
6316.05  0.9974053
6316.48  0.9988843
6316.91  1.000351
6317.34  0.99598
6317.77  0.9878446
6318.19  0.983747
6318.62  0.984552
6319.05  0.9947047
6319.48  1.001144
6319.91  1.001325
6320.34  0.9998937
6320.77  0.9998207
6321.20  0.9998791
6321.63  1.00289
6322.06  1.000533
6322.49  0.9891272
6322.92  0.97886
6323.35  0.9804877
6323.78  0.9908321
6324.20  1.000578
6324.63  1.002568
6325.06  0.9986163
6325.49  1.000896
6325.92  1.004842
6326.35  1.004559
6326.78  1.003828
6327.21  0.9986384
6327.64  0.993984
6328.07  0.9941587
6328.50  0.9942905
6328.93  0.9974301
6329.36  0.999328
6329.78  0.9991809
6330.21  0.9982027
6330.64  0.9940213
6331.07  0.9975801
6331.50  0.9971929
6331.93  1.000279
6332.36  0.997947
6332.79  0.9991995
6333.22  0.9970639
6333.65  0.9953092
6334.08  0.9969416
6334.51  0.9955921
6334.94  0.9947333
6335.37  0.9965392
6335.79  0.997476
6336.22  0.9982593
6336.65  0.9975442
6337.08  0.9980673
6337.51  0.9966972
6337.94  0.9964083
6338.37  0.9963379
6338.80  0.9964958
6339.23  0.9943879
6339.66  0.9952494
6340.09  0.9929734
6340.52  0.992538
6340.95  0.9884363
6341.38  0.9895756
6341.80  0.9934357
6342.23  0.9958373
6342.66  0.9989248
6343.09  0.9984071
6343.52  0.9956597
6343.95  0.9927405
6344.38  0.9942034
6344.81  0.9933184
6345.24  0.9914535
6345.67  0.9877695
6346.10  0.9854772
6346.53  0.9899076
6346.96  0.9922295
6347.39  0.9948486
6347.81  0.9958345
6348.24  0.9940888
6348.67  0.9950857
6349.10  0.9909461
6349.53  0.9879456
6349.96  0.9925858
6350.39  0.9948187
6350.82  0.9959134
6351.25  0.9960181
6351.68  0.9951802
6352.11  0.9941839
6352.54  0.9943476
6352.97  0.9970863
6353.39  0.9943861
6353.82  0.9916437
6354.25  0.9924407
6354.68  0.9939869
6355.11  0.9947386
6355.54  0.9947069
6355.97  0.992992
6356.40  0.9929024
6356.83  0.9928024
6357.26  0.9929646
6357.69  0.9911005
6358.12  0.9936583
6358.55  0.995903
6358.98  0.9971746
6359.40  0.9950922
6359.83  0.9912282
6360.26  0.9911886
6360.69  0.996065
6361.12  0.9985182
6361.55  0.9977033
6361.98  0.9969029
6362.41  0.9992002
6362.84  0.9987727
6363.27  0.9969136
6363.70  0.9975378
6364.13  0.9974022
6364.56  1.000398
6364.99  0.9981391
6365.41  0.9973224
6365.84  0.9979367
6366.27  0.9970917
6366.70  0.9988019
6367.13  0.9958887
6367.56  0.9953762
6367.99  0.9981039
6368.42  0.9976606
6368.85  0.9984393
6369.28  0.9994327
6369.71  0.9964124
6370.14  0.9934382
6370.57  0.992817
6371.00  0.9954715
6371.42  0.9971233
6371.85  0.9975855
6372.28  0.9990445
6372.71  0.9988053
6373.14  1.000906
6373.57  0.999979
6374.00  0.9992697
6374.43  0.9989707
6374.86  0.9979977
6375.29  0.9967402
6375.72  0.9967378
6376.15  0.9982112
6376.58  0.9994066
6377.01  0.9973778
6377.43  0.9970128
6377.86  0.9951659
6378.29  0.9947976
6378.72  0.9955998
6379.15  0.9969548
6379.58  0.9957893
6380.01  0.9948556
6380.44  0.9936897
6380.87  0.9950144
6381.30  0.9940979
6381.73  0.9955028
6382.16  0.9947959
6382.59  0.9969072
6383.01  0.9965842
6383.44  0.9961416
6383.87  0.9968176
6384.30  0.9960542
6384.73  0.9935921
6385.16  0.9950395
6385.59  0.9989321
6386.02  0.9995823
6386.45  0.9995207
6386.88  0.9987705
6387.31  1.000383
6387.74  1.000672
6388.17  0.9996029
6388.60  1.001273
6389.02  0.997735
6389.45  0.9985495
6389.88  1.000419
6390.31  1.000331
6390.74  0.9987005
6391.17  0.9982523
6391.60  1.000431
6392.03  0.9990689
6392.46  0.9993199
6392.89  1.000139
6393.32  0.9989194
6393.75  0.9995677
6394.18  0.9993665
6394.61  0.9999814
6395.03  1.001532
6395.46  1.000759
6395.89  0.9955486
6396.32  0.9949854
6396.75  1.000189
6397.18  0.9990794
6397.61  0.9960952
6398.04  0.9967619
6398.47  0.9941456
6398.90  0.9923443
6399.33  0.9910848
6399.76  0.9921747
6400.19  0.9931672
6400.62  0.9898827
6401.04  0.9940407
6401.47  0.9937829
6401.90  0.993287
6402.33  0.9944543
6402.76  0.992659
6403.19  0.9922285
6403.62  0.9915379
6404.05  0.9931912
6404.48  0.9893783
6404.91  0.9889114
6405.34  0.9866263
6405.77  0.9829487
6406.20  0.9832084
6406.63  0.9815462
6407.05  0.9788373
6407.48  0.9802132
6407.91  0.9799729
6408.34  0.9814714
6408.77  0.9839392
6409.20  0.9833615
6409.63  0.9873633
6410.06  0.9905661
6410.49  0.9924055
6410.92  0.9896989
6411.35  0.9906619
6411.78  0.9923192
6412.21  0.9909022
6412.63  0.9908604
6413.06  0.9920142
6413.49  0.9927297
6413.92  0.9916843
6414.35  0.9935868
6414.78  0.9933848
6415.21  0.9904297
6415.64  0.9891992
6416.07  0.9905771
6416.50  0.9948559
6416.93  0.9940311
6417.36  0.9943652
6417.79  0.9939039
6418.22  0.9938803
6418.64  0.9943697
6419.07  0.9955063
6419.50  0.9976889
6419.93  0.9968748
6420.36  0.9967656
6420.79  0.9992524
6421.22  0.9988487
6421.65  0.9975334
6422.08  0.9967158
6422.51  0.9951932
6422.94  0.9962153
6423.37  0.9975442
6423.80  0.9936486
6424.23  0.9938728
6424.65  0.9959923
6425.08  0.9960595
6425.51  0.9957184
6425.94  0.9971375
6426.37  0.9968337
6426.80  0.9961092
6427.23  0.9965197
6427.66  0.9999616
6428.09  0.9977776
6428.52  0.9937887
6428.95  0.9965713
6429.38  0.9971108
6429.81  0.9960906
6430.24  0.9958118
6430.66  0.9964166
6431.09  0.9932396
6431.52  0.9894591
6431.95  0.986598
6432.38  0.9891244
6432.81  0.9902546
6433.24  0.989787
6433.67  0.991699
6434.10  0.9955786
6434.53  0.9966924
6434.96  0.992781
6435.39  0.974927
6435.82  0.973121
6436.25  0.9937119
6436.67  1.001197
6437.10  1.000666
6437.53  1.000789
6437.96  1.000467
6438.39  0.9990942
6438.82  0.9961991
6439.25  0.9976629
6439.68  0.9963092
6440.11  0.9963105
6440.54  0.9967816
6440.97  0.9968292
6441.40  1.000728
6441.83  0.9947515
6442.25  0.9941435
6442.68  0.9940946
6443.11  0.991451
6443.54  0.9951639
6443.97  0.9955844
6444.40  0.998384
6444.83  0.9974079
6445.26  0.9962992
6445.69  0.9986743
6446.12  0.9960979
6446.55  0.9956499
6446.98  0.9970999
6447.41  0.9973356
6447.84  0.998825
6448.26  0.9966233
6448.69  0.9959035
6449.12  0.9940922
6449.55  0.9918039
6449.98  0.9882128
6450.41  0.9845424
6450.84  0.9872997
6451.27  0.9865934
6451.70  0.9852022
6452.13  0.9875341
6452.56  0.9869044
6452.99  0.9840507
6453.42  0.9851726
6453.85  0.9892437
6454.27  0.989397
6454.70  0.9919145
6455.13  0.9930313
6455.56  0.991585
6455.99  0.9888005
6456.42  0.9915683
6456.85  0.9942935
6457.28  0.9871877
6457.71  0.9777947
6458.14  0.9802313
6458.57  0.9835594
6459.00  0.9844809
6459.43  0.9893957
6459.86  0.9937825
6460.28  0.9916675
6460.71  0.9870219
6461.14  0.9882603
6461.57  0.9922001
6462.00  0.9889252
6462.43  0.98304
6462.86  0.9836668
6463.29  0.9840029
6463.72  0.9875418
6464.15  0.9944605
6464.58  0.9903075
6465.01  0.9826705
6465.44  0.9825736
6465.87  0.9855532
6466.29  0.9805132
6466.72  0.9766294
6467.15  0.980705
6467.58  0.979583
6468.01  0.9719995
6468.44  0.9638976
6468.87  0.9711581
6469.30  0.9852182
6469.73  0.9910837
6470.16  0.9932023
6470.59  0.992384
6471.02  0.9753461
6471.45  0.9607337
6471.87  0.9615226
6472.30  0.9731635
6472.73  0.9805838
6473.16  0.974233
6473.59  0.9505747
6474.02  0.9193517
6474.45  0.9204163
6474.88  0.9447863
6475.31  0.9700674
6475.74  0.9719166
6476.17  0.9704482
6476.60  0.983152
6477.03  0.9898573
6477.46  0.9835784
6477.88  0.9666569
6478.31  0.953283
6478.74  0.944012
6479.17  0.9568134
6479.60  0.9775296
6480.03  0.982464
6480.46  0.9846425
6480.89  0.9891909
6481.32  0.9828066
6481.75  0.9567875
6482.18  0.9335093
6482.61  0.9332916
6483.04  0.9537744
6483.47  0.9733055
6483.89  0.9818733
6484.32  0.9824492
6484.75  0.9831734
6485.18  0.9783455
6485.61  0.972887
6486.04  0.9769958
6486.47  0.9827249
6486.90  0.9856697
6487.33  0.9881664
6487.76  0.9832078
6488.19  0.9833666
6488.62  0.9915425
6489.05  0.9765688
6489.48  0.9476436
6489.90  0.9539386
6490.33  0.9846178
6490.76  0.9961476
6491.19  0.9789317
6491.62  0.9536303
6492.05  0.9566585
6492.48  0.9815705
6492.91  0.9942012
6493.34  0.992265
6493.77  0.9901981
6494.20  0.9731225
6494.63  0.948969
6495.06  0.9623622
6495.49  0.9888093
6495.91  0.9884635
6496.34  0.9778453
6496.77  0.9843913
6497.20  0.9923006
6497.63  0.9935133
6498.06  0.9940807
6498.49  0.9962999
6498.92  0.9995316
6499.35  0.9993324
6499.78  0.9990708
6500.21  0.9988325
6500.64  0.996757
6501.07  0.9947733
6501.49  0.9975191
6501.92  0.9991536
6502.35  0.9954712
6502.78  0.9876223
6503.21  0.9915369
6503.64  1.000931
6504.07  1.007573
6504.50  1.002907
6504.93  1.001926
6505.36  1.005035
6505.79  1.001327
6506.22  1.000522
6506.65  0.9961228
6507.08  0.9835274
6507.50  0.9796835
6507.93  0.9910738
6508.36  0.9974331
6508.79  0.9983822
6509.22  1.000122
6509.65  1.002024
6510.08  0.9983755
6510.51  0.9847276
6510.94  0.9735065
6511.37  0.9834142
6511.80  0.9934443
6512.23  0.9924058
6512.66  0.9829476
6513.09  0.9628465
6513.51  0.9443285
6513.94  0.9598522
6514.37  0.9720097
6514.80  0.9461774
6515.23  0.9057152
6515.66  0.9109573
6516.09  0.9527593
6516.52  0.9731123
6516.95  0.9767089
6517.38  0.9794408
6517.81  0.9697222
6518.24  0.9614955
6518.67  0.9750158
6519.10  0.9940166
6519.52  1.001575
6519.95  0.9983613
6520.38  0.9926286
6520.81  0.9912517
6521.24  0.9917134
6521.67  0.9889643
6522.10  0.9748765
6522.53  0.9596739
6522.96  0.9702362
6523.39  0.9898697
6523.82  0.9964422
6524.25  0.9949173
6524.68  0.9921353
6525.10  0.9934143
6525.53  0.9941002
6525.96  0.9913303
6526.39  0.9905565
6526.82  0.991976
6527.25  0.9895954
6527.68  0.9907799
6528.11  0.9926251
6528.54  0.9887402
6528.97  0.9866197
6529.40  0.9866864
6529.83  0.9879652
6530.26  0.987949
6530.69  0.9731162
6531.11  0.957967
6531.54  0.9723184
6531.97  0.9913707
6532.40  0.9864725
6532.83  0.977587
6533.26  0.9837046
6533.69  0.994961
6534.12  0.99898
6534.55  0.9982819
6534.98  0.9941082
6535.41  0.9897348
6535.84  0.9919321
6536.27  0.9974962
6536.70  1.003154
6537.12  1.004617
6537.55  1.001724
6537.98  0.9996332
6538.41  1.000437
6538.84  1.000132
6539.27  1.002904
6539.70  1.000077
6540.13  0.9979714
6540.56  0.9902552
6540.99  0.9793353
6541.42  0.9793642
6541.85  0.9817541
6542.28  0.964039
6542.71  0.9444183
6543.13  0.9646587
6543.56  0.9896175
6543.99  0.9915087
6544.42  0.9846941
6544.85  0.9824308
6545.28  0.9887778
6545.71  0.9881881
6546.14  0.9780476
6546.57  0.9694812
6547.00  0.9645875
6547.43  0.956893
6547.86  0.974704
6548.29  0.9930817
6548.72  0.9960699
6549.14  0.9949719
6549.57  0.9969054
6550.00  0.9927379
6550.43  0.9852462
6550.86  0.9671035
6551.29  0.9454439
6551.72  0.9573109
6552.15  0.9704019
6552.58  0.9718372
6553.01  0.9739805
6553.44  0.9765134
6553.87  0.9795812
6554.30  0.9787695
6554.72  0.9768816
6555.15  0.9709139
6555.58  0.958034
6556.01  0.9454432
6556.44  0.9451811
6556.87  0.9455474
6557.30  0.9419785
6557.73  0.937071
6558.16  0.9336584
6558.59  0.9190608
6559.02  0.9037092
6559.45  0.8873994
6559.88  0.878461
6560.31  0.8763946
6560.73  0.8683532
6561.16  0.8597737
6561.59  0.8505664
6562.02  0.8345795
6562.45  0.8132977
6562.88  0.7948201
6563.31  0.8035191
6563.74  0.8164559
6564.17  0.8234287
6564.60  0.8343812
6565.03  0.8510684
6565.46  0.8696077
6565.89  0.8876222
6566.32  0.9081566
6566.74  0.9268616
6567.17  0.9428408
6567.60  0.9540066
6568.03  0.9694102
6568.46  0.9844838
6568.89  0.9913374
6569.32  0.9896644
6569.75  0.9876469
6570.18  0.9851115
6570.61  0.966778
6571.04  0.9648943
6571.47  0.9850811
6571.90  0.9933398
6572.33  0.9935686
6572.75  0.9899378
6573.18  0.9721333
6573.61  0.9544039
6574.04  0.9719977
6574.47  0.9951845
6574.90  0.9988614
6575.33  0.999615
6575.76  1.001086
6576.19  1.003566
6576.62  1.001758
6577.05  1.00031
6577.48  0.9984819
6577.91  0.999584
6578.34  1.00513
6578.76  1.000066
6579.19  0.9944112
6579.62  0.9919218
6580.05  0.9957775
6580.48  0.9977018
6580.91  1.002007
6581.34  1.0035
6581.77  0.9972951
6582.20  0.9946368
6582.63  1.001528
6583.06  1.003139
6583.49  0.9985142
6583.92  0.9913391
6584.34  0.9875317
6584.77  0.9808914
6585.20  0.9712019
6585.63  0.9810032
6586.06  0.9948016
6586.49  1.000544
6586.92  1.001637
6587.35  1.002138
6587.78  1.006412
6588.21  1.007014
6588.64  1.004221
6589.07  1.004293
6589.50  1.004317
6589.93  1.005534
6590.35  1.007581
6590.78  1.006995
6591.21  1.006408
6591.64  0.9999405
6592.07  1.000194
6592.50  0.998414
6592.93  0.9910992
6593.36  0.9916514
6593.79  1.000233
6594.22  1.001773
6594.65  1.004496
6595.08  1.003577
6595.51  1.000776
6595.94  1.00289
6596.36  1.002739
6596.79  1.004429
6597.22  1.004797
6597.65  1.002655
6598.08  0.9997342
6598.51  1.001432
6598.94  1.004928
6599.37  1.004817
6599.80  1.000207
6600.23  1.000598
6600.66  0.9963381
6601.09  0.9945459
6601.52  0.9975968
6601.95  0.9957733
6602.37  0.994088
6602.80  0.9967181
6603.23  0.9974819
6603.66  0.9977525
6604.09  0.9938021
6604.52  0.9955234
6604.95  1.003011
6605.38  1.003582
6605.81  0.9985387
6606.24  1.000051
6606.67  1.000385
6607.10  0.9995682
6607.53  0.9969913
6607.96  0.9955568
6608.38  0.9954479
6608.81  0.9956671
6609.24  0.9936966
6609.67  0.9935734
6610.10  0.9991778
6610.53  0.9962252
6610.96  0.9913599
6611.39  0.9891855
6611.82  0.9953052
6612.25  0.99669
6612.68  0.9938493
6613.11  0.9927077
6613.54  0.9967699
6613.96  0.999548
6614.39  0.9988623
6614.82  0.9987821
6615.25  0.9968335
6615.68  0.9937577
6616.11  0.9940924
6616.54  0.9955592
6616.97  0.9965942
6617.40  0.995671
6617.83  1.000194
6618.26  0.9972
6618.69  0.9959298
6619.12  0.9915457
6619.55  0.9962581
6619.97  0.9983488
6620.40  1.000034
6620.83  0.9985334
6621.26  0.9966418
6621.69  0.9987211
6622.12  0.9994658
6622.55  0.9983983
6622.98  0.9979166
6623.41  0.9969217
6623.84  0.9919461
6624.27  0.9926091
6624.70  0.9961752
6625.13  0.9965216
6625.56  0.9983112
6625.98  0.9998091
6626.41  0.9991449
6626.84  0.999631
6627.27  0.9968033
6627.70  0.9935126
6628.13  0.994982
6628.56  0.9956898
6628.99  0.998795
6629.42  0.9997875
6629.85  1.000158
6630.28  0.9993597
6630.71  0.9960706
6631.14  0.9917995
6631.57  0.9890416
6631.99  0.9900166
6632.42  0.9909292
6632.85  0.9905115
6633.28  0.9896607
6633.71  0.9917919
6634.14  0.993843
6634.57  0.9941245
6635.00  0.9972212
6635.43  0.9990519
6635.86  0.9969617
6636.29  0.9936706
6636.72  0.9929482
6637.15  0.9917156
6637.58  0.9895132
6638.00  0.9922825
6638.43  0.992984
6638.86  0.9950436
6639.29  0.99515
6639.72  0.9945793
6640.15  0.9962474
6640.58  0.9947978
6641.01  0.9953251
6641.44  0.99151
6641.87  0.9903785
6642.30  0.9892922
6642.73  0.9927408
6643.16  0.9974426
6643.58  1.000869
6644.01  1.00066
6644.44  0.997371
6644.87  0.9954954
6645.30  0.992741
6645.73  0.9900658
6646.16  0.9920918
6646.59  0.9942046
6647.02  0.9937789
6647.45  0.993382
6647.88  0.9912724
6648.31  0.9901221
6648.74  0.9935645
6649.17  0.9915202
6649.59  0.9899207
6650.02  0.9898208
6650.45  0.9867601
6650.88  0.9851566
6651.31  0.9893312
6651.74  0.9873555
6652.17  0.9873718
6652.60  0.9830042
6653.03  0.9829472
6653.46  0.9770421
6653.89  0.9760073
6654.32  0.9766892
6654.75  0.9749702
6655.18  0.9724382
6655.60  0.9767141
6656.03  0.9752594
6656.46  0.9762521
6656.89  0.9763617
6657.32  0.9771859
6657.75  0.9793216
6658.18  0.9827263
6658.61  0.984632
6659.04  0.9827743
6659.47  0.9819653
6659.90  0.9783515
6660.33  0.9774557
6660.76  0.9822723
6661.19  0.9826933
6661.61  0.9854556
6662.04  0.982983
6662.47  0.9833149
6662.90  0.9906007
6663.33  0.9939914
6663.76  0.9912757
6664.19  0.9895926
6664.62  0.9923291
6665.05  0.9912806
6665.48  0.9943823
6665.91  0.9962932
6666.34  0.9970128
6666.77  0.9959379
6667.20  0.999423
6667.62  1.002607
6668.05  1.000809
6668.48  0.9997023
6668.91  0.9975328
6669.34  0.9976742
6669.77  0.9970561
6670.20  0.9977741
6670.63  0.9983488
6671.06  0.992555
6671.49  0.9924714
6671.92  0.9913639
6672.35  0.9925996
6672.78  0.9887214
6673.20  0.9878235
6673.63  0.9846206
6674.06  0.9817781
6674.49  0.9790509
6674.92  0.9761806
6675.35  0.9706938
6675.78  0.961221
6676.21  0.9553959
6676.64  0.9456345
6677.07  0.9330217
6677.50  0.9216291
6677.93  0.908031
6678.36  0.8911367
6678.79  0.8759727
6679.21  0.8678399
6679.64  0.8636675
6680.07  0.8687472
6680.50  0.8764669
6680.93  0.886583
6681.36  0.9016979
6681.79  0.9134452
6682.22  0.9268211
6682.65  0.9443684
6683.08  0.9544163
6683.51  0.9603389
6683.94  0.9643278
6684.37  0.9678177
6684.80  0.9699201
6685.22  0.9718882
6685.65  0.9746693
6686.08  0.9797881
6686.51  0.9845307
6686.94  0.9829916
6687.37  0.9849585
6687.80  0.9940912
6688.23  0.9915565
6688.66  0.9908821
6689.09  0.9895983
6689.52  0.98956
6689.95  0.985346
6690.38  0.9847015
6690.81  0.9885696
6691.23  0.9852511
6691.66  0.9832375
6692.09  0.9860641
6692.52  0.9874188
6692.95  0.9903275
6693.38  0.992471
6693.81  0.9942972
6694.24  0.9918764
6694.67  0.9940885
6695.10  0.9963937
6695.53  0.9960219
6695.96  0.9956194
6696.39  0.9993792
6696.81  0.9965838
6697.24  0.9956464
6697.67  0.9967443
6698.10  1.000681
6698.53  1.003079
6698.96  1.000915
6699.39  1.000407
6699.82  0.9994925
6700.25  1.00143
6700.68  1.003204
6701.11  1.000904
6701.54  1.000016
6701.97  0.9988813
6702.40  0.996541
6702.82  0.99853
6703.25  0.9961668
6703.68  0.9932541
6704.11  0.993672
6704.54  0.9980256
6704.97  0.9988307
6705.40  0.9991397
6705.83  0.993827
6706.26  0.9875582
6706.69  0.9952759
6707.12  1.000484
6707.55  0.9978638
6707.98  0.9911501
6708.41  0.9905488
6708.83  0.9902018
6709.26  0.9903321
6709.69  0.9886472
6710.12  0.98879
6710.55  0.9883407
6710.98  0.9907154
6711.41  0.9888386
6711.84  0.9867645
6712.27  0.9870509
6712.70  0.9890087
6713.13  0.9886456
6713.56  0.9902179
6713.99  0.9941195
6714.42  0.9942471
6714.84  0.9942134
6715.27  0.996961
6715.70  0.9952394
6716.13  0.9953499
6716.56  1.000121
6716.99  1.00029
6717.42  1.000248
6717.85  1.003119
6718.28  1.001211
6718.71  1.00064
6719.14  0.9970145
6719.57  0.992125
6720.00  0.9949605
6720.43  0.9990653
6720.85  1.003158
6721.28  1.0009
6721.71  0.9991326
6722.14  1.000145
6722.57  0.9952094
6723.00  0.9919832
6723.43  0.9914716
6723.86  0.9946896
6724.29  0.9952607
6724.72  0.9949749
6725.15  0.9924923
6725.58  0.9919445
6726.01  0.9923732
6726.43  0.9947498
6726.86  0.9912407
6727.29  0.9909003
6727.72  0.9901141
6728.15  0.988735
6728.58  0.9886762
6729.01  0.989041
6729.44  0.991186
6729.87  0.9883508
6730.30  0.988693
6730.73  0.9916531
6731.16  0.9929081
6731.59  0.9923607
6732.02  0.9895049
6732.44  0.9908997
6732.87  0.9972746
6733.30  0.9963102
6733.73  0.9927883
6734.16  0.9919545
6734.59  0.9913082
6735.02  0.9879246
6735.45  0.9883047
6735.88  0.9855022
6736.31  0.9890715
6736.74  0.9932349
6737.17  0.9931087
6737.60  0.993552
6738.03  0.9958041
6738.45  0.9918491
6738.88  0.9919459
6739.31  0.9952462
6739.74  0.9952201
6740.17  0.9943734
6740.60  0.9944703
6741.03  0.9979067
6741.46  0.9957944
6741.89  0.99636
6742.32  0.9973297
6742.75  0.9947533
6743.18  0.9912837
6743.61  0.9934248
6744.04  0.9941332
6744.46  0.9942694
6744.89  0.9969925
6745.32  0.9967169
6745.75  0.9959045
6746.18  0.9973019
6746.61  1.00012
6747.04  0.9995317
6747.47  0.9991782
6747.90  1.001464
6748.33  0.9963881
6748.76  0.9972512
6749.19  1.001284
6749.62  0.9993216
6750.05  0.9950143
6750.47  0.995299
6750.90  0.9979592
6751.33  0.9681535
