3942.53  0.9903542
3943.09  1.004093
3943.66  1.005011
3944.23  0.9960213
3944.80  0.9974052
3945.37  1.000129
3945.94  1.002738
3946.51  1.002261
3947.08  0.9944311
3947.65  0.9939467
3948.22  0.9967027
3948.79  1.000536
3949.36  1.003359
3949.93  1.001607
3950.50  1.002823
3951.07  0.9984037
3951.64  1.002337
3952.21  1.008228
3952.78  1.001622
3953.35  0.9993493
3953.92  0.9997827
3954.49  0.9967279
3955.06  0.9943531
3955.63  0.9935806
3956.20  0.9918324
3956.77  0.9956013
3957.34  1.000805
3957.91  1.007923
3958.48  1.011641
3959.05  1.005427
3959.62  1.002222
3960.19  1.003499
3960.76  1.005823
3961.33  1.003475
3961.90  0.9949498
3962.47  0.9959946
3963.04  0.9841537
3963.61  0.9750369
3964.18  0.954831
3964.75  0.9139163
3965.32  0.9055897
3965.89  0.9335014
3966.46  0.9308935
3967.03  0.9065363
3967.60  0.8396997
3968.17  0.7258689
3968.74  0.6274886
3969.31  0.5907618
3969.88  0.56766
3970.45  0.5799246
3971.02  0.6534966
3971.59  0.7661822
3972.16  0.8519555
3972.73  0.9087515
3973.30  0.9361485
3973.87  0.9508382
3974.43  0.9634961
3975.00  0.9749454
3975.57  0.9856694
3976.14  0.9917052
3976.71  0.9964718
3977.28  1.000836
3977.85  1.000957
3978.42  1.001723
3978.99  1.003118
3979.56  0.9996352
3980.13  1.001565
3980.70  1.003269
3981.27  1.006316
3981.84  1.005776
3982.41  1.001752
3982.98  1.003003
3983.55  1.004565
3984.12  1.003788
3984.69  1.005482
3985.26  1.004188
3985.83  1.004619
3986.40  1.000025
3986.97  1.000239
3987.54  1.00187
3988.11  1.00149
3988.68  0.9998938
3989.25  0.9989291
3989.82  0.9989817
3990.39  1.003653
3990.96  1.004123
3991.53  1.000879
3992.10  1.001474
3992.67  0.984524
3993.24  0.993234
3993.81  0.9943715
3994.38  0.9826715
3994.95  0.9719182
3995.52  0.968473
3996.09  0.9820994
3996.66  0.993924
3997.23  1.00067
3997.80  0.9990074
3998.37  0.9925638
3998.94  0.9957671
3999.51  0.9913109
4000.08  0.9933324
4000.65  0.9970289
4001.22  0.9966779
4001.79  0.9983177
4002.36  0.9915259
4002.93  0.9905478
4003.50  0.9941603
4004.07  0.9999225
4004.64  0.9940717
4005.21  0.9899324
4005.78  0.9923894
4006.34  0.995426
4006.91  0.9951643
4007.48  0.9925087
4008.05  0.9825053
4008.62  0.9658147
4009.19  0.9348409
4009.76  0.9262545
4010.33  0.9625782
4010.90  0.9868112
4011.47  0.9906514
4012.04  0.9898037
4012.61  0.9929822
4013.18  0.9963361
4013.75  0.995382
4014.32  0.9945591
4014.89  0.9938145
4015.46  0.9933079
4016.03  0.9997572
4016.60  0.9980882
4017.17  1.000402
4017.74  1.001781
4018.31  0.9975896
4018.88  0.9998626
4019.45  0.9963197
4020.02  0.9951311
4020.59  0.9930175
4021.16  0.9943232
4021.73  0.988899
4022.30  0.9888391
4022.87  0.9863786
4023.44  0.9799228
4024.01  0.9672259
4024.58  0.9504907
4025.15  0.9281757
4025.72  0.8870243
4026.29  0.8333547
4026.86  0.847345
4027.43  0.9137692
4028.00  0.9642639
4028.57  0.9778432
4029.14  0.9799303
4029.71  0.9910406
4030.28  0.996515
4030.85  0.9992472
4031.42  0.9988087
4031.99  0.9954688
4032.56  0.9948068
4033.13  0.9952376
4033.70  0.9960488
4034.27  0.9947162
4034.84  0.9893757
4035.41  0.9906127
4035.98  0.9928453
4036.55  0.9960462
4037.12  0.9965051
4037.68  0.9995362
4038.25  0.9966311
4038.82  0.9965935
4039.39  1.000801
4039.96  0.9971211
4040.53  0.9967667
4041.10  0.9918687
4041.67  0.9909343
4042.24  0.9917112
4042.81  0.999831
4043.38  0.9991896
4043.95  0.9952589
4044.52  0.9982919
4045.09  1.001456
4045.66  1.001914
4046.23  0.9991605
4046.80  1.002525
4047.37  1.005715
4047.94  1.001402
4048.51  0.9960105
4049.08  0.9974051
4049.65  1.000308
4050.22  0.9982665
4050.79  0.9986655
4051.36  0.998932
4051.93  0.9973345
4052.50  0.9973625
4053.07  0.997739
4053.64  0.9981949
4054.21  0.9988242
4054.78  1.001079
4055.35  1.000493
4055.92  1.00084
4056.49  1.000723
4057.06  0.9973627
4057.63  0.9979289
4058.20  1.001617
4058.77  1.001383
4059.34  1.002111
4059.91  1.003124
4060.48  1.004797
4061.05  1.001032
4061.62  1.001065
4062.19  1.001894
4062.76  1.006452
4063.33  1.005347
4063.90  1.001244
4064.47  1.004599
4065.04  1.004942
4065.61  1.003264
4066.18  0.9983652
4066.75  0.9926673
4067.32  0.9881935
4067.89  0.9939021
4068.46  0.9988284
4069.02  1.004291
4069.59  1.002862
4070.16  1.001114
4070.73  1.000985
4071.30  1.004389
4071.87  0.9983386
4072.44  0.9998708
4073.01  1.002736
4073.58  1.002597
4074.15  1.004395
4074.72  1.000185
4075.29  0.9954101
4075.86  0.9941786
4076.43  0.992872
4077.00  0.9930798
4077.57  1.000208
4078.14  1.001549
4078.71  1.000821
4079.28  1.002303
4079.85  1.003716
4080.42  1.001494
4080.99  1.000042
4081.56  0.9979482
4082.13  0.9990575
4082.70  1.00127
4083.27  1.002672
4083.84  1.00006
4084.41  1.00149
4084.98  1.002064
4085.55  1.00133
4086.12  1.003243
4086.69  1.002796
4087.26  1.004225
4087.83  1.004091
4088.40  1.003018
4088.97  1.001315
4089.54  1.000699
4090.11  0.9994466
4090.68  0.9985039
4091.25  0.9983895
4091.82  0.9988867
4092.39  0.9994792
4092.96  0.9971611
4093.53  0.99012
4094.10  0.9909136
4094.67  0.9903187
4095.24  0.9887783
4095.81  0.9870787
4096.38  0.9840109
4096.95  0.9731371
4097.52  0.9615903
4098.09  0.9531182
4098.66  0.9382909
4099.23  0.9119161
4099.80  0.8731942
4100.37  0.8088402
4100.93  0.7130593
4101.50  0.6078177
4102.07  0.562661
4102.64  0.613657
4103.21  0.7213171
4103.78  0.8193623
4104.35  0.8835492
4104.92  0.9196592
4105.49  0.943368
4106.06  0.9597503
4106.63  0.9643343
4107.20  0.9754676
4107.77  0.9873431
4108.34  0.9858492
4108.91  0.9891785
4109.48  0.9945933
4110.05  0.9943756
4110.62  0.9947307
4111.19  0.9966123
4111.76  0.9970451
4112.33  0.9986979
4112.90  0.9997107
4113.47  1.003706
4114.04  1.00426
4114.61  1.003972
4115.18  1.00115
4115.75  1.004656
4116.32  1.004727
4116.89  1.003561
4117.46  1.007267
4118.03  1.006596
4118.60  1.001047
4119.17  0.9969585
4119.74  0.9900833
4120.31  0.9702251
4120.88  0.9423178
4121.45  0.9417082
4122.02  0.9640375
4122.59  0.9835651
4123.16  0.9916176
4123.73  0.9934333
4124.30  0.9970397
4124.87  1.000701
4125.44  0.9976267
4126.01  0.996748
4126.58  0.9915994
4127.15  0.9718388
4127.72  0.9221587
4128.29  0.8757032
4128.86  0.8956705
4129.43  0.9415908
4130.00  0.954595
4130.57  0.9156696
4131.14  0.8726505
4131.71  0.8954729
4132.27  0.9551824
4132.84  0.9844682
4133.41  0.994228
4133.98  0.9991771
4134.55  1.00049
4135.12  1.003278
4135.69  1.00208
4136.26  1.000793
4136.83  0.9993024
4137.40  1.002195
4137.97  1.001141
4138.54  0.9979829
4139.11  0.9936632
4139.68  0.9928038
4140.25  0.9943742
4140.82  0.9960101
4141.39  0.9916229
4141.96  0.9847441
4142.53  0.9739611
4143.10  0.9514264
4143.67  0.9134104
4144.24  0.8991417
4144.81  0.923264
4145.38  0.9521253
4145.95  0.9714658
4146.52  0.9844031
4147.09  0.9888272
4147.66  0.9883225
4148.23  0.9924284
4148.80  0.9937893
4149.37  0.9937337
4149.94  0.9921616
4150.51  0.9895815
4151.08  0.9904892
4151.65  0.9932985
4152.22  0.9903316
4152.79  0.9833953
4153.36  0.9766023
4153.93  0.9796893
4154.50  0.9924308
4155.07  0.9966052
4155.64  0.9992021
4156.21  0.9993356
4156.78  0.9968403
4157.35  0.9962035
4157.92  0.9962879
4158.49  1.000208
4159.06  0.9969007
4159.63  0.99885
4160.20  0.9993105
4160.77  0.9953883
4161.34  0.9940899
4161.91  0.9876077
4162.48  0.9760776
4163.05  0.969848
4163.61  0.9781688
4164.18  0.9855052
4164.75  0.9929393
4165.32  0.9919593
4165.89  0.9938633
4166.46  0.995648
4167.03  0.9931457
4167.60  0.9941418
4168.17  0.9913744
4168.74  0.981503
4169.31  0.9724791
4169.88  0.9811321
4170.45  0.9896189
4171.02  0.9925709
4171.59  0.9931321
4172.16  0.9897779
4172.73  0.9908143
4173.30  0.9782876
4173.87  0.9615628
4174.44  0.9681471
4175.01  0.9852304
4175.58  0.9919018
4176.15  0.9924162
4176.72  0.9920352
4177.29  0.9873684
4177.86  0.9840668
4178.43  0.9737805
4179.00  0.9624198
4179.57  0.9681026
4180.14  0.9845883
4180.71  0.9949923
4181.28  0.9976406
4181.85  0.9969294
4182.42  0.9969036
4182.99  0.9987262
4183.56  0.9994798
4184.13  0.9985663
4184.70  0.9969507
4185.27  0.9962243
4185.84  1.000601
4186.41  1.001138
4186.98  0.9976238
4187.55  0.9972548
4188.12  0.9948791
4188.69  0.9945717
4189.26  0.99571
4189.83  0.9934803
4190.40  0.9941989
4190.97  0.9953209
4191.54  0.9978753
4192.11  0.996622
4192.68  0.9988984
4193.25  0.9993213
4193.82  0.9957989
4194.39  0.9937012
4194.96  0.9981923
4195.52  0.998393
4196.09  0.996897
4196.66  0.9989877
4197.23  0.9963521
4197.80  0.9957927
4198.37  0.997068
4198.94  0.9967746
4199.51  0.9956604
4200.08  0.9974182
4200.65  0.9959293
4201.22  0.9957178
4201.79  0.997079
4202.36  0.9986761
4202.93  0.9995992
4203.50  0.9998265
4204.07  0.9995501
4204.64  1.002079
4205.21  1.001849
4205.78  0.9996812
4206.35  1.00032
4206.92  1.002672
4207.49  1.001079
4208.06  0.9977437
4208.63  1.000967
4209.20  1.003122
4209.77  0.99705
4210.34  0.9965256
4210.91  1.000414
4211.48  1.000528
4212.05  1.00018
4212.62  1.00153
4213.19  1.00246
4213.76  1.001194
4214.33  1.000034
4214.90  0.999191
4215.47  1.000171
4216.04  1.001001
4216.61  0.9977275
4217.18  0.9939046
4217.75  0.997311
4218.32  0.996646
4218.89  0.9964938
4219.46  0.9999186
4220.03  0.9979625
4220.60  1.002572
4221.17  1.002334
4221.74  0.9995673
4222.31  0.9960683
4222.88  0.9983445
4223.45  0.9999814
4224.02  1.001374
4224.59  1.002463
4225.16  1.006115
4225.73  1.002333
4226.30  1.002788
4226.86  1.003833
4227.43  0.9966028
4228.00  0.995851
4228.57  0.9983255
4229.14  1.000854
4229.71  1.003137
4230.28  1.005178
4230.85  0.9996572
4231.42  0.9964383
4231.99  0.9948971
4232.56  0.9756985
4233.13  0.949669
4233.70  0.9481613
4234.27  0.9709516
4234.84  0.9898974
4235.41  0.9996724
4235.98  1.00201
4236.55  1.003401
4237.12  0.9991566
4237.69  0.9973277
4238.26  0.9994677
4238.83  0.9989589
4239.40  1.003587
4239.97  1.003908
4240.54  1.002576
4241.11  0.9987998
4241.68  0.9946644
4242.25  0.9931548
4242.82  0.9928135
4243.39  0.9956476
4243.96  1.002711
4244.53  1.004324
4245.10  1.000718
4245.67  1.005324
4246.24  1.0036
4246.81  1.003275
4247.38  0.9986843
4247.95  1.000809
4248.52  1.004166
4249.09  1.002533
4249.66  1.002858
4250.23  1.001563
4250.80  1.001378
4251.37  1.004205
4251.94  1.004527
4252.51  1.000617
4253.08  1.001591
4253.65  0.9980358
4254.22  0.9941918
4254.79  0.9968699
4255.36  1.002676
4255.93  1.001416
4256.50  1.00224
4257.07  1.001336
4257.64  1.000906
4258.20  0.9983538
4258.77  0.997245
4259.34  0.9996664
4259.91  1.000195
4260.48  1.002484
4261.05  1.004659
4261.62  1.003393
4262.19  0.999563
4262.76  1.001974
4263.33  1.000516
4263.90  0.9992354
4264.47  1.003365
4265.04  1.002273
4265.61  0.9970341
4266.18  0.9874669
4266.75  0.9522811
4267.32  0.9233882
4267.89  0.9284112
4268.46  0.9642376
4269.03  0.9849776
4269.60  0.9912484
4270.17  0.9971004
4270.74  0.9991323
4271.31  1.001996
4271.88  1.001048
4272.45  0.9985427
4273.02  0.9972103
4273.59  0.9930333
4274.16  0.9931256
4274.73  1.0006
4275.30  0.9997842
4275.87  0.9989745
4276.44  0.9981381
4277.01  0.9967694
4277.58  0.9950658
4278.15  0.9972972
4278.72  0.9978575
4279.29  0.9947266
4279.86  0.9987451
4280.43  1.002502
4281.00  1.004839
4281.57  0.9993643
4282.14  0.997433
4282.71  0.9951971
4283.28  0.9955636
4283.85  0.9975142
4284.42  1.00009
4284.99  0.9971672
4285.56  0.9974601
4286.13  1.000869
4286.70  0.9999132
4287.27  1.003409
4287.84  1.00644
4288.41  1.00338
4288.98  1.004338
4289.55  1.002436
4290.11  1.002735
4290.68  1.005693
4291.25  1.004133
4291.82  1.002674
4292.39  1.001985
4292.96  1.002079
4293.53  1.000744
4294.10  0.9923726
4294.67  0.9884812
4295.24  0.9963527
4295.81  0.999256
4296.38  0.9992031
4296.95  1.000343
4297.52  1.005612
4298.09  1.009611
4298.66  1.00964
4299.23  1.00748
4299.80  1.006121
4300.37  1.004598
4300.94  1.006517
4301.51  1.003926
4302.08  0.9988858
4302.65  0.9912249
4303.22  0.982437
4303.79  0.9842806
4304.36  0.9939705
4304.93  1.001912
4305.50  1.004736
4306.07  1.005383
4306.64  1.003898
4307.21  1.001382
4307.78  1.001148
4308.35  0.9990993
4308.92  1.001706
4309.49  1.003927
4310.06  1.007537
4310.63  1.009256
4311.20  1.010621
4311.77  1.008231
4312.34  1.004779
4312.91  1.001812
4313.48  0.9993559
4314.05  0.9973484
4314.62  0.9986177
4315.19  0.9987359
4315.76  1.001231
4316.33  1.005072
4316.90  1.003537
4317.47  1.000141
4318.04  0.9949796
4318.61  0.9960305
4319.18  1.000339
4319.75  0.9982466
4320.32  0.9978828
4320.89  1.003827
4321.45  1.005676
4322.02  1.006322
4322.59  1.006724
4323.16  1.010065
4323.73  1.007235
4324.30  1.006709
4324.87  1.003524
4325.44  0.9999509
4326.01  1.001377
4326.58  1.00454
4327.15  1.006783
4327.72  1.006258
4328.29  1.006945
4328.86  1.007018
4329.43  1.007761
4330.00  1.004141
4330.57  0.9974776
4331.14  0.9964101
4331.71  0.9996673
4332.28  0.999692
4332.85  0.9965287
4333.42  0.9957417
4333.99  0.9941861
4334.56  0.9902845
4335.13  0.9849345
4335.70  0.9777625
4336.27  0.9695591
4336.84  0.9554519
4337.41  0.9391518
4337.98  0.9114266
4338.55  0.8710633
4339.12  0.8027105
4339.69  0.7040454
4340.26  0.6177611
4340.83  0.5990562
4341.40  0.6550745
4341.97  0.7475358
4342.54  0.8336826
4343.11  0.8938997
4343.68  0.9244304
4344.25  0.9439771
4344.82  0.9584202
4345.39  0.9694024
4345.96  0.9759993
4346.53  0.9827994
4347.10  0.9872119
4347.67  0.9859698
4348.24  0.9835532
4348.81  0.9862195
4349.38  0.9888216
4349.95  0.9890392
4350.52  0.9871827
4351.09  0.977409
4351.66  0.9593872
4352.23  0.9552335
4352.79  0.9700449
4353.36  0.9891697
4353.93  0.9988227
4354.50  0.9991634
4355.07  1.004779
4355.64  1.004149
4356.21  1.002349
4356.78  1.001572
4357.35  0.9967965
4357.92  0.9967955
4358.49  0.9998158
4359.06  1.004612
4359.63  1.00482
4360.20  1.001202
4360.77  0.9996587
4361.34  0.9952291
4361.91  0.9948883
4362.48  0.9963265
4363.05  0.9979767
4363.62  1.001571
4364.19  1.002024
4364.76  0.9998921
4365.33  0.9987295
4365.90  1.000808
4366.47  1.00001
4367.04  0.997615
4367.61  0.9961153
4368.18  0.996919
4368.75  0.9965622
4369.32  0.9959514
4369.89  0.9993541
4370.46  0.9979904
4371.03  0.9955921
4371.60  0.9962603
4372.17  0.9952649
4372.74  0.9952688
4373.31  0.9984235
4373.88  1.001244
4374.45  0.9996076
4375.02  1.000031
4375.59  1.001228
4376.16  1.004278
4376.73  1.002924
4377.30  1.000892
4377.87  0.998688
4378.44  0.9983006
4379.01  0.9992398
4379.58  0.9969511
4380.15  0.9986354
4380.72  1.003305
4381.29  1.004427
4381.86  0.998048
4382.43  0.9934897
4383.00  0.9948007
4383.57  0.9907961
4384.14  0.98418
4384.70  0.9739361
4385.27  0.9657804
4385.84  0.9672207
4386.41  0.971623
4386.98  0.9549012
4387.55  0.9166436
4388.12  0.8932714
4388.69  0.9133071
4389.26  0.9506289
4389.83  0.9720205
4390.40  0.9731635
4390.97  0.9766169
4391.54  0.9824187
4392.11  0.9897576
4392.68  0.9921746
4393.25  0.9955513
4393.82  0.9961511
4394.39  0.9905149
4394.96  0.9849273
4395.53  0.9842998
4396.10  0.9834472
4396.67  0.9911069
4397.24  0.9981723
4397.81  1.000875
4398.38  0.9995026
4398.95  0.9976478
4399.52  0.996226
4400.09  0.9952159
4400.66  0.9940632
4401.23  0.9939184
4401.80  0.9957502
4402.37  0.9977019
4402.94  0.9971154
4403.51  0.99818
4404.08  0.9972624
4404.65  0.9953741
4405.22  0.9965187
4405.79  1.000689
4406.36  1.001024
4406.93  0.9990586
4407.50  0.9975728
4408.07  0.996972
4408.64  0.9967124
4409.21  0.9961126
4409.78  0.9989409
4410.35  0.9981455
4410.92  0.9941005
4411.49  0.9926602
4412.06  0.9955273
4412.63  0.9981507
4413.20  0.9961727
4413.77  0.9943663
4414.34  0.9935113
4414.91  0.9882557
4415.48  0.9902127
4416.04  0.9851068
4416.61  0.9746531
4417.18  0.9756282
4417.75  0.9819903
4418.32  0.9916244
4418.89  0.9892056
4419.46  0.9792945
4420.03  0.9812529
4420.60  0.9865133
4421.17  0.9929957
4421.74  0.9994344
4422.31  0.9990041
4422.88  0.9978647
4423.45  1.00128
4424.02  0.9989001
4424.59  0.9987724
4425.16  0.9941903
4425.73  0.9915051
4426.30  0.9905836
4426.87  0.9906805
4427.44  0.9951379
4428.01  0.9963227
4428.58  0.9979846
4429.15  0.9935916
4429.72  0.9919744
4430.29  0.9889925
4430.86  0.9834055
4431.43  0.9833741
4432.00  0.9897194
4432.57  0.9909625
4433.14  0.9888822
4433.71  0.9917178
4434.28  0.9968745
4434.85  0.9973886
4435.42  0.9991581
4435.99  0.9939357
4436.56  0.9874417
4437.13  0.9778184
4437.70  0.974342
4438.27  0.9762627
4438.84  0.9902897
4439.41  1.000371
4439.98  1.001853
4440.55  1.001609
4441.12  1.000206
4441.69  0.9987457
4442.26  0.9975259
4442.83  0.9977968
4443.40  0.9983317
4443.97  1.000134
4444.54  0.9988807
4445.11  1.001923
4445.68  1.000208
4446.25  0.9945141
4446.82  0.9888436
4447.38  0.9885062
4447.95  0.992624
4448.52  0.9959497
4449.09  0.9970809
4449.66  0.9988886
4450.23  0.9997047
4450.80  0.9978376
4451.37  0.992769
4451.94  0.9920393
4452.51  0.9953857
4453.08  0.9961781
4453.65  1.000929
4454.22  1.003101
4454.79  0.9998478
4455.36  0.9991756
4455.93  1.000246
4456.50  1.00012
4457.07  1.000841
4457.64  1.005462
4458.21  1.008815
4458.78  1.008474
4459.35  1.006752
4459.92  1.006882
4460.49  1.006004
4461.06  1.002371
4461.63  1.002461
4462.20  1.003937
4462.77  1.001217
4463.34  0.9973541
4463.91  0.9960448
4464.48  0.997413
4465.05  1.000803
4465.62  1.004926
4466.19  1.005478
4466.76  1.004166
4467.33  1.005091
4467.90  1.002679
4468.47  0.9983405
4469.04  0.9939367
4469.61  0.9853893
4470.18  0.9616603
4470.75  0.9048207
4471.32  0.8364321
4471.89  0.821051
4472.46  0.8743568
4473.03  0.9422635
4473.60  0.9831651
4474.17  0.9973186
4474.74  0.9999899
4475.31  1.000665
4475.88  1.002936
4476.45  1.005164
4477.02  1.005572
4477.59  1.005313
4478.16  1.003398
4478.73  1.002086
4479.29  0.9906895
4479.86  0.9582453
4480.43  0.8794602
4481.00  0.7981228
4481.57  0.7882372
4482.14  0.8587546
4482.71  0.9394926
4483.28  0.9812074
4483.85  0.9973763
4484.42  1.002824
4484.99  1.005393
4485.56  1.008555
4486.13  1.007621
4486.70  1.004538
4487.27  1.00521
4487.84  1.003822
4488.41  1.000648
4488.98  0.9982272
4489.55  1.001111
4490.12  1.003889
4490.69  0.9996765
4491.26  0.9986645
4491.83  0.998507
4492.40  1.003395
4492.97  1.00824
4493.54  1.009419
4494.11  1.009249
4494.68  1.011662
4495.25  1.014055
4495.82  1.011965
4496.39  1.012482
4496.96  1.010983
4497.53  1.011335
4498.10  1.010511
4498.67  1.011426
4499.24  1.008201
4499.81  1.008787
4500.38  1.004256
4500.95  1.003864
4501.52  1.005532
4502.09  1.007649
4502.66  1.009845
4503.23  1.007505
4503.80  1.00719
4504.37  1.009037
4504.94  1.008011
4505.51  1.008566
4506.08  1.005938
4506.65  1.004292
4507.22  0.998584
4507.79  0.9854025
4508.36  0.9826092
4508.93  0.9895128
4509.50  0.9974043
4510.07  1.007224
4510.63  1.009328
4511.20  1.01248
4511.77  1.007906
4512.34  1.002372
4512.91  1.002156
4513.48  1.001432
4514.05  1.001374
4514.62  0.9933775
4515.19  0.988904
4515.76  0.9929456
4516.33  1.00076
4516.90  1.007074
4517.47  1.009104
4518.04  1.00801
4518.61  1.00664
4519.18  1.003328
4519.75  0.9970031
4520.32  0.9943104
4520.89  0.9940326
4521.46  0.9914712
4522.03  0.9797312
4522.60  0.9714029
4523.17  0.9774321
4523.74  0.9901218
4524.31  0.9939585
4524.88  0.991403
4525.45  0.9943712
4526.02  1.002216
4526.59  1.006199
4527.16  1.006786
4527.73  1.007474
4528.30  1.00232
4528.87  0.9942257
4529.44  0.9971965
4530.01  0.9995264
4530.58  1.004204
4531.15  1.008031
4531.72  1.006137
4532.29  1.007923
4532.86  1.003591
4533.43  1.000387
4534.00  1.00054
4534.57  1.003378
4535.14  1.006634
4535.71  1.007015
4536.28  1.009496
4536.85  1.008863
4537.42  1.008667
4537.99  1.011456
4538.56  1.009256
4539.13  1.009803
4539.70  1.010645
4540.27  1.006552
4540.84  1.001969
4541.41  1.000036
4541.97  1.001041
4542.54  1.005699
4543.11  1.005794
4543.68  1.004286
4544.25  1.007441
4544.82  1.00855
4545.39  1.007923
4545.96  1.007149
4546.53  1.007052
4547.10  1.006687
4547.67  1.001735
4548.24  0.9856889
4548.81  0.9646288
4549.38  0.9504494
4549.95  0.9555566
4550.52  0.9768333
4551.09  0.9912201
4551.66  0.9885747
4552.23  0.9756714
4552.80  0.9712135
4553.37  0.981501
4553.94  0.9909679
4554.51  0.9931512
4555.08  0.9880505
4555.65  0.9779001
4556.22  0.9816183
4556.79  0.9889027
4557.36  0.9937658
4557.93  0.9944586
4558.50  0.9898358
4559.07  0.9900407
4559.64  0.9964238
4560.21  1.00265
4560.78  1.005604
4561.35  1.006013
4561.92  1.005067
4562.49  1.00316
4563.06  1.004425
4563.63  1.004912
4564.20  1.002135
4564.77  1.000449
4565.34  1.00251
4565.91  1.002036
4566.48  1.001005
4567.05  0.9938818
4567.62  0.9825984
4568.19  0.9841191
4568.76  0.9911185
4569.33  0.9983285
4569.90  1.002336
4570.47  1.004357
4571.04  1.003888
4571.61  0.9994352
4572.18  0.9990233
4572.75  1.000169
4573.32  0.9988012
4573.88  0.9973851
4574.45  0.9901257
4575.02  0.9895974
4575.59  0.9904422
4576.16  0.9903414
4576.73  0.9917261
4577.30  0.9969409
4577.87  1.001463
4578.44  0.9984506
4579.01  0.9990212
4579.58  0.9968582
4580.15  0.9963086
4580.72  0.9972969
4581.29  0.9993333
4581.86  0.9972263
4582.43  0.9854769
4583.00  0.9656039
4583.57  0.947661
4584.14  0.9520258
4584.71  0.9708534
4585.28  0.9917332
4585.85  0.9984913
4586.42  1.002668
4586.99  1.001215
4587.56  0.9946913
4588.13  0.9903458
4588.70  0.9905178
4589.27  0.994917
4589.84  0.9944023
4590.41  0.9935233
4590.98  0.9960634
4591.55  0.9948776
4592.12  0.99682
4592.69  0.9980226
4593.26  0.9981073
4593.83  0.9997593
4594.40  1.00015
4594.97  0.9974164
4595.54  0.9945223
4596.11  0.9938028
4596.68  0.9940673
4597.25  0.9986758
4597.82  0.999047
4598.39  0.9972289
4598.96  1.000037
4599.53  1.003718
4600.10  0.9983476
4600.67  0.9943871
4601.24  0.9886382
4601.81  0.9856668
4602.38  0.9891322
4602.95  0.9937416
4603.52  0.9961477
4604.09  0.9956235
4604.66  0.9962019
4605.22  0.9969517
4605.79  0.9943346
4606.36  0.9903859
4606.93  0.9850121
4607.50  0.9870415
4608.07  0.9912599
4608.64  0.9964414
4609.21  0.9978437
4609.78  0.9963461
4610.35  0.9990376
4610.92  1.001858
4611.49  0.9987635
4612.06  0.9987059
4612.63  0.999242
4613.20  0.9943945
4613.77  0.992259
4614.34  0.9915501
4614.91  0.9945359
4615.48  0.997752
4616.05  0.9976705
4616.62  0.9987128
4617.19  0.9984951
4617.76  0.9966535
4618.33  0.9935517
4618.90  0.9905854
4619.47  0.9898928
4620.04  0.987393
4620.61  0.9869385
4621.18  0.9894195
4621.75  0.9919547
4622.32  0.9964439
4622.89  0.9990526
4623.46  0.9993672
4624.03  1.000268
4624.60  0.9991993
4625.17  0.997394
4625.74  0.9956856
4626.31  0.9951863
4626.88  0.9985519
4627.45  0.9980415
4628.02  0.9909001
4628.59  0.9775831
4629.16  0.9687325
4629.73  0.9633057
4630.30  0.9628094
4630.87  0.969975
4631.44  0.981629
4632.01  0.99059
4632.58  0.9929134
4633.15  0.9938139
4633.72  0.9914502
4634.29  0.9833311
4634.86  0.9834801
4635.43  0.9831548
4636.00  0.9859771
4636.56  0.9915259
4637.13  0.9929568
4637.70  0.993292
4638.27  0.9930829
4638.84  0.9925686
4639.41  0.9919764
4639.98  0.9929389
4640.55  0.9919066
4641.12  0.9911081
4641.69  0.9867028
4642.26  0.9852864
4642.83  0.9841603
4643.40  0.9845509
4643.97  0.991442
4644.54  0.9942118
4645.11  0.9986395
4645.68  0.9993901
4646.25  0.9986886
4646.82  0.998022
4647.39  0.9964572
4647.96  0.9938081
4648.53  0.9941834
4649.10  0.9868197
4649.67  0.9876418
4650.24  0.990813
4650.81  0.9932453
4651.38  0.9959999
4651.95  0.9973108
4652.52  0.9978203
4653.09  0.9991199
4653.66  0.9974964
4654.23  0.9990301
4654.80  0.9971398
4655.37  0.9947124
4655.94  0.9953013
4656.51  0.9929208
4657.08  0.9931282
4657.65  0.9972492
4658.22  0.9980932
4658.79  0.9997385
4659.36  1.001612
4659.93  1.001206
4660.50  0.9981095
4661.07  0.9972096
4661.64  0.9940318
4662.21  0.9892341
4662.78  0.9845822
4663.35  0.9822482
4663.92  0.988745
4664.49  0.9961868
4665.06  0.9965332
4665.63  0.9950091
4666.20  0.9956889
4666.77  0.9945664
4667.34  0.9940785
4667.91  0.9957716
4668.47  0.9938558
4669.04  0.9974803
4669.61  0.9987194
4670.18  0.9986328
4670.75  1.001067
4671.32  0.9993072
4671.89  1.001143
4672.46  1.000267
4673.03  0.9978088
4673.60  0.9973728
4674.17  0.9987909
4674.74  0.9987718
4675.31  0.9959247
4675.88  0.997045
4676.45  0.9959984
4677.02  0.9947875
4677.59  0.996498
4678.16  0.9983203
4678.73  0.9990886
4679.30  0.9977871
4679.87  0.9974731
4680.44  0.9970098
4681.01  0.9972628
4681.58  1.00003
4682.15  1.00053
4682.72  0.9989241
4683.29  0.9996963
4683.86  1.000987
4684.43  0.9995645
4685.00  0.9992953
4685.57  1.001243
4686.14  1.001276
4686.71  1.000462
4687.28  1.001603
4687.85  1.001221
4688.42  1.001171
4688.99  1.00222
4689.56  1.000578
4690.13  1.001456
4690.70  1.001903
4691.27  1.002454
4691.84  1.003894
4692.41  0.9994208
4692.98  1.001179
4693.55  1.001548
4694.12  1.000647
4694.69  0.9993554
4695.26  1.000123
4695.83  1.001416
4696.40  1.00173
4696.97  1.001243
4697.54  1.001223
4698.11  0.9993505
4698.68  1.001352
4699.25  1.000501
4699.81  1.000599
4700.38  0.9979126
4700.95  1.001098
4701.52  1.002699
4702.09  1.001468
4702.66  0.9996496
4703.23  1.000084
4703.80  0.9984367
4704.37  0.9998292
4704.94  0.9994701
4705.51  0.9993338
4706.08  0.9983834
4706.65  1.000179
4707.22  1.001633
4707.79  1.002304
4708.36  1.000019
4708.93  1.001576
4709.50  0.997725
4710.07  0.9960514
4710.64  0.9963374
4711.21  0.994409
4711.78  0.9856345
4712.35  0.9581706
4712.92  0.9285357
4713.49  0.929464
4714.06  0.9552392
4714.63  0.981357
4715.20  0.9889966
4715.77  0.9832722
4716.34  0.9797763
4716.91  0.9851546
4717.48  0.9934925
4718.05  1.000502
4718.62  1.003775
4719.19  1.001204
4719.76  1.000614
4720.33  1.001248
4720.90  0.9999121
4721.47  1.000914
4722.04  1.001693
4722.61  1.000802
4723.18  1.000915
4723.75  0.9996558
4724.32  1.000764
4724.89  1.001238
4725.46  0.9996694
4726.03  1.001419
4726.60  0.9985728
4727.17  0.9994949
4727.74  1.000649
4728.31  1.002627
4728.88  0.9993096
4729.45  1.00087
4730.02  0.9996673
4730.59  0.9964383
4731.15  0.9936305
4731.72  0.9932109
4732.29  0.9953015
4732.86  0.9980511
4733.43  1.001044
4734.00  1.000661
4734.57  1.002795
4735.14  1.000125
4735.71  0.9955369
4736.28  0.9959862
4736.85  0.9987298
4737.42  0.9980605
4737.99  0.997045
4738.56  0.9972094
4739.13  0.9944867
4739.70  0.9921524
4740.27  0.994749
4740.84  0.9990486
4741.41  0.9989315
4741.98  0.9981255
4742.55  1.002186
4743.12  1.000632
4743.69  0.9979396
4744.26  0.9997274
4744.83  0.9992561
4745.40  0.9993793
4745.97  0.9996808
4746.54  0.9990553
4747.11  1.000898
4747.68  0.9996888
4748.25  0.9984251
4748.82  0.9998384
4749.39  0.9991875
4749.96  0.9987601
4750.53  1.000335
4751.10  1.000004
4751.67  0.9989262
4752.24  0.9985232
4752.81  0.9984297
4753.38  0.9987483
4753.95  0.9978899
4754.52  0.9965109
4755.09  0.9953461
4755.66  0.9933707
4756.23  0.9953004
4756.80  0.9951524
4757.37  0.9953056
4757.94  0.9993399
4758.51  0.9979823
4759.08  0.9962931
4759.65  0.9949272
4760.22  0.9950222
4760.79  0.9942863
4761.36  0.9944494
4761.93  0.9963807
4762.50  0.9949837
4763.06  0.9931816
4763.63  0.9927121
4764.20  0.9929763
4764.77  0.9930609
4765.34  0.9938472
4765.91  0.9962384
4766.48  0.9951422
4767.05  0.9938429
4767.62  0.9971819
4768.19  0.9960802
4768.76  0.995118
4769.33  0.9951109
4769.90  0.9961308
4770.47  0.9945416
4771.04  0.9960917
4771.61  0.9963764
4772.18  0.9929897
4772.75  0.9954689
4773.32  0.9964299
4773.89  0.9936547
4774.46  0.9945315
4775.03  0.9938971
4775.60  0.9969397
4776.17  0.9968634
4776.74  0.9960682
4777.31  0.9961703
4777.88  0.9964861
4778.45  0.9954088
4779.02  0.9917194
4779.59  0.9896932
4780.16  0.992804
4780.73  0.9948743
4781.30  0.9966136
4781.87  0.995847
4782.44  0.9981779
4783.01  0.9996623
4783.58  0.9983251
4784.15  0.9991896
4784.72  0.9992871
4785.29  0.9988609
4785.86  1.000071
4786.43  0.9983794
4787.00  0.9969323
4787.57  0.9941424
4788.14  0.9920258
4788.71  0.9954801
4789.28  0.9975458
4789.85  0.996309
4790.42  0.9970464
4790.99  0.9968053
4791.56  0.9963533
4792.13  0.9965476
4792.70  0.9961663
4793.27  0.9942251
4793.84  0.9954997
4794.40  0.9974156
4794.97  0.9968708
4795.54  0.9951406
4796.11  1.000085
4796.68  1.000651
4797.25  0.9994628
4797.82  1.000615
4798.39  1.000521
4798.96  1.000832
4799.53  1.00199
4800.10  1.000878
4800.67  0.9998473
4801.24  0.9981879
4801.81  0.9984619
4802.38  0.996646
4802.95  0.995242
4803.52  0.9934224
4804.09  0.9949499
4804.66  0.9966806
4805.23  0.9987226
4805.80  0.9950922
4806.37  0.9981837
4806.94  1.000467
4807.51  1.001637
4808.08  1.001517
4808.65  1.000315
4809.22  0.9998163
4809.79  1.000729
4810.36  0.9987638
4810.93  0.9996763
4811.50  0.9997945
4812.07  0.9995281
4812.64  1.000945
4813.21  0.996877
4813.78  0.9973803
4814.35  0.9929445
4814.92  0.9816178
4815.49  0.9707314
4816.06  0.972299
4816.63  0.9859715
4817.20  0.9960155
4817.77  1.002949
4818.34  1.002295
4818.91  0.9967135
4819.48  0.9981378
4820.05  0.9999554
4820.62  0.9995304
4821.19  1.002769
4821.76  1.004681
4822.33  1.001901
4822.90  0.9992483
4823.47  0.9962242
4824.04  0.9918974
4824.61  0.9935327
4825.18  0.9993633
4825.74  1.001234
4826.31  1.001522
4826.88  1.003334
4827.45  1.004673
4828.02  1.004427
4828.59  1.002001
4829.16  1.003414
4829.73  1.006185
4830.30  1.006145
4830.87  1.006996
4831.44  1.005084
4832.01  1.004975
4832.58  1.006782
4833.15  1.006006
4833.72  1.007343
4834.29  1.009875
4834.86  1.006943
4835.43  1.008359
4836.00  1.008802
4836.57  1.006433
4837.14  1.008246
4837.71  1.00964
4838.28  1.009554
4838.85  1.009027
4839.42  1.008986
4839.99  1.008295
4840.56  1.008032
4841.13  1.007976
4841.70  1.009183
4842.27  1.009077
4842.84  1.007985
4843.41  1.009184
4843.98  1.009258
4844.55  1.012396
4845.12  1.011618
4845.69  1.011046
4846.26  1.012549
4846.83  1.009038
4847.40  1.007069
4847.97  1.006712
4848.54  1.005727
4849.11  1.006924
4849.68  1.009799
4850.25  1.009725
4850.82  1.008148
4851.39  1.005769
4851.96  1.004934
4852.53  1.00579
4853.10  1.005332
4853.67  1.004928
4854.24  1.001661
4854.81  0.9981509
4855.38  0.9931374
4855.95  0.9874767
4856.52  0.9823717
4857.09  0.9740936
4857.65  0.9635527
4858.22  0.9459337
4858.79  0.918561
4859.36  0.8786884
4859.93  0.8180918
4860.50  0.7466766
4861.07  0.7022444
4861.64  0.7061782
4862.21  0.748774
4862.78  0.8091834
4863.35  0.8690018
4863.92  0.9132252
4864.49  0.9373432
4865.06  0.9556631
4865.63  0.9702922
4866.20  0.9816813
4866.77  0.9882184
4867.34  0.9901327
4867.91  0.9944513
4868.48  0.9987974
4869.05  1.00236
4869.62  1.0043
4870.19  1.006797
4870.76  1.008221
4871.33  1.008572
4871.90  1.009328
4872.47  1.010027
4873.04  1.010554
4873.61  1.009672
4874.18  1.011833
4874.75  1.012268
4875.32  1.010867
4875.89  1.009221
4876.46  1.005214
4877.03  1.005364
4877.60  1.008788
4878.17  1.009765
4878.74  1.008214
4879.31  1.003832
4879.88  1.001395
4880.45  1.002657
4881.02  1.003482
4881.59  1.004403
4882.16  1.005263
4882.73  1.004487
4883.30  1.00231
4883.87  1.000268
4884.44  0.9978521
4885.01  0.9963008
4885.58  0.9939783
4886.15  0.9928613
4886.72  0.9982731
4887.29  0.9996208
4887.86  0.9984432
4888.43  1.002279
4888.99  1.002917
4889.56  1.001784
4890.13  1.000788
4890.70  1.0023
4891.27  1.001402
4891.84  0.9999633
4892.41  1.000946
4892.98  1.001064
4893.55  1.003214
4894.12  1.001433
4894.69  0.998299
4895.26  1.00112
4895.83  0.9996708
4896.40  1.001623
4896.97  1.001175
4897.54  1.001306
4898.11  1.000503
4898.68  1.000819
4899.25  1.001596
4899.82  1.002951
4900.39  0.9990537
4900.96  0.9977267
4901.53  0.9988135
4902.10  0.997404
4902.67  0.9975492
4903.24  1.002441
4903.81  1.00366
4904.38  1.001227
4904.95  0.9998513
4905.52  1.001692
4906.09  1.000939
4906.66  1.001144
4907.23  0.9987613
4907.80  0.9985665
4908.37  1.000189
4908.94  1.003823
4909.51  1.001979
4910.08  1.002515
4910.65  0.9995865
4911.22  0.9985451
4911.79  0.9995215
4912.36  0.9965483
4912.93  0.9948257
4913.50  0.9944561
4914.07  0.9981709
4914.64  0.9976814
4915.21  1.000557
4915.78  0.9948186
4916.35  0.9902595
4916.92  0.9845253
4917.49  0.9809777
4918.06  0.9855075
4918.63  0.9921732
4919.20  0.992265
4919.77  0.9922525
4920.33  0.9807178
4920.90  0.9541791
4921.47  0.9034474
4922.04  0.863658
4922.61  0.8676003
4923.18  0.8836946
4923.75  0.8859183
4924.32  0.8903757
4924.89  0.9172578
4925.46  0.9447504
4926.03  0.9668595
4926.60  0.9843008
4927.17  0.9933854
4927.74  0.9959005
4928.31  0.9982396
4928.88  0.9980386
4929.45  0.9985748
4930.02  0.9993758
4930.59  1.000292
4931.16  1.000975
4931.73  1.002294
4932.30  0.9992545
4932.87  0.9981696
4933.44  0.9981082
4934.01  0.998326
4934.58  1.001746
4935.15  0.9972534
4935.72  0.9969175
4936.29  1.000111
4936.86  1.001164
4937.43  1.001334
4938.00  1.001253
4938.57  1.000489
4939.14  0.9982688
4939.71  0.9991457
4940.28  0.9981386
4940.85  1.001651
4941.42  0.9977668
4941.99  0.9966883
4942.56  0.9936789
4943.13  0.9949906
4943.70  0.9942955
4944.27  0.9982139
4944.84  0.9981844
4945.41  0.9969606
4945.98  0.998282
4946.55  0.9992697
4947.12  1.000962
4947.69  0.9982779
4948.26  0.9987884
4948.83  1.000704
4949.40  0.9972608
4949.97  0.9967864
4950.54  0.9964612
4951.11  0.9981499
4951.67  0.9953681
4952.24  0.9953991
4952.81  0.9984688
4953.38  0.9995212
4953.95  0.9985946
4954.52  0.9982607
4955.09  0.9990886
4955.66  0.9995916
4956.23  0.9992861
4956.80  0.9987845
4957.37  0.9982662
4957.94  0.9998997
4958.51  0.9982664
4959.08  0.9978438
4959.65  0.9989773
4960.22  1.002791
4960.79  0.9994653
4961.36  0.9991528
4961.93  1.000998
4962.50  1.001873
4963.07  0.9983425
4963.64  1.001351
4964.21  1.000186
4964.78  1.002271
4965.35  0.9997426
4965.92  0.9997184
4966.49  0.9984319
4967.06  0.9967081
4967.63  0.9969398
4968.20  0.9955037
4968.77  0.9929702
4969.34  0.9979483
4969.91  0.9987541
4970.48  1.000792
4971.05  0.9983776
4971.62  1.000856
4972.19  0.9999769
4972.76  0.9978898
4973.33  0.9990394
4973.90  1.000916
4974.47  1.000955
4975.04  1.001856
4975.61  1.00332
4976.18  1.00263
4976.75  1.001492
4977.32  0.9990621
4977.89  0.9998987
4978.46  1.001373
4979.03  1.001663
4979.60  1.004178
4980.17  1.003559
4980.74  1.000196
4981.31  1.000853
4981.88  1.002671
4982.45  1.00547
4983.02  1.004281
4983.58  1.002059
4984.15  1.001856
4984.72  1.002117
4985.29  1.002389
4985.86  0.9994569
4986.43  1.001826
4987.00  0.9997618
4987.57  0.9985581
4988.14  0.9991359
4988.71  1.000648
4989.28  1.001442
4989.85  1.000391
4990.42  0.9976134
4990.99  0.9934988
4991.56  0.9853578
4992.13  0.9791868
4992.70  0.9814323
4993.27  0.9875427
4993.84  0.9926649
4994.41  0.9922569
4994.98  0.9955023
4995.55  0.9979803
4996.12  1.002377
4996.69  1.001205
4997.26  1.005076
4997.83  1.003089
4998.40  1.002071
4998.97  1.002999
4999.54  1.002566
5000.11  0.9989002
5000.68  0.9919578
5001.25  0.9787207
5001.82  0.9669451
5002.39  0.9654762
5002.96  0.9781275
5003.53  0.9862464
5004.10  0.9885629
5004.67  0.9843951
5005.24  0.9809965
5005.81  0.9832953
5006.38  0.9869529
5006.95  0.9889301
5007.52  0.9882739
5008.09  0.9899902
5008.66  0.9904346
5009.23  0.9823141
5009.80  0.9766258
5010.37  0.975378
5010.94  0.9807699
5011.51  0.9872289
5012.08  0.9938155
5012.65  0.995314
5013.22  0.9914754
5013.79  0.9747219
5014.36  0.9599125
5014.92  0.9397969
5015.49  0.9085276
5016.06  0.8903371
5016.63  0.9108489
5017.20  0.9352887
5017.77  0.9363002
5018.34  0.911694
5018.91  0.903614
5019.48  0.9309148
5020.05  0.9597744
5020.62  0.98335
5021.19  0.9920024
5021.76  0.9938262
5022.33  0.9979172
5022.90  0.9978274
5023.47  1.000026
5024.04  1.002452
5024.61  1.000661
5025.18  1.00191
5025.75  1.00003
5026.32  0.9957719
5026.89  0.9872148
5027.46  0.9820427
5028.03  0.9842293
5028.60  0.9892095
5029.17  0.9902241
5029.74  0.9926178
5030.31  0.9956404
5030.88  0.9913259
5031.45  0.9872259
5032.02  0.9750331
5032.59  0.9572297
5033.16  0.9579806
5033.73  0.9709252
5034.30  0.9791092
5034.87  0.981711
5035.44  0.9805112
5036.01  0.9788091
5036.58  0.983328
5037.15  0.9854027
5037.72  0.9818566
5038.29  0.9837778
5038.86  0.9910601
5039.43  0.9920191
5040.00  0.982429
5040.57  0.9578912
5041.14  0.9290216
5041.71  0.9268046
5042.28  0.9486143
5042.85  0.9669788
5043.42  0.9804439
5043.99  0.9890144
5044.56  0.9878044
5045.13  0.9844062
5045.70  0.9844081
5046.26  0.986158
5046.83  0.9830936
5047.40  0.9665138
5047.97  0.9531211
5048.54  0.9575447
5049.11  0.9758479
5049.68  0.9888227
5050.25  0.9956195
5050.82  0.9987615
5051.39  1.0008
5051.96  1.001325
5052.53  1.003724
5053.10  1.002253
5053.67  0.9994293
5054.24  0.9972463
5054.81  0.9897363
5055.38  0.9681882
5055.95  0.9247953
5056.52  0.8999896
5057.09  0.9186533
5057.66  0.9526147
5058.23  0.975998
5058.80  0.9872235
5059.37  0.9932911
5059.94  0.9948297
5060.51  0.9961088
5061.08  0.9988423
5061.65  0.9985471
5062.22  0.9984049
5062.79  0.9991673
5063.36  1.001205
5063.93  1.000727
5064.50  1.002184
5065.07  1.003084
5065.64  1.00146
5066.21  0.9994804
5066.78  0.9955652
5067.35  0.9950875
5067.92  0.9979996
5068.49  1.000158
5069.06  1.000376
5069.63  1.00129
5070.20  1.000501
5070.77  0.999572
5071.34  0.9970208
5071.91  0.9938592
5072.48  0.9958449
5073.05  0.9931232
5073.62  0.9900983
5074.19  0.9909166
5074.76  0.9918211
5075.33  0.9941379
5075.90  0.9953788
5076.47  0.9943255
5077.04  0.9956318
5077.61  0.9983925
5078.17  0.999787
5078.74  0.9985791
5079.31  0.9968097
5079.88  0.9971272
5080.45  0.9975705
5081.02  1.000176
5081.59  1.001037
5082.16  1.003687
5082.73  1.002622
5083.30  1.001525
5083.87  0.9990777
5084.44  0.9988188
5085.01  1.000978
5085.58  0.9999536
5086.15  0.9972392
5086.72  0.9920805
5087.29  0.9904987
5087.86  0.9924405
5088.43  0.9965965
5089.00  0.997933
5089.57  1.002469
5090.14  1.004906
5090.71  1.00315
5091.28  1.002245
5091.85  0.9989198
5092.42  1.001713
5092.99  0.9996668
5093.56  0.9953467
5094.13  0.9944476
5094.70  0.9963599
5095.27  0.9991599
5095.84  0.9999647
5096.41  0.9984743
5096.98  0.9966378
5097.55  0.9948472
5098.12  0.9955273
5098.69  0.9986217
5099.26  0.9991177
5099.83  0.9981555
5100.40  0.9913364
5100.97  0.9880241
5101.54  0.9860885
5102.11  0.9896757
5102.68  0.992411
5103.25  0.9926565
5103.82  0.9912095
5104.39  0.99294
5104.96  0.9954325
5105.53  0.9999346
5106.10  1.004553
5106.67  1.005184
5107.24  1.002403
5107.81  1.003679
5108.38  1.009142
5108.95  1.004424
