6312.45  0.9908738
6312.88  0.9846287
6313.31  0.9787186
6313.74  0.9772226
6314.17  0.9830762
6314.60  0.9949622
6315.03  1.000422
6315.46  0.9977009
6315.89  0.9963792
6316.32  0.9970728
6316.75  0.9982632
6317.18  1.004043
6317.61  1.005804
6318.03  1.002243
6318.46  0.9949167
6318.89  0.9894245
6319.32  0.9947984
6319.75  1.001961
6320.18  1.003848
6320.61  1.00446
6321.04  1.0033
6321.47  1.00305
6321.90  1.00512
6322.33  1.002102
6322.76  0.9913616
6323.19  0.9823775
6323.62  0.9849331
6324.05  0.9933747
6324.47  1.000276
6324.90  1.000418
6325.33  0.9981117
6325.76  1.000554
6326.19  1.001496
6326.62  1.002507
6327.05  1.003941
6327.48  1.001134
6327.91  0.9971945
6328.34  0.9930921
6328.77  0.9928702
6329.20  0.9973159
6329.63  0.9996513
6330.06  1.00034
6330.48  0.9986991
6330.91  0.992241
6331.34  0.9895385
6331.77  0.9893782
6332.20  0.9908343
6332.63  0.9934027
6333.06  0.9925468
6333.49  0.9910981
6333.92  0.9822756
6334.35  0.9749678
6334.78  0.9760824
6335.21  0.9860154
6335.64  0.9957363
6336.07  0.9980823
6336.49  1.000197
6336.92  0.9991941
6337.35  0.9992619
6337.78  0.999884
6338.21  0.9992123
6338.64  0.9974545
6339.07  0.9969216
6339.50  0.9980589
6339.93  0.9963663
6340.36  0.9946626
6340.79  0.9936848
6341.22  0.9894456
6341.65  0.9897581
6342.08  0.9934967
6342.50  0.9950087
6342.93  0.9971324
6343.36  0.9962804
6343.79  0.9933165
6344.22  0.9911903
6344.65  0.9911162
6345.08  0.9836507
6345.51  0.9620916
6345.94  0.8998052
6346.37  0.7951787
6346.80  0.702765
6347.23  0.6903502
6347.66  0.7715069
6348.09  0.8772804
6348.51  0.9471216
6348.94  0.9792008
6349.37  0.9882349
6349.80  0.9880266
6350.23  0.9912534
6350.66  0.9978294
6351.09  0.9988583
6351.52  0.9971925
6351.95  1.000237
6352.38  1.001506
6352.81  0.9994103
6353.24  0.9982592
6353.67  0.9979988
6354.10  1.00052
6354.52  0.999426
6354.95  0.999786
6355.38  1.001204
6355.81  1.001479
6356.24  1.002253
6356.67  1.002226
6357.10  1.000332
6357.53  0.9980173
6357.96  0.9990105
6358.39  0.9989254
6358.82  1.001011
6359.25  1.002497
6359.68  1.003168
6360.11  0.9976887
6360.53  0.998873
6360.96  1.001245
6361.39  1.003057
6361.82  1.001415
6362.25  1.000607
6362.68  1.002915
6363.11  1.004674
6363.54  1.003216
6363.97  1.003237
6364.40  1.002345
6364.83  1.003922
6365.26  1.004781
6365.69  1.000953
6366.12  1.000908
6366.55  1.000537
6366.97  1.001652
6367.40  0.9993918
6367.83  0.9974321
6368.26  0.9985917
6368.69  0.9960146
6369.12  0.990491
6369.55  0.9839891
6369.98  0.9572917
6370.41  0.8876836
6370.84  0.7947595
6371.27  0.7417513
6371.70  0.7743803
6372.13  0.8639514
6372.56  0.9410518
6372.98  0.980391
6373.41  0.997597
6373.84  0.999845
6374.27  1.000491
6374.70  1.00337
6375.13  1.001457
6375.56  1.000884
6375.99  1.000605
6376.42  1.003082
6376.85  1.002858
6377.28  1.001396
6377.71  1.001902
6378.14  1.001196
6378.57  0.998688
6378.99  0.9992064
6379.42  0.9971033
6379.85  0.9964692
6380.28  0.9978109
6380.71  0.9993137
6381.14  0.9990916
6381.57  0.9975421
6382.00  0.9947942
6382.43  0.9834557
6382.86  0.9787847
6383.29  0.9839115
6383.72  0.9940151
6384.15  1.000629
6384.58  0.9978587
6385.00  0.9981575
6385.43  1.00246
6385.86  1.003122
6386.29  1.003585
6386.72  1.00371
6387.15  1.002797
6387.58  1.00401
6388.01  1.004764
6388.44  1.004138
6388.87  1.004926
6389.30  1.003356
6389.73  1.004282
6390.16  1.002444
6390.59  1.00193
6391.01  1.003236
6391.44  1.003315
6391.87  1.002738
6392.30  1.001782
6392.73  1.00305
6393.16  1.003309
6393.59  1.001578
6394.02  1.001775
6394.45  1.003091
6394.88  1.001714
6395.31  1.000426
6395.74  1.000892
6396.17  0.9971646
6396.60  0.9920859
6397.02  0.990036
6397.45  0.9856509
6397.88  0.9852238
6398.31  0.9921352
6398.74  0.9958175
6399.17  0.9972896
6399.60  0.9975824
6400.03  0.999256
6400.46  0.9975577
6400.89  0.9925016
6401.32  0.9777092
6401.75  0.945038
6402.18  0.9233066
6402.61  0.9317254
6403.03  0.9609293
6403.46  0.9851028
6403.89  0.9960467
6404.32  0.9980437
6404.75  0.9978362
6405.18  0.9985521
6405.61  0.9982004
6406.04  0.9945486
6406.47  0.9985761
6406.90  0.9988595
6407.33  0.9964703
6407.76  0.9965035
6408.19  0.9959455
6408.62  0.9969648
6409.05  0.9988139
6409.47  1.000849
6409.90  1.001428
6410.33  1.002351
6410.76  1.002567
6411.19  1.002216
6411.62  1.000438
6412.05  1.000229
6412.48  1.001793
6412.91  0.9984818
6413.34  0.9954534
6413.77  0.9944077
6414.20  0.9947191
6414.63  0.9975035
6415.06  0.9964352
6415.48  0.9944798
6415.91  0.9918972
6416.34  0.9881385
6416.77  0.9878702
6417.20  0.9907581
6417.63  0.9956589
6418.06  0.994952
6418.49  0.9962727
6418.92  0.9984251
6419.35  1.000239
6419.78  1.001854
6420.21  1.002616
6420.64  0.9990563
6421.07  0.9976837
6421.49  0.9982281
6421.92  0.9986738
6422.35  0.9956351
6422.78  0.9977167
6423.21  0.9977348
6423.64  0.9974996
6424.07  0.9951557
6424.50  0.9949512
6424.93  0.996195
6425.36  0.9978725
6425.79  0.9991764
6426.22  1.000132
6426.65  0.9978849
6427.08  0.9994407
6427.50  0.9995871
6427.93  1.00069
6428.36  0.9991344
6428.79  0.9987484
6429.22  0.9976024
6429.65  0.9965481
6430.08  0.9978476
6430.51  0.9998944
6430.94  1.000702
6431.37  0.9997659
6431.80  0.9977309
6432.23  0.9966961
6432.66  0.9988562
6433.09  0.9988483
6433.51  0.9964382
6433.94  0.9962865
6434.37  0.9992775
6434.80  1.000818
6435.23  0.9983702
6435.66  0.9848202
6436.09  0.9818743
6436.52  0.9966149
6436.95  1.004812
6437.38  1.004236
6437.81  1.004195
6438.24  1.003843
6438.67  1.00049
6439.10  0.9996232
6439.52  0.9998134
6439.95  0.999401
6440.38  0.9981806
6440.81  0.9952657
6441.24  0.9975032
6441.67  0.9967889
6442.10  0.9966027
6442.53  0.9987718
6442.96  1.001924
6443.39  1.001664
6443.82  1.000025
6444.25  1.000907
6444.68  1.001598
6445.11  1.000523
6445.54  0.9961542
6445.96  0.9943286
6446.39  0.9948735
6446.82  0.9918432
6447.25  0.9958498
6447.68  0.999377
6448.11  0.9999764
6448.54  0.9972548
6448.97  0.9952065
6449.40  0.9973261
6449.83  0.9959012
6450.26  0.9955026
6450.69  0.9931194
6451.12  0.9953414
6451.55  0.9969225
6451.97  0.9960697
6452.40  0.9945767
6452.83  0.9894162
6453.26  0.982533
6453.69  0.9806812
6454.12  0.9821976
6454.55  0.9847773
6454.98  0.9847961
6455.41  0.978702
6455.84  0.9656264
6456.27  0.9587901
6456.70  0.9696871
6457.13  0.9841544
6457.56  0.9873886
6457.98  0.9827002
6458.41  0.9817357
6458.84  0.9844143
6459.27  0.9873526
6459.70  0.9913774
6460.13  0.9964378
6460.56  0.9957987
6460.99  0.994198
6461.42  0.994983
6461.85  0.9944825
6462.28  0.9901213
6462.71  0.982734
6463.14  0.9803233
6463.57  0.9813198
6463.99  0.9863897
6464.42  0.9919889
6464.85  0.9896258
6465.28  0.9856394
6465.71  0.9869259
6466.14  0.9889659
6466.57  0.9837961
6467.00  0.9785388
6467.43  0.9836949
6467.86  0.9882997
6468.29  0.9799808
6468.72  0.9680379
6469.15  0.9694616
6469.58  0.9844937
6470.00  0.9935755
6470.43  0.9967947
6470.86  0.9927482
6471.29  0.9796946
6471.72  0.9677484
6472.15  0.9663133
6472.58  0.9754443
6473.01  0.9835657
6473.44  0.9814141
6473.87  0.9591745
6474.30  0.9324968
6474.73  0.928014
6475.16  0.9478325
6475.59  0.9701457
6476.01  0.9733524
6476.44  0.9736307
6476.87  0.9847783
6477.30  0.9923849
6477.73  0.9902832
6478.16  0.9746904
6478.59  0.9618865
6479.02  0.9488988
6479.45  0.9585412
6479.88  0.9785414
6480.31  0.9830626
6480.74  0.982021
6481.17  0.9807697
6481.60  0.9702439
6482.02  0.9385753
6482.45  0.9154776
6482.88  0.9215347
6483.31  0.9488155
6483.74  0.9721606
6484.17  0.9783826
6484.60  0.9809106
6485.03  0.985078
6485.46  0.9826861
6485.89  0.9748943
6486.32  0.9782125
6486.75  0.9852117
6487.18  0.9881942
6487.61  0.9881721
6488.04  0.983754
6488.46  0.9887537
6488.89  0.9968036
6489.32  0.9845891
6489.75  0.9578775
6490.18  0.9581939
6490.61  0.9856042
6491.04  0.9991818
6491.47  0.9866199
6491.90  0.9626579
6492.33  0.9651033
6492.76  0.9903372
6493.19  0.9984637
6493.62  0.9955459
6494.05  0.9955411
6494.47  0.9794815
6494.90  0.9565465
6495.33  0.9668997
6495.76  0.9901201
6496.19  0.9897301
6496.62  0.9815502
6497.05  0.9872744
6497.48  0.9952005
6497.91  0.9992313
6498.34  0.9995854
6498.77  0.9986501
6499.20  0.9995086
6499.63  1.00145
6500.06  1.000081
6500.48  0.9981878
6500.91  0.999436
6501.34  0.9966081
6501.77  0.9970533
6502.20  0.9989038
6502.63  0.9943164
6503.06  0.9892686
6503.49  0.9901494
6503.92  0.9979962
6504.35  1.004363
6504.78  1.001836
6505.21  0.9999505
6505.64  0.9928738
6506.07  0.9791858
6506.49  0.9689707
6506.92  0.9725952
6507.35  0.9719774
6507.78  0.9763528
6508.21  0.9909037
6508.64  1.000664
6509.07  1.002526
6509.50  1.001274
6509.93  1.002441
6510.36  1.000961
6510.79  0.9887223
6511.22  0.977235
6511.65  0.9834888
6512.08  0.9969057
6512.50  0.9970052
6512.93  0.9909291
6513.36  0.9710993
6513.79  0.9497196
6514.22  0.9649966
6514.65  0.9760131
6515.08  0.9550866
6515.51  0.9161468
6515.94  0.9170247
6516.37  0.9569729
6516.80  0.9822149
6517.23  0.9853283
6517.66  0.9868492
6518.09  0.977095
6518.51  0.9664336
6518.94  0.9777664
6519.37  0.9962884
6519.80  1.003376
6520.23  1.003403
6520.66  0.9982969
6521.09  0.9938903
6521.52  0.9960217
6521.95  0.9959762
6522.38  0.982124
6522.81  0.9664891
6523.24  0.973474
6523.67  0.9923065
6524.10  1.000158
6524.52  0.9999396
6524.95  0.9989403
6525.38  1.000201
6525.81  1.003395
6526.24  1.004001
6526.67  1.002442
6527.10  1.003776
6527.53  1.005116
6527.96  1.007509
6528.39  1.010085
6528.82  1.006863
6529.25  1.005354
6529.68  1.000518
6530.11  1.000316
6530.54  1.006604
6530.96  0.9954484
6531.39  0.9754114
6531.82  0.9831042
6532.25  0.9999925
6532.68  0.9940236
6533.11  0.9804972
6533.54  0.9875608
6533.97  1.000707
6534.40  1.00674
6534.83  1.009973
6535.26  1.006303
6535.69  0.998603
6536.12  1.001185
6536.55  1.007859
6536.97  1.010832
6537.40  1.011816
6537.83  1.014883
6538.26  1.010541
6538.69  1.006229
6539.12  1.008307
6539.55  1.010074
6539.98  1.010388
6540.41  1.009376
6540.84  1.006385
6541.27  0.9940484
6541.70  0.9968592
6542.13  1.001459
6542.56  0.9878934
6542.98  0.9648569
6543.41  0.983487
6543.84  1.009986
6544.27  1.014043
6544.70  1.007814
6545.13  1.002852
6545.56  0.9983232
6545.99  0.9946741
6546.42  0.9942952
6546.85  0.9944018
6547.28  0.9916725
6547.71  0.9844418
6548.14  0.9982388
6548.57  1.016907
6548.99  1.02109
6549.42  1.019237
6549.85  1.020727
6550.28  1.019447
6550.71  1.014553
6551.14  0.9990035
6551.57  0.9758995
6552.00  0.9796163
6552.43  1.000114
6552.86  1.00497
6553.29  1.008671
6553.72  1.015144
6554.15  1.018648
6554.58  1.020842
6555.00  1.021737
6555.43  1.01937
6555.86  1.010921
6556.29  0.9994491
6556.72  1.00112
6557.15  1.002846
6557.58  1.002464
6558.01  1.006701
6558.44  1.010391
6558.87  1.00479
6559.30  0.9995898
6559.73  0.9925329
6560.16  0.9952255
6560.59  1.007683
6561.01  1.00376
6561.44  0.9750087
6561.87  0.9375336
6562.30  0.9156945
6562.73  0.9114429
6563.16  0.9170098
6563.59  0.9591072
6564.02  1.026772
6564.45  1.069722
6564.88  1.073464
6565.31  1.055967
6565.74  1.034792
6566.17  1.025599
6566.60  1.023198
6567.03  1.022765
6567.45  1.016209
6567.88  1.009951
6568.31  1.011937
6568.74  1.017497
6569.17  1.018568
6569.60  1.020416
6570.03  1.017104
6570.46  1.018027
6570.89  1.001234
6571.32  0.9934078
6571.75  1.010603
6572.18  1.019588
6572.61  1.018359
6573.04  1.015744
6573.46  1.002735
6573.89  0.9796295
6574.32  0.9900929
6574.75  1.014722
6575.18  1.021658
6575.61  1.020267
6576.04  1.020943
6576.47  1.014795
6576.90  0.9953483
6577.33  0.9550813
6577.76  0.905597
6578.19  0.8881718
6578.62  0.920036
6579.05  0.9660595
6579.47  0.9908329
6579.90  0.9992329
6580.33  1.00653
6580.76  1.01349
6581.19  1.011625
6581.62  1.000875
6582.05  0.9707825
6582.48  0.9274004
6582.91  0.9096091
6583.34  0.9285162
6583.77  0.9666046
6584.20  0.9916022
6584.63  1.001604
6585.06  1.002868
6585.48  0.9940606
6585.91  0.9963897
6586.34  1.008097
6586.77  1.015203
6587.20  1.0125
6587.63  1.010015
6588.06  1.010449
6588.49  1.012486
6588.92  1.01235
6589.35  1.010773
6589.78  1.01022
6590.21  1.010754
6590.64  1.014526
6591.07  1.016167
6591.49  1.010484
6591.92  1.005414
6592.35  1.005348
6592.78  1.004832
6593.21  1.001574
6593.64  1.002652
6594.07  1.008687
6594.50  1.011021
6594.93  1.013684
6595.36  1.010868
6595.79  1.008207
6596.22  1.00745
6596.65  1.007578
6597.08  1.009286
6597.50  1.010051
6597.93  1.005745
6598.36  0.9913667
6598.79  0.9868674
6599.22  0.9928769
6599.65  0.999936
6600.08  1.002533
6600.51  1.001931
6600.94  0.997887
6601.37  0.9970235
6601.80  0.9977167
6602.23  1.000642
6602.66  1.001269
6603.09  1.005341
6603.51  1.006983
6603.94  1.003394
6604.37  1.001949
6604.80  1.00047
6605.23  1.00733
6605.66  1.005212
6606.09  1.00275
6606.52  1.004473
6606.95  1.003956
6607.38  1.003938
6607.81  1.002477
6608.24  1.002412
6608.67  0.9997352
6609.10  1.003953
6609.53  1.000895
6609.95  0.9997658
6610.38  0.9990224
6610.81  0.9965088
6611.24  0.995544
6611.67  0.9936869
6612.10  0.9972937
6612.53  1.000978
6612.96  1.000191
6613.39  0.9973485
6613.82  1.002027
6614.25  1.004449
6614.68  1.001872
6615.11  1.001474
6615.54  1.000004
6615.96  0.9975136
6616.39  1.000309
6616.82  1.002974
6617.25  1.003604
6617.68  1.002157
6618.11  1.004607
6618.54  1.003953
6618.97  1.001339
6619.40  1.003038
6619.83  1.002217
6620.26  1.00357
6620.69  1.003425
6621.12  1.001224
6621.55  1.002266
6621.97  1.001028
6622.40  0.9998747
6622.83  1.001431
6623.26  1.001361
6623.69  0.9993898
6624.12  0.9965037
6624.55  0.9982005
6624.98  1.000637
6625.41  0.9986795
6625.84  0.9977198
6626.27  0.9977662
6626.70  0.9971061
6627.13  0.9931987
6627.56  0.9900244
6627.98  0.9926265
6628.41  0.9957963
6628.84  0.9960081
6629.27  0.9983679
6629.70  0.9999292
6630.13  0.9971486
6630.56  0.9964043
6630.99  0.9965659
6631.42  0.9927899
6631.85  0.9905843
6632.28  0.9922308
6632.71  0.9913462
6633.14  0.9922407
6633.57  0.9920786
6633.99  0.9937696
6634.42  0.9945778
6634.85  0.9931288
6635.28  0.9956809
6635.71  0.9992428
6636.14  0.9966732
6636.57  0.9924204
6637.00  0.9916309
6637.43  0.9900734
6637.86  0.9893292
6638.29  0.9915947
6638.72  0.9925147
6639.15  0.9945692
6639.58  0.9941922
6640.00  0.9948824
6640.43  0.9949902
6640.86  0.9919893
6641.29  0.993436
6641.72  0.9929428
6642.15  0.9902282
6642.58  0.9917351
6643.01  0.9924663
6643.44  0.995342
6643.87  0.9983997
6644.30  0.9958265
6644.73  0.9962167
6645.16  0.9967162
6645.59  0.9912185
6646.02  0.9927399
6646.44  0.9970801
6646.87  0.9986274
6647.30  0.9995596
6647.73  0.9988298
6648.16  0.9950593
6648.59  0.99834
6649.02  1.000636
6649.45  0.9977278
6649.88  0.9955854
6650.31  0.9931239
6650.74  0.9934247
6651.17  0.9946527
6651.60  0.9927646
6652.03  0.9919214
6652.45  0.9939708
6652.88  0.9911625
6653.31  0.9890887
6653.74  0.9875463
6654.17  0.9921937
6654.60  0.9937649
6655.03  0.9952941
6655.46  0.9947851
6655.89  0.997166
6656.32  0.9968376
6656.75  0.9961208
6657.18  0.995752
6657.61  0.9956837
6658.04  1.000336
6658.46  1.003159
6658.89  1.001253
6659.32  0.9976625
6659.75  0.9918095
6660.18  0.9820475
6660.61  0.9791036
6661.04  0.9845062
6661.47  0.9924604
6661.90  0.9986063
6662.33  0.9994321
6662.76  0.9989893
6663.19  1.000178
6663.62  1.002905
6664.05  0.9984097
6664.47  0.9912696
6664.90  0.9919806
6665.33  0.9926705
6665.76  0.9944177
6666.19  0.9993548
6666.62  0.9995707
6667.05  0.9970369
6667.48  1.002242
6667.91  1.005363
6668.34  1.002631
6668.77  1.002446
6669.20  0.9985923
6669.63  0.9955828
6670.06  0.9957316
6670.48  0.9958727
6670.91  0.9924603
6671.34  0.9813771
6671.77  0.9733391
6672.20  0.9802749
6672.63  0.9920764
6673.06  0.9967066
6673.49  1.000321
6673.92  1.001943
6674.35  1.001145
6674.78  1.002092
6675.21  0.9994349
6675.64  0.9954879
6676.07  0.98794
6676.49  0.9719265
6676.92  0.933271
6677.35  0.8607043
6677.78  0.7776506
6678.21  0.7358904
6678.64  0.7650839
6679.07  0.8402043
6679.50  0.9164385
6679.93  0.963317
6680.36  0.9845498
6680.79  0.9938082
6681.22  1.000701
6681.65  1.002083
6682.08  0.9981447
6682.50  0.9973725
6682.93  0.9991274
6683.36  0.9997302
6683.79  0.9996413
6684.22  0.9964148
6684.65  0.9941574
6685.08  0.9930065
6685.51  0.993264
6685.94  0.9918496
6686.37  0.9920645
6686.80  0.9955625
6687.23  0.9950978
6687.66  0.9939125
6688.09  0.9991848
6688.52  0.9938487
6688.94  0.9933323
6689.37  0.9940967
6689.80  0.9949293
6690.23  0.996152
6690.66  1.001129
6691.09  1.003635
6691.52  0.9997438
6691.95  1.001009
6692.38  1.002212
6692.81  1.000577
6693.24  0.9980669
6693.67  1.001336
6694.10  0.9987626
6694.53  0.9966308
6694.95  0.9970793
6695.38  0.9987417
6695.81  1.001081
6696.24  0.9995334
6696.67  1.000226
6697.10  0.9992968
6697.53  0.998268
6697.96  0.9994712
6698.39  1.001136
6698.82  1.00111
6699.25  0.996569
6699.68  0.9948078
6700.11  0.998983
6700.54  1.000814
6700.96  1.000141
6701.39  0.9994611
6701.82  1.001128
6702.25  1.003389
6702.68  1.004183
6703.11  1.004087
6703.54  1.003978
6703.97  1.000598
6704.40  0.9998738
6704.83  0.9994225
6705.26  0.9988608
6705.69  0.9996247
6706.12  1.001838
6706.55  0.998852
6706.97  0.998884
6707.40  1.00134
6707.83  0.9989986
6708.26  0.9965971
6708.69  0.9957528
6709.12  0.9954688
6709.55  0.9972839
6709.98  0.9988725
6710.41  0.9942142
6710.84  0.9955052
6711.27  0.9982247
6711.70  1.001307
6712.13  1.000656
6712.56  0.998111
6712.98  0.9969362
6713.41  0.9972671
6713.84  0.9962943
6714.27  1.000168
6714.70  0.9976631
6715.13  0.996376
6715.56  0.9973767
6715.99  0.9934987
6716.42  0.9894379
6716.85  0.9831413
6717.28  0.9816023
6717.71  0.9853079
6718.14  0.9930738
6718.57  0.9998587
6718.99  1.000653
6719.42  0.9989157
6719.85  0.9955829
6720.28  0.9940546
6720.71  0.9990688
6721.14  0.9995167
6721.57  0.9992916
6722.00  0.9985031
6722.43  0.9982109
6722.86  0.9956101
6723.29  0.9935136
6723.72  0.9940109
6724.15  0.9927808
6724.58  0.9943779
6725.00  0.9969403
6725.43  0.996465
6725.86  0.9954094
6726.29  0.9941193
6726.72  0.9942573
6727.15  0.9952886
6727.58  0.9944419
6728.01  0.9932253
6728.44  0.996594
6728.87  0.9979261
6729.30  0.9982896
6729.73  0.9988508
6730.16  0.9975443
6730.59  0.9981393
6731.02  1.000615
6731.44  1.000723
6731.87  0.998171
6732.30  0.997555
6732.73  0.9970617
6733.16  0.9994094
6733.59  0.9997157
6734.02  0.9984601
6734.45  0.9986123
6734.88  1.000674
6735.31  1.002308
6735.74  1.001523
6736.17  1.001271
6736.60  1.001422
6737.03  1.000041
6737.45  1.002358
6737.88  1.002035
6738.31  1.002146
6738.74  0.9977307
6739.17  0.9956237
6739.60  0.996745
6740.03  0.9960805
6740.46  0.9934348
6740.89  0.9979445
6741.32  1.000626
6741.75  0.9994519
6742.18  1.001698
6742.61  0.9994121
6743.04  0.9987699
6743.46  0.9996182
6743.89  1.002003
6744.32  1.000422
6744.75  1.002428
6745.18  1.003995
6745.61  1.004244
6746.04  1.003403
6746.47  1.005352
6746.90  1.00535
6747.33  1.000441
6747.76  1.003916
6748.19  1.006042
6748.62  1.001039
6749.05  1.003896
6749.47  1.001267
6749.90  0.9994543
6750.33  0.9965408
6750.76  0.9950151
6751.19  0.9984156
6751.62  0.9614535
