6312.01  0.9829782
6312.43  0.9792503
6312.86  0.9898535
6313.29  0.9767898
6313.72  0.9573185
6314.15  0.9535183
6314.58  0.9724759
6315.01  0.993531
6315.44  0.9747843
6315.87  0.961558
6316.30  0.9599971
6316.73  0.9619555
6317.15  0.9883078
6317.58  0.9956698
6318.01  0.9777305
6318.44  0.9672951
6318.87  0.9468682
6319.30  0.9477856
6319.73  0.9723106
6320.16  0.9860151
6320.59  0.988538
6321.02  0.9868084
6321.45  0.9884492
6321.87  0.9940687
6322.30  0.9894295
6322.73  0.9540126
6323.16  0.9318637
6323.59  0.9534451
6324.02  0.978422
6324.45  0.989307
6324.88  0.9929292
6325.31  0.9921272
6325.74  0.9884524
6326.17  0.9916859
6326.59  1.00359
6327.02  1.002342
6327.45  0.9964516
6327.88  0.9899696
6328.31  0.9792408
6328.74  0.9842673
6329.17  0.9865275
6329.60  0.9891806
6330.03  0.9917388
6330.46  0.9951126
6330.88  0.9911318
6331.31  0.9810692
6331.74  0.9829311
6332.17  0.9887723
6332.60  0.9855658
6333.03  0.9922478
6333.46  0.9930935
6333.89  0.9895723
6334.32  0.9884101
6334.75  0.9898046
6335.18  0.9871714
6335.60  0.9889283
6336.03  0.9947876
6336.46  0.9993533
6336.89  0.9960147
6337.32  0.9933738
6337.75  0.9937406
6338.18  0.9936829
6338.61  0.9959816
6339.04  0.9951773
6339.47  0.9969957
6339.90  0.9958873
6340.32  0.9944097
6340.75  0.9856432
6341.18  0.9766997
6341.61  0.9699383
6342.04  0.9756097
6342.47  0.985756
6342.90  0.9912699
6343.33  0.9932258
6343.76  0.9926428
6344.19  0.9937181
6344.62  0.9885109
6345.04  0.9875647
6345.47  0.9852057
6345.90  0.9761287
6346.33  0.9614197
6346.76  0.9677345
6347.19  0.9931681
6347.62  0.9977866
6348.05  0.9924505
6348.48  0.9965963
6348.91  0.9972643
6349.33  0.9941289
6349.76  0.9792909
6350.19  0.9687586
6350.62  0.9792484
6351.05  0.9845364
6351.48  0.9956139
6351.91  0.9968485
6352.34  0.9971369
6352.77  0.9957142
6353.20  0.9983462
6353.63  0.9996119
6354.05  0.9969049
6354.48  0.9909248
6354.91  0.9907234
6355.34  0.9953404
6355.77  0.993315
6356.20  0.9997666
6356.63  0.9923528
6357.06  0.995164
6357.49  0.9897797
6357.92  0.983189
6358.35  0.9865169
6358.77  0.9875703
6359.20  0.9958811
6359.63  0.9981726
6360.06  0.9920145
6360.49  0.9779908
6360.92  0.9803249
6361.35  0.9897991
6361.78  0.999716
6362.21  0.9971551
6362.64  0.9981412
6363.07  1.00131
6363.49  1.000324
6363.92  1.000094
6364.35  0.998489
6364.78  1.000286
6365.21  1.003184
6365.64  0.9999288
6366.07  0.9944428
6366.50  0.998763
6366.93  1.001546
6367.36  0.9907596
6367.78  0.9801754
6368.21  0.9855258
6368.64  0.9949344
6369.07  0.99448
6369.50  0.9919423
6369.93  0.9888153
6370.36  0.977868
6370.79  0.9715528
6371.22  0.9838105
6371.65  0.998173
6372.08  1.000196
6372.50  0.9981195
6372.93  0.9973283
6373.36  0.9969411
6373.79  0.9974637
6374.22  0.9988601
6374.65  0.9966199
6375.08  0.9943471
6375.51  0.9972586
6375.94  1.00375
6376.37  0.9958216
6376.80  0.9975604
6377.22  1.000324
6377.65  0.9998515
6378.08  0.9928852
6378.51  0.9861114
6378.94  0.9917165
6379.37  0.9960046
6379.80  0.9956023
6380.23  0.9859246
6380.66  0.9867409
6381.09  0.993229
6381.52  0.9923615
6381.94  0.9849175
6382.37  0.9839366
6382.80  0.9922482
6383.23  0.9973031
6383.66  0.9958071
6384.09  0.9952622
6384.52  0.9965698
6384.95  0.9936852
6385.38  0.9933706
6385.81  1.001333
6386.23  0.997668
6386.66  0.9992611
6387.09  1.001823
6387.52  1.002983
6387.95  0.9970978
6388.38  0.9926203
6388.81  0.997177
6389.24  0.9962248
6389.67  0.9948229
6390.10  0.9959721
6390.53  0.9947076
6390.95  0.9988129
6391.38  0.9991525
6391.81  0.9954607
6392.24  1.000224
6392.67  1.001656
6393.10  0.9972734
6393.53  0.99677
6393.96  1.000674
6394.39  1.001122
6394.82  0.9978215
6395.25  0.9967875
6395.67  0.9915031
6396.10  0.9906625
6396.53  0.9948488
6396.96  0.9924544
6397.39  0.9906817
6397.82  0.9954727
6398.25  1.002993
6398.68  0.9978432
6399.11  0.9970948
6399.54  0.9887472
6399.97  0.9981011
6400.39  0.9880518
6400.82  0.9910946
6401.25  0.9991432
6401.68  0.9907265
6402.11  0.9887968
6402.54  0.9878097
6402.97  0.9896654
6403.40  0.9886403
6403.83  0.9878344
6404.26  0.9928322
6404.68  0.9940858
6405.11  0.9952323
6405.54  0.992702
6405.97  0.9879537
6406.40  0.984786
6406.83  0.9862768
6407.26  0.9784335
6407.69  0.9749058
6408.12  0.9821379
6408.55  0.9797348
6408.98  0.9868232
6409.40  0.9950393
6409.83  0.9957125
6410.26  1.001518
6410.69  0.99472
6411.12  0.9971282
6411.55  0.9959021
6411.98  0.9874366
6412.41  0.9849136
6412.84  0.989768
6413.27  0.9934148
6413.70  0.9920434
6414.12  0.9944049
6414.55  0.9932758
6414.98  0.9907059
6415.41  0.9891202
6415.84  0.9865264
6416.27  0.9821645
6416.70  0.9862444
6417.13  0.996257
6417.56  0.9907497
6417.99  0.9869947
6418.42  0.9896662
6418.84  0.9857051
6419.27  0.9858323
6419.70  0.9898602
6420.13  0.9972885
6420.56  0.9973378
6420.99  0.9956027
6421.42  0.9931829
6421.85  0.9987138
6422.28  0.9926127
6422.71  0.9904238
6423.13  0.994101
6423.56  0.9951696
6423.99  0.9858998
6424.42  0.9866511
6424.85  0.9842082
6425.28  0.9823427
6425.71  0.9910458
6426.14  0.9934112
6426.57  0.9907797
6427.00  0.9929647
6427.43  0.9997811
6427.85  0.9941366
6428.28  0.9890855
6428.71  0.9935724
6429.14  0.9932308
6429.57  0.9879266
6430.00  0.992869
6430.43  0.9940884
6430.86  0.9953634
6431.29  0.9916259
6431.72  0.9771312
6432.15  0.9687018
6432.57  0.9735489
6433.00  0.9876776
6433.43  0.9888781
6433.86  0.9850281
6434.29  0.9907416
6434.72  0.9871058
6435.15  0.966656
6435.58  0.9545697
6436.01  0.9820033
6436.44  1.004351
6436.87  0.9989988
6437.29  0.99932
6437.72  0.9987699
6438.15  0.9966944
6438.58  0.9897929
6439.01  0.9837294
6439.44  0.9866056
6439.87  0.9880693
6440.30  0.9904776
6440.73  0.9908141
6441.16  0.9897594
6441.58  0.9936411
6442.01  0.988003
6442.44  0.9838829
6442.87  0.980877
6443.30  0.9799347
6443.73  0.9830968
6444.16  0.9860033
6444.59  0.9882627
6445.02  0.9926369
6445.45  0.9887555
6445.88  0.9913468
6446.30  0.9983333
6446.73  0.9807166
6447.16  0.9710196
6447.59  0.9761187
6448.02  0.9880031
6448.45  0.9869155
6448.88  0.9826265
6449.31  0.9831039
6449.74  0.9789153
6450.17  0.9789689
6450.60  0.971563
6451.02  0.9785292
6451.45  0.9829154
6451.88  0.9810307
6452.31  0.9740396
6452.74  0.968118
6453.17  0.956183
6453.60  0.9474681
6454.03  0.9626513
6454.46  0.9773629
6454.89  0.9830036
6455.32  0.9870673
6455.74  0.9828734
6456.17  0.9709388
6456.60  0.9660585
6457.03  0.9737097
6457.46  0.9634144
6457.89  0.9297156
6458.32  0.9202701
6458.75  0.9325817
6459.18  0.9284283
6459.61  0.9430805
6460.03  0.9706096
6460.46  0.9795604
6460.89  0.9648281
6461.32  0.9569963
6461.75  0.9782427
6462.18  0.9751644
6462.61  0.9491034
6463.04  0.9274386
6463.47  0.9206558
6463.90  0.9314579
6464.33  0.9551109
6464.75  0.9624016
6465.18  0.937386
6465.61  0.9130645
6466.04  0.9249411
6466.47  0.9286215
6466.90  0.912581
6467.33  0.9094868
6467.76  0.9344463
6468.19  0.9346443
6468.62  0.886017
6469.05  0.8676805
6469.47  0.914544
6469.90  0.9525329
6470.33  0.9677194
6470.76  0.9716626
6471.19  0.9489174
6471.62  0.8909901
6472.05  0.8615373
6472.48  0.8774413
6472.91  0.9184701
6473.34  0.9379746
6473.77  0.8986587
6474.19  0.8082259
6474.62  0.746296
6475.05  0.7767532
6475.48  0.8601638
6475.91  0.8957081
6476.34  0.8897937
6476.77  0.9076444
6477.20  0.9511702
6477.63  0.9655023
6478.06  0.930625
6478.48  0.8769109
6478.91  0.8353413
6479.34  0.8321385
6479.77  0.8880185
6480.20  0.9352973
6480.63  0.9410564
6481.06  0.9428551
6481.49  0.9480016
6481.92  0.9163978
6482.35  0.8285611
6482.78  0.7609388
6483.20  0.7770016
6483.63  0.850439
6484.06  0.9091386
6484.49  0.9253192
6484.92  0.9255996
6485.35  0.9296048
6485.78  0.9082921
6486.21  0.8981718
6486.64  0.922887
6487.07  0.9361252
6487.50  0.9483655
6487.92  0.9463976
6488.35  0.9326685
6488.78  0.9512372
6489.21  0.957819
6489.64  0.8964776
6490.07  0.8451865
6490.50  0.8933086
6490.93  0.9597356
6491.36  0.9620652
6491.79  0.8929135
6492.22  0.8337584
6492.64  0.8744504
6493.07  0.9365091
6493.50  0.9498182
6493.93  0.9579178
6494.36  0.9453857
6494.79  0.8758698
6495.22  0.8436649
6495.65  0.9173982
6496.08  0.9591281
6496.51  0.9265321
6496.93  0.9125163
6497.36  0.9528068
6497.79  0.9770274
6498.22  0.9863319
6498.65  0.9915879
6499.08  0.9800895
6499.51  0.9912325
6499.94  0.9969857
6500.37  0.9822085
6500.80  0.9761784
6501.23  0.9763612
6501.65  0.9691601
6502.08  0.9673786
6502.51  0.9664633
6502.94  0.9483415
6503.37  0.9423677
6503.80  0.9654496
6504.23  0.9872617
6504.66  0.9942624
6505.09  0.99752
6505.52  1.001818
6505.95  1.000537
6506.37  0.983156
6506.80  0.9678578
6507.23  0.9533409
6507.66  0.9127893
6508.09  0.9212356
6508.52  0.9714819
6508.95  0.9882341
6509.38  0.9877343
6509.81  0.9894817
6510.24  0.9863939
6510.67  0.9607818
6511.09  0.9124185
6511.52  0.9034979
6511.95  0.9414672
6512.38  0.9681658
6512.81  0.9584671
6513.24  0.9139643
6513.67  0.8365666
6514.10  0.8294717
6514.53  0.880868
6514.96  0.8718632
6515.38  0.7738344
6515.81  0.6964175
6516.24  0.7532611
6516.67  0.8652318
6517.10  0.9038893
6517.53  0.9124981
6517.96  0.9068123
6518.39  0.8598225
6518.82  0.852828
6519.25  0.9248696
6519.68  0.9738442
6520.10  0.9776772
6520.53  0.9771745
6520.96  0.9591946
6521.39  0.9447814
6521.82  0.9532681
6522.25  0.9382954
6522.68  0.8742773
6523.11  0.8550907
6523.54  0.9164034
6523.97  0.9718399
6524.40  0.98422
6524.82  0.9732639
6525.25  0.9774179
6525.68  0.9891281
6526.11  0.987277
6526.54  0.9806706
6526.97  0.974319
6527.40  0.9792529
6527.83  0.9878582
6528.26  0.9894966
6528.69  0.9896315
6529.12  0.9809924
6529.54  0.9664572
6529.97  0.9580599
6530.40  0.9784842
6530.83  0.9668748
6531.26  0.9075297
6531.69  0.8806781
6532.12  0.9402589
6532.55  0.9728103
6532.98  0.9351789
6533.41  0.9059635
6533.83  0.9264587
6534.26  0.9561936
6534.69  0.9763756
6535.12  0.9758196
6535.55  0.9597681
6535.98  0.9474053
6536.41  0.9591331
6536.84  0.9786134
6537.27  0.9866697
6537.70  0.9863049
6538.13  0.982931
6538.55  0.9823449
6538.98  0.9814291
6539.41  0.9788088
6539.84  0.9770474
6540.27  0.9786924
6540.70  0.9715724
6541.13  0.9422235
6541.56  0.9101527
6541.99  0.9341854
6542.42  0.9312943
6542.85  0.8628702
6543.27  0.8373937
6543.70  0.9168402
6544.13  0.9686267
6544.56  0.9616463
6544.99  0.9466567
6545.42  0.9606603
6545.85  0.9774092
6546.28  0.9630486
6546.71  0.911707
6547.14  0.8883908
6547.57  0.8585677
6547.99  0.8550007
6548.42  0.9227659
6548.85  0.9700694
6549.28  0.9824966
6549.71  0.9792038
6550.14  0.9820412
6550.57  0.9735197
6551.00  0.9482028
6551.43  0.8814948
6551.86  0.8347625
6552.28  0.8831461
6552.71  0.9156613
6553.14  0.9083401
6553.57  0.9290308
6554.00  0.9514849
6554.43  0.9572014
6554.86  0.9652017
6555.29  0.9757621
6555.72  0.9646097
6556.15  0.9120539
6556.58  0.8927173
6557.00  0.9102148
6557.43  0.9093872
6557.86  0.9242364
6558.29  0.9445455
6558.72  0.9508526
6559.15  0.9238054
6559.58  0.8730706
6560.01  0.8495319
6560.44  0.8543119
6560.87  0.867165
6561.30  0.8704948
6561.72  0.8779906
6562.15  0.9073352
6562.58  0.8988546
6563.01  0.8562919
6563.44  0.8355014
6563.87  0.8832041
6564.30  0.915221
6564.73  0.9066548
6565.16  0.8976443
6565.59  0.8958934
6566.02  0.903346
6566.44  0.9215993
6566.87  0.9337735
6567.30  0.9350134
6567.73  0.9184903
6568.16  0.9141996
6568.59  0.9417813
6569.02  0.9587989
6569.45  0.9663914
6569.88  0.9588987
6570.31  0.9629335
6570.73  0.9352725
6571.16  0.8725327
6571.59  0.8950015
6572.02  0.9540905
6572.45  0.9710159
6572.88  0.9759412
6573.31  0.9565499
6573.74  0.8839442
6574.17  0.8596282
6574.60  0.9302765
6575.03  0.9794347
6575.45  0.9777322
6575.88  0.9769415
6576.31  0.9840476
6576.74  0.9874305
6577.17  0.9819117
6577.60  0.9766398
6578.03  0.9746723
6578.46  0.9680491
6578.89  0.9662418
6579.32  0.9635195
6579.75  0.9345891
6580.17  0.9312093
6580.60  0.9555176
6581.03  0.9732158
6581.46  0.9756924
6581.89  0.9652346
6582.32  0.9398679
6582.75  0.9323263
6583.18  0.9533346
6583.61  0.9672209
6584.04  0.9687473
6584.47  0.9612954
6584.89  0.9528331
6585.32  0.9357427
6585.75  0.9075244
6586.18  0.9349573
6586.61  0.981901
6587.04  0.9884812
6587.47  0.979262
6587.90  0.9797887
6588.33  0.9879421
6588.76  0.9950402
6589.18  0.9959548
6589.61  1.000614
6590.04  1.003428
6590.47  1.000561
6590.90  0.9994903
6591.33  0.9958259
6591.76  0.9864753
6592.19  0.9850107
6592.62  0.9801445
6593.05  0.9748597
6593.48  0.9660634
6593.90  0.9755211
6594.33  0.99824
6594.76  0.9988836
6595.19  0.9956966
6595.62  0.9883182
6596.05  0.979
6596.48  0.9916115
6596.91  0.9909844
6597.34  1.001242
6597.77  0.9980128
6598.20  0.9703065
6598.62  0.9529512
6599.05  0.9694692
6599.48  0.9701701
6599.91  0.9768954
6600.34  0.9877005
6600.77  0.9791926
6601.20  0.9583975
6601.63  0.9590744
6602.06  0.9832657
6602.49  0.9899712
6602.92  0.9837862
6603.34  0.9782878
6603.77  0.9817865
6604.20  0.9739464
6604.63  0.9742218
6605.06  0.9862894
6605.49  0.988417
6605.92  0.9807345
6606.35  0.9823091
6606.78  0.9811073
6607.21  0.985506
6607.63  0.9823698
6608.06  0.984798
6608.49  0.983614
6608.92  0.9815849
6609.35  0.9807655
6609.78  0.9910306
6610.21  0.9899248
6610.64  0.9896107
6611.07  0.9699848
6611.50  0.9602854
6611.93  0.9989785
6612.35  0.9838453
6612.78  0.9807916
6613.21  0.9803461
6613.64  0.9823102
6614.07  0.9803647
6614.50  0.9732013
6614.93  0.9706979
6615.36  0.9755513
6615.79  0.973969
6616.22  0.9834769
6616.65  0.9759848
6617.07  0.9774422
6617.50  0.9755754
6617.93  0.9769972
6618.36  0.9809476
6618.79  0.9735698
6619.22  0.9814101
6619.65  0.9801321
6620.08  0.9788647
6620.51  0.9759853
6620.94  0.9756603
6621.37  0.9780834
6621.79  0.9724656
6622.22  0.9790486
6622.65  0.9766337
6623.08  0.9727374
6623.51  0.9744104
6623.94  0.975469
6624.37  0.9700787
6624.80  0.9740507
6625.23  0.9712651
6625.66  0.9662846
6626.08  0.9700887
6626.51  0.9696784
6626.94  0.9689364
6627.37  0.9647934
6627.80  0.9699444
6628.23  0.9676288
6628.66  0.9750167
6629.09  0.9793047
6629.52  0.9839817
6629.95  0.9833348
6630.38  0.9815596
6630.80  0.9759336
6631.23  0.9640918
6631.66  0.9631876
6632.09  0.9619913
6632.52  0.9617705
6632.95  0.9650838
6633.38  0.9663767
6633.81  0.9725052
6634.24  0.9735812
6634.67  0.9736903
6635.10  0.9838762
6635.52  0.9831599
6635.95  0.9754614
6636.38  0.9699284
6636.81  0.969829
6637.24  0.9735706
6637.67  0.9764695
6638.10  0.9763252
6638.53  0.9761358
6638.96  0.9810294
6639.39  0.9795954
6639.82  0.9791996
6640.24  0.975432
6640.67  0.967933
6641.10  0.9607938
6641.53  0.9567889
6641.96  0.961751
6642.39  0.9676116
6642.82  0.9685763
6643.25  0.9723259
6643.68  0.9791558
6644.11  0.9859926
6644.53  0.9880384
6644.96  0.9859018
6645.39  0.9817167
6645.82  0.981058
6646.25  0.9805678
6646.68  0.9847276
6647.11  0.9825009
6647.54  0.9806249
6647.97  0.9693156
6648.40  0.9798238
6648.83  0.9821129
6649.25  0.9828898
6649.68  0.9790957
6650.11  0.971567
6650.54  0.9697327
6650.97  0.9788594
6651.40  0.982029
6651.83  0.9743786
6652.26  0.9724687
6652.69  0.9703096
6653.12  0.9723723
6653.55  0.9742264
6653.97  0.9742081
6654.40  0.9664254
6654.83  0.9659997
6655.26  0.9672976
6655.69  0.9719929
6656.12  0.9657425
6656.55  0.9656687
6656.98  0.9683826
6657.41  0.9678003
6657.84  0.9742115
6658.27  0.9844772
6658.69  0.9811307
6659.12  0.9744473
6659.55  0.9694673
6659.98  0.9696233
6660.41  0.9701389
6660.84  0.9713155
6661.27  0.9749871
6661.70  0.973864
6662.13  0.9765236
6662.56  0.9798732
6662.98  0.9848197
6663.41  0.9857831
6663.84  0.9816434
6664.27  0.9735087
6664.70  0.9716779
6665.13  0.9755086
6665.56  0.9864029
6665.99  0.9898038
6666.42  0.984078
6666.85  0.9852098
6667.28  0.9912585
6667.70  0.9896821
6668.13  0.992183
6668.56  0.9955583
6668.99  0.9907994
6669.42  0.9861957
6669.85  0.9861268
6670.28  0.9877482
6670.71  0.9869691
6671.14  0.9842481
6671.57  0.9813021
6672.00  0.9948006
6672.42  0.9999147
6672.85  0.9973592
6673.28  0.9940109
6673.71  0.991302
6674.14  0.9842895
6674.57  0.978165
6675.00  0.9656864
6675.43  0.9510667
6675.86  0.9327479
6676.29  0.8921194
6676.72  0.8494413
6677.14  0.8032278
6677.57  0.7595206
6678.00  0.7439322
6678.43  0.7354352
6678.86  0.754456
6679.29  0.7849074
6679.72  0.8174031
6680.15  0.8644714
6680.58  0.9018087
6681.01  0.9275373
6681.43  0.9453803
6681.86  0.9513165
6682.29  0.953568
6682.72  0.957913
6683.15  0.9575889
6683.58  0.964673
6684.01  0.9678044
6684.44  0.966916
6684.87  0.9705334
6685.30  0.9729338
6685.73  0.9732381
6686.15  0.9810448
6686.58  0.9830769
6687.01  0.9841663
6687.44  0.9853187
6687.87  0.9850445
6688.30  0.9968374
6688.73  0.9937414
6689.16  0.9917168
6689.59  0.99421
6690.02  0.9859753
6690.45  0.9876623
6690.87  0.9922515
6691.30  0.979156
6691.73  0.9811928
6692.16  0.981749
6692.59  0.9797645
6693.02  0.9857404
6693.45  0.987271
6693.88  0.9877425
6694.31  0.987244
6694.74  0.9898568
6695.17  0.9917681
6695.59  0.9942843
6696.02  0.9946703
6696.45  0.9927876
6696.88  0.9905246
6697.31  0.9919418
6697.74  0.9961398
6698.17  0.9984871
6698.60  1.001337
6699.03  0.9964119
6699.46  1.001186
6699.88  1.000086
6700.31  0.9990205
6700.74  0.9949988
6701.17  0.9898637
6701.60  0.9893944
6702.03  0.9951969
6702.46  0.9923466
6702.89  0.9916656
6703.32  0.9882384
6703.75  0.9863603
6704.18  0.9857049
6704.60  0.9884527
6705.03  0.9887847
6705.46  0.9881226
6705.89  0.9890985
6706.32  0.9922739
6706.75  0.9959929
6707.18  0.9953765
6707.61  0.9830088
6708.04  0.9800496
6708.47  0.982099
6708.90  0.979304
6709.32  0.9753101
6709.75  0.9734501
6710.18  0.9770499
6710.61  0.9798563
6711.04  0.9931527
6711.47  0.9832123
6711.90  0.9786651
6712.33  0.9754186
6712.76  0.9796527
6713.19  0.9806584
6713.62  0.9795783
6714.04  0.9841151
6714.47  0.9795449
6714.90  0.9901145
6715.33  0.9939492
6715.76  0.9906998
6716.19  0.9934854
6716.62  1.001958
6717.05  1.001255
6717.48  1.000143
6717.91  0.9969724
6718.33  0.9964463
6718.76  0.9883847
6719.19  0.9784927
6719.62  0.9758291
6720.05  0.9779025
6720.48  0.973379
6720.91  0.9713722
6721.34  0.9650921
6721.77  0.9704521
6722.20  0.9635556
6722.63  0.9684626
6723.05  0.9794872
6723.48  0.9771386
6723.91  0.979349
6724.34  0.9778442
6724.77  0.9833004
6725.20  0.9803509
6725.63  0.9839488
6726.06  0.977011
6726.49  0.9740136
6726.92  0.9731792
6727.35  0.9744011
6727.77  0.9838898
6728.20  0.9804913
6728.63  0.981128
6729.06  0.9802949
6729.49  0.9764698
6729.92  0.9736303
6730.35  0.9788318
6730.78  0.9821707
6731.21  0.9801232
6731.64  0.9836215
6732.07  0.9805959
6732.49  0.9740504
6732.92  0.9827404
6733.35  0.9840425
6733.78  0.9752092
6734.21  0.9809092
6734.64  0.979277
6735.07  0.9811257
6735.50  0.9796788
6735.93  0.973734
6736.36  0.9708284
6736.78  0.9740657
6737.21  0.9814082
6737.64  0.9856016
6738.07  0.9840844
6738.50  0.9858068
6738.93  0.9826823
6739.36  0.9773416
6739.79  0.9789819
6740.22  0.9825705
6740.65  0.9865084
6741.08  0.9827718
6741.50  0.9789996
6741.93  0.9813374
6742.36  0.9867784
6742.79  0.9880011
6743.22  0.9862794
6743.65  0.9873826
6744.08  0.9795353
6744.51  0.9865431
6744.94  0.9925847
6745.37  0.9885885
6745.80  0.99545
6746.22  0.9991208
6746.65  0.98988
6747.08  0.9873841
6747.51  0.9912126
6747.94  0.9897293
6748.37  0.9934841
6748.80  0.991115
6749.23  0.9883634
6749.66  0.9905496
6750.09  0.9895446
6750.52  0.9900385
6750.94  0.9564139
