3944.78  0.9691764
3945.35  0.9748942
3945.92  0.9751811
3946.49  0.9903495
3947.06  1.002039
3947.63  1.000769
3948.20  1.001727
3948.77  0.9962519
3949.34  0.9970727
3949.91  1.002744
3950.48  0.9949493
3951.05  1.00542
3951.62  1.004272
3952.19  0.9982373
3952.76  0.9962531
3953.33  0.9974133
3953.90  0.9726408
3954.47  0.9484771
3955.04  0.9542729
3955.61  0.9655758
3956.18  0.9816958
3956.75  0.9913173
3957.32  0.9995311
3957.89  1.001712
3958.46  1.003985
3959.03  1.004726
3959.60  1.000801
3960.17  1.003077
3960.74  0.9939879
3961.31  0.9822309
3961.88  0.9795484
3962.45  0.9830532
3963.03  0.9817364
3963.60  0.9653912
3964.17  0.9310352
3964.74  0.8975563
3965.31  0.8889967
3965.88  0.9103091
3966.45  0.9274391
3967.02  0.9279938
3967.59  0.9084951
3968.16  0.8745223
3968.73  0.8126464
3969.30  0.7501268
3969.87  0.6969515
3970.44  0.6827135
3971.01  0.7039929
3971.58  0.756843
3972.15  0.8144689
3972.72  0.8459454
3973.29  0.8631617
3973.86  0.8879732
3974.43  0.9177891
3975.00  0.9522386
3975.57  0.9766706
3976.14  0.985959
3976.71  0.9905777
3977.28  0.9958271
3977.85  1.000082
3978.42  0.9966631
3978.99  0.9958576
3979.56  0.9966946
3980.13  0.9960561
3980.70  1.00158
3981.27  1.001437
3981.84  0.9953068
3982.41  0.9796343
3982.98  0.9688527
3983.55  0.9680998
3984.12  0.974462
3984.69  0.9857252
3985.26  0.9903988
3985.83  0.9927717
3986.40  0.9967238
3986.97  0.9953202
3987.54  0.9960678
3988.11  0.9983267
3988.68  0.9998161
3989.25  1.003214
3989.82  1.004145
3990.39  1.006277
3990.96  1.004232
3991.53  1.004796
3992.10  1.008938
3992.67  1.008005
3993.24  0.9990029
3993.81  0.993855
3994.38  0.9748464
3994.95  0.9090155
3995.52  0.9310245
3996.09  0.9584693
3996.66  0.9792457
3997.23  0.9893891
3997.80  0.9996369
3998.37  0.9913819
3998.94  0.9932353
3999.51  0.9961205
4000.08  0.9965748
4000.65  0.9922825
4001.22  0.9940161
4001.79  0.9960678
4002.36  0.9981777
4002.93  0.9968778
4003.50  0.9972476
4004.07  0.9879937
4004.64  0.9920879
4005.21  0.9893296
4005.78  0.9980876
4006.35  0.9924988
4006.92  0.9898952
4007.49  0.9811909
4008.06  0.9671889
4008.63  0.9431716
4009.20  0.9129903
4009.77  0.9008558
4010.34  0.9220802
4010.91  0.9590511
4011.48  0.9733983
4012.05  0.9890265
4012.62  1.000111
4013.19  1.00234
4013.76  0.9965114
4014.33  0.995732
4014.90  0.9952575
4015.47  0.992858
4016.04  0.9950192
4016.61  0.9991659
4017.18  0.998621
4017.75  0.9989919
4018.32  1.001934
4018.89  0.9999037
4019.46  1.00194
4020.03  0.9962767
4020.60  0.9970915
4021.17  1.000087
4021.74  0.9931042
4022.31  0.9888748
4022.88  0.9824384
4023.45  0.9713483
4024.02  0.9574502
4024.59  0.9358402
4025.16  0.8903226
4025.73  0.8122872
4026.30  0.7542844
4026.87  0.762531
4027.44  0.8203136
4028.01  0.8998166
4028.58  0.9500242
4029.15  0.9772385
4029.72  0.9915093
4030.29  0.996757
4030.86  0.9946434
4031.43  1.00475
4032.00  1.003147
4032.57  0.9994336
4033.14  0.9993826
4033.71  0.9937825
4034.28  0.9937565
4034.85  0.9911717
4035.42  0.9820693
4035.99  0.9869215
4036.57  0.9891766
4037.14  0.9940068
4037.71  0.9954928
4038.28  1.001403
4038.85  1.000785
4039.42  0.9948332
4039.99  0.9954
4040.56  0.9878749
4041.13  0.9752952
4041.70  0.9643237
4042.27  0.9742105
4042.84  0.98127
4043.41  0.9775851
4043.98  0.9854956
4044.55  0.9902064
4045.12  0.997386
4045.69  1.002337
4046.26  1.001477
4046.83  1.003706
4047.40  1.004451
4047.97  1.002338
4048.54  1.006195
4049.11  1.004843
4049.68  1.003807
4050.25  1.007667
4050.82  1.001864
4051.39  1.00044
4051.96  1.012018
4052.53  1.012181
4053.10  1.004842
4053.67  1.002636
4054.24  1.001057
4054.81  0.9962757
4055.38  0.9945664
4055.95  0.9967095
4056.52  0.9969513
4057.09  0.9954845
4057.66  0.996078
4058.23  0.9919298
4058.80  1.000917
4059.37  1.005664
4059.94  0.9968423
4060.51  0.9917649
4061.08  0.980013
4061.65  0.9865184
4062.22  0.994033
4062.79  0.9978795
4063.36  1.001368
4063.93  0.9994414
4064.50  0.9957467
4065.07  1.003799
4065.64  1.010967
4066.21  1.015697
4066.78  1.008489
4067.35  0.9975872
4067.92  0.9794858
4068.49  0.9637564
4069.06  0.9326966
4069.63  0.9050741
4070.20  0.8887542
4070.77  0.9024359
4071.34  0.9225942
4071.91  0.9210377
4072.48  0.9139096
4073.05  0.9346909
4073.62  0.9621903
4074.19  0.9832585
4074.76  0.9740297
4075.33  0.9462896
4075.90  0.9124819
4076.47  0.9164987
4077.04  0.9502839
4077.61  0.9781052
4078.18  0.9894014
4078.75  0.9829308
4079.32  0.9835582
4079.89  0.9949308
4080.46  0.9964425
4081.03  0.9987716
4081.60  1.005621
4082.17  1.001579
4082.74  0.999382
4083.31  1.000857
4083.88  0.9945213
4084.45  0.9743852
4085.02  0.966856
4085.59  0.964219
4086.16  0.970763
4086.73  0.9757796
4087.30  0.9625011
4087.87  0.9288557
4088.44  0.8611356
4089.01  0.7842799
4089.58  0.7758301
4090.15  0.8443899
4090.72  0.9236541
4091.29  0.9685538
4091.86  0.9859481
4092.43  0.9842647
4093.00  0.9714133
4093.57  0.974031
4094.14  0.9786716
4094.71  0.9806713
4095.28  0.9694017
4095.85  0.9507031
4096.42  0.9193574
4096.99  0.8715203
4097.56  0.8327345
4098.13  0.8325688
4098.70  0.8566924
4099.27  0.8746485
4099.84  0.8653541
4100.41  0.8194401
4100.98  0.7533008
4101.55  0.6862617
4102.12  0.6539912
4102.69  0.6640353
4103.26  0.6991661
4103.83  0.7496748
4104.40  0.8084984
4104.97  0.8616121
4105.54  0.8936762
4106.11  0.9190995
4106.68  0.9404818
4107.25  0.9590194
4107.82  0.9720154
4108.39  0.9779994
4108.96  0.9795233
4109.53  0.9812737
4110.11  0.9790988
4110.68  0.9708764
4111.25  0.9693245
4111.82  0.9686455
4112.39  0.9716962
4112.96  0.9803833
4113.53  0.9863186
4114.10  0.9855974
4114.67  0.9743372
4115.24  0.9440358
4115.81  0.8832211
4116.38  0.8346953
4116.95  0.8481644
4117.52  0.9036115
4118.09  0.9426616
4118.66  0.9494884
4119.23  0.925735
4119.80  0.9078416
4120.37  0.8843731
4120.94  0.8687192
4121.51  0.8750554
4122.08  0.9174526
4122.65  0.9547623
4123.22  0.9780053
4123.79  0.9878485
4124.36  0.9997336
4124.93  1.007537
4125.50  0.9978349
4126.07  0.9983773
4126.64  1.004382
4127.21  0.9976614
4127.78  0.9993993
4128.35  0.9989542
4128.92  0.9933331
4129.49  0.9960533
4130.06  0.9973223
4130.63  0.994145
4131.20  0.9916424
4131.77  0.984971
4132.34  0.9801641
4132.91  0.9658522
4133.48  0.96666
4134.05  0.9803264
4134.62  0.991233
4135.19  0.9948854
4135.76  1.002302
4136.33  1.004188
4136.90  0.9975188
4137.47  1.001416
4138.04  0.9967788
4138.61  0.9986038
4139.18  0.9973267
4139.75  0.9875875
4140.32  0.9935841
4140.89  0.9888354
4141.46  0.9849617
4142.03  0.9732108
4142.60  0.9513468
4143.17  0.9192666
4143.74  0.8795241
4144.31  0.8631109
4144.88  0.887634
4145.45  0.9282006
4146.02  0.9544593
4146.59  0.9657078
4147.16  0.9794819
4147.73  0.9864817
4148.30  0.9956311
4148.87  0.9947482
4149.44  0.9959447
4150.01  0.9902886
4150.58  0.990527
4151.15  0.9901041
4151.72  0.9914851
4152.29  0.9891702
4152.86  0.963853
4153.43  0.9462479
4154.00  0.9485554
4154.57  0.9642475
4155.14  0.9791804
4155.71  0.9859575
4156.28  0.9794117
4156.85  0.9794756
4157.42  0.9832952
4157.99  0.9887016
4158.56  0.995093
4159.13  0.9980154
4159.70  0.9948698
4160.27  0.9936776
4160.84  0.997493
4161.41  0.9970016
4161.98  0.9912591
4162.55  0.9850391
4163.12  0.9844263
4163.69  0.9851519
4164.26  0.9870943
4164.83  0.9838086
4165.40  0.9844008
4165.97  0.9903157
4166.54  0.9951631
4167.11  0.9971532
4167.68  0.9927744
4168.25  0.9829943
4168.82  0.9626902
4169.39  0.9595879
4169.96  0.9700222
4170.53  0.9778014
4171.10  0.9888568
4171.67  0.9862495
4172.24  0.9856742
4172.81  0.9907864
4173.38  0.9902135
4173.95  0.9883003
4174.52  0.9902393
4175.09  0.9920003
4175.66  0.9868153
4176.23  0.9825292
4176.80  0.9826028
4177.37  0.9876456
4177.94  0.9883057
4178.51  0.9881218
4179.08  0.9860743
4179.65  0.9811577
4180.22  0.9852149
4180.79  0.9887637
4181.36  0.9926451
4181.93  0.9962863
4182.50  0.9919165
4183.07  0.9917695
4183.65  0.9908945
4184.22  0.9841482
4184.79  0.9777112
4185.36  0.9610506
4185.93  0.9472599
4186.50  0.9516173
4187.07  0.9582993
4187.64  0.9665679
4188.21  0.9794985
4188.78  0.9773846
4189.35  0.9655465
4189.92  0.9553576
4190.49  0.9598246
4191.06  0.9711403
4191.63  0.9816835
4192.20  0.9851499
4192.77  0.9859574
4193.34  0.9903138
4193.91  0.9956293
4194.48  0.9962845
4195.05  0.9919656
4195.62  0.9876879
4196.19  0.9785864
4196.76  0.9789888
4197.33  0.9825482
4197.90  0.9833314
4198.47  0.9839846
4199.04  0.9749386
4199.61  0.960544
4200.18  0.9608556
4200.75  0.9622189
4201.32  0.9685404
4201.89  0.9841335
4202.46  0.992069
4203.03  0.9905141
4203.60  0.9888415
4204.17  0.9934141
4204.74  0.9890704
4205.31  0.9892378
4205.88  0.9894825
4206.45  0.9952071
4207.02  0.990623
4207.59  0.9838371
4208.16  0.9895883
4208.73  0.9922577
4209.30  0.9943751
4209.87  0.9941363
4210.44  0.9934975
4211.01  0.9907482
4211.58  0.9922717
4212.15  0.9819734
4212.72  0.9827365
4213.29  0.9830987
4213.86  0.9848666
4214.43  0.9879312
4215.00  0.9917681
4215.57  0.9901163
4216.14  0.9911388
4216.71  0.9893891
4217.28  0.9935083
4217.85  0.9908862
4218.42  0.9882062
4218.99  0.9882715
4219.56  0.9852206
4220.13  0.9829888
4220.70  0.9812202
4221.27  0.9855891
4221.84  0.9911548
4222.41  0.9940882
4222.98  0.9959758
4223.55  0.9975327
4224.12  0.9947237
4224.69  1.001557
4225.26  0.9995989
4225.83  0.9987751
4226.40  0.9984806
4226.97  0.9932384
4227.54  0.9877582
4228.11  0.9880672
4228.68  0.9881544
4229.25  0.9925628
4229.82  0.9933925
4230.39  0.9938213
4230.96  0.9931881
4231.53  0.9948251
4232.10  1.000851
4232.67  0.9958211
4233.24  0.9966068
4233.81  0.9961947
4234.38  1.00235
4234.95  0.9980519
4235.52  1.000307
4236.09  0.9953504
4236.66  0.9860833
4237.23  0.9829701
4237.80  0.982474
4238.37  0.9894699
4238.94  0.992466
4239.51  0.9928205
4240.08  0.9974977
4240.65  0.9892728
4241.22  0.9813243
4241.79  0.9734156
4242.36  0.9733703
4242.93  0.9855077
4243.50  0.990711
4244.07  0.9996071
4244.64  1.001202
4245.21  0.9978329
4245.78  1.001884
4246.35  0.9938765
4246.92  0.9948289
4247.49  0.9960372
4248.06  0.996938
4248.63  0.9996776
4249.20  0.997117
4249.77  0.9958432
4250.34  0.9916089
4250.91  0.9996
4251.48  0.9997596
4252.05  0.9967995
4252.62  0.9843764
4253.19  0.9521438
4253.76  0.9340478
4254.33  0.928317
4254.90  0.9511119
4255.47  0.9739209
4256.04  0.9928055
4256.61  0.997621
4257.18  1.000225
4257.76  0.9992625
4258.33  0.9970013
4258.90  1.001309
4259.47  1.003101
4260.04  1.006416
4260.61  1.001934
4261.18  0.9998479
4261.75  1.003807
4262.32  1.004352
4262.89  1.000952
4263.46  1.00006
4264.03  0.998522
4264.60  1.003391
4265.17  1.001257
4265.74  0.9926162
4266.31  0.9821525
4266.88  0.9645544
4267.45  0.9523918
4268.02  0.9580976
4268.59  0.9803379
4269.16  0.9906278
4269.73  0.9952414
4270.30  1.000858
4270.87  1.003418
4271.44  1.002954
4272.01  1.002241
4272.58  1.001426
4273.15  0.9995865
4273.72  0.9975826
4274.29  0.9965281
4274.86  0.98619
4275.43  0.9734546
4276.00  0.9563447
4276.57  0.9557973
4277.14  0.9609544
4277.71  0.9675329
4278.28  0.982086
4278.85  0.9867368
4279.42  0.9950637
4279.99  0.9993903
4280.56  0.9958152
4281.13  0.9977542
4281.70  0.9975238
4282.27  0.9947963
4282.84  0.9885803
4283.41  0.9829993
4283.98  0.9711383
4284.55  0.9573201
4285.12  0.9508826
4285.69  0.9507177
4286.26  0.9704054
4286.83  0.9873891
4287.40  0.9894348
4287.97  0.9935325
4288.54  0.9966309
4289.11  0.9943394
4289.68  0.9961689
4290.25  0.9955263
4290.82  0.9897439
4291.39  0.9897658
4291.96  0.9890735
4292.53  0.9881663
4293.10  0.9963118
4293.67  0.9980152
4294.24  0.9924053
4294.81  0.988084
4295.38  0.987398
4295.95  0.9935203
4296.52  1.002225
4297.09  1.001389
4297.66  1.008342
4298.23  1.009756
4298.80  1.011494
4299.37  1.014349
4299.94  1.014989
4300.51  1.012104
4301.08  1.015974
4301.65  1.014158
4302.22  1.007533
4302.79  1.007196
4303.36  0.9925218
4303.93  0.9815201
4304.50  0.9839908
4305.07  0.9857649
4305.64  0.9934922
4306.21  1.001291
4306.78  0.9971852
4307.35  1.000891
4307.92  1.001422
4308.49  1.003242
4309.06  0.9993318
4309.63  0.9975474
4310.20  1.000691
4310.77  1.000254
4311.34  1.000916
4311.91  1.001391
4312.48  0.9977999
4313.05  0.9983866
4313.62  0.9986303
4314.19  0.994603
4314.76  0.9960333
4315.33  0.9957015
4315.90  0.9875525
4316.47  0.9692908
4317.04  0.9497991
4317.61  0.940002
4318.18  0.9458457
4318.75  0.9483847
4319.32  0.9432494
4319.89  0.9432501
4320.46  0.9521248
4321.03  0.9746792
4321.60  0.9855601
4322.17  0.9968303
4322.74  1.005922
4323.31  1.007193
4323.88  1.005002
4324.45  1.00012
4325.02  0.991334
4325.59  0.9805919
4326.16  0.9807578
4326.73  0.9855174
4327.30  0.9851496
4327.87  0.9848889
4328.44  0.9866397
4329.01  0.9903246
4329.58  0.992478
4330.15  0.9928057
4330.72  0.9873987
4331.30  0.9847062
4331.87  0.9792895
4332.44  0.9654305
4333.01  0.9579774
4333.58  0.9669228
4334.15  0.9676847
4334.72  0.9682394
4335.29  0.9658558
4335.86  0.9600644
4336.43  0.9405162
4337.00  0.9189226
4337.57  0.904961
4338.14  0.8796237
4338.71  0.8400964
4339.28  0.7834242
4339.85  0.7160607
4340.42  0.6700148
4340.99  0.6593931
4341.56  0.6889724
4342.13  0.7463591
4342.70  0.8095596
4343.27  0.8666928
4343.84  0.9050503
4344.41  0.9183726
4344.98  0.9078612
4345.55  0.8975158
4346.12  0.8986303
4346.69  0.9130272
4347.26  0.9198807
4347.83  0.9199225
4348.40  0.9181184
4348.97  0.8876154
4349.54  0.865432
4350.11  0.8720804
4350.68  0.8902081
4351.25  0.9093978
4351.82  0.9264278
4352.39  0.9499217
4352.96  0.9657646
4353.53  0.9751698
4354.10  0.9789259
4354.67  0.9848691
4355.24  0.986545
4355.81  0.988548
4356.38  0.9949439
4356.95  0.9970313
4357.52  0.9972394
4358.09  0.9982487
4358.66  0.9998699
4359.23  1.00186
4359.80  0.9986469
4360.37  0.9984561
4360.94  0.9904511
4361.51  0.9791082
4362.08  0.9835601
4362.65  0.9905107
4363.22  0.9933342
4363.79  0.993158
4364.36  0.9924103
4364.93  0.995075
4365.50  0.9809752
4366.07  0.9566662
4366.64  0.9372097
4367.21  0.9309797
4367.78  0.9429145
4368.35  0.9610733
4368.92  0.9727555
4369.49  0.9796731
4370.06  0.9856491
4370.63  0.9878644
4371.20  0.9908292
4371.77  0.9837975
4372.34  0.9778
4372.91  0.98625
4373.48  0.9927313
4374.05  0.9905226
4374.62  0.9923496
4375.19  0.9961138
4375.76  0.9959646
4376.33  1.000262
4376.90  0.9999847
4377.47  0.9912267
4378.04  0.9814143
4378.61  0.9676429
4379.18  0.9595767
4379.75  0.9672749
4380.32  0.9781408
4380.89  0.9873116
4381.46  0.9908469
4382.03  0.9958079
4382.60  1.000915
4383.17  0.9980933
4383.74  0.9950072
4384.31  0.9944547
4384.88  0.9920584
4385.45  0.984615
4386.02  0.9733154
4386.59  0.9447688
4387.16  0.891623
4387.73  0.8466973
4388.30  0.8412119
4388.87  0.8777169
4389.44  0.9192501
4390.01  0.9495422
4390.58  0.9676484
4391.15  0.9779451
4391.72  0.9802405
4392.29  0.9784807
4392.86  0.9869887
4393.43  0.9929509
4394.00  0.9939802
4394.57  0.9912335
4395.14  0.9851005
4395.71  0.9777193
4396.28  0.9752634
4396.85  0.9822342
4397.42  0.9872993
4397.99  0.9858344
4398.56  0.9871145
4399.13  0.9961067
4399.70  0.9977299
4400.27  0.9961849
4400.84  0.9946905
4401.41  0.9974905
4401.98  0.9984071
4402.55  0.9970958
4403.12  0.9939206
4403.69  0.9928794
4404.26  0.9949979
4404.84  0.9994038
4405.41  0.993102
4405.98  0.9913518
4406.55  0.9960969
4407.12  1.001273
4407.69  0.9984387
4408.26  0.9918677
4408.83  0.9825332
4409.40  0.9817749
4409.97  0.985254
4410.54  0.9853644
4411.11  0.9910286
4411.68  0.9874287
4412.25  0.9825753
4412.82  0.9794022
4413.39  0.9684539
4413.96  0.9486575
4414.53  0.922376
4415.10  0.9034787
4415.67  0.9033537
4416.24  0.9079064
4416.81  0.9105243
4417.38  0.9216586
4417.95  0.9407851
4418.52  0.9638958
4419.09  0.9717532
4419.66  0.9791515
4420.23  0.9862118
4420.80  0.9874379
4421.37  0.9904088
4421.94  0.9905475
4422.51  0.9924116
4423.08  0.9923863
4423.65  0.9935123
4424.22  0.9902806
4424.79  0.9887373
4425.36  0.9865781
4425.93  0.9908611
4426.50  0.9848406
4427.07  0.9823933
4427.64  0.9826944
4428.21  0.9757106
4428.78  0.9704034
4429.35  0.9748411
4429.92  0.973076
4430.49  0.978466
4431.06  0.9776918
4431.63  0.9763721
4432.20  0.972621
4432.77  0.9725375
4433.34  0.9715176
4433.91  0.9809806
4434.48  0.9848816
4435.05  0.9849044
4435.62  0.9857533
4436.19  0.9814894
4436.76  0.9724224
4437.33  0.9589247
4437.90  0.9660579
4438.47  0.9679231
4439.04  0.9768624
4439.61  0.9850878
4440.18  0.986702
4440.75  0.9871675
4441.32  0.9887452
4441.89  0.9847465
4442.46  0.9854724
4443.03  0.9871299
4443.60  0.9877954
4444.17  0.9914538
4444.74  0.9939821
4445.31  0.9907271
4445.88  0.9847192
4446.45  0.974995
4447.02  0.9664781
4447.59  0.9610681
4448.16  0.9694059
4448.73  0.9745386
4449.30  0.9818113
4449.87  0.9903842
4450.44  0.9912049
4451.01  0.9855343
4451.58  0.9850052
4452.15  0.9787857
4452.72  0.9709129
4453.29  0.9798549
4453.86  0.9842176
4454.43  0.98955
4455.00  0.9940681
4455.57  0.9948062
4456.14  0.9961333
4456.71  0.9951676
4457.28  0.9917534
4457.85  0.9916047
4458.42  0.9949377
4458.99  0.9940302
4459.56  0.9934824
4460.13  0.9946302
4460.70  0.9982132
4461.27  0.9973592
4461.84  0.9983588
4462.41  0.9973735
4462.98  0.994503
4463.55  0.9957415
4464.12  0.9925737
4464.69  0.9829658
4465.26  0.9748599
4465.83  0.9705718
4466.40  0.9681046
4466.97  0.9675109
4467.54  0.9635446
4468.11  0.9579735
4468.68  0.949019
4469.25  0.9332024
4469.82  0.8991767
4470.39  0.834517
4470.96  0.7626071
4471.53  0.7285411
4472.10  0.7496061
4472.67  0.8112231
4473.24  0.8847623
4473.81  0.9378778
4474.38  0.9662382
4474.95  0.9799083
4475.52  0.9863034
4476.09  0.989841
4476.66  0.9899751
4477.23  0.9901158
4477.80  0.9868605
4478.38  0.9869789
4478.95  0.9867897
4479.52  0.9758751
4480.09  0.9592909
4480.66  0.9458573
4481.23  0.9415431
4481.80  0.9504885
4482.37  0.9701741
4482.94  0.9828377
4483.51  0.9905292
4484.08  0.9977495
4484.65  1.001243
4485.22  1.004495
4485.79  1.007252
4486.36  1.007969
4486.93  1.003179
4487.50  0.9986508
4488.07  0.9925905
4488.64  0.9893064
4489.21  0.9917662
4489.78  0.9913927
4490.35  0.9940916
4490.92  0.9895499
4491.49  0.9859555
4492.06  0.9900943
4492.63  0.9954432
4493.20  0.9955783
4493.77  0.9982304
4494.34  1.000162
4494.91  0.9993576
4495.48  1.000975
4496.05  0.9983923
4496.62  1.001816
4497.19  1.005385
4497.76  1.006616
4498.33  1.001301
4498.90  0.9949895
4499.47  0.9974127
4500.04  0.9987337
4500.61  1.00074
4501.18  0.9978592
4501.75  0.9980998
4502.32  1.001682
4502.89  1.002056
4503.46  1.000408
4504.03  1.004622
4504.60  1.007035
4505.17  1.004262
4505.74  1.002862
4506.31  1.000965
4506.88  0.9987319
4507.45  0.996989
4508.02  0.9933743
4508.59  0.9991351
4509.16  0.9975312
4509.73  0.9901208
4510.30  0.9788836
4510.87  0.9767029
4511.44  0.9742854
4512.01  0.9792588
4512.58  0.9842396
4513.15  0.9845344
4513.72  0.9855732
4514.29  0.9768049
4514.86  0.9699118
4515.43  0.9703605
4516.00  0.9768271
4516.57  0.9839183
4517.14  0.983642
4517.71  0.9883993
4518.28  0.9931684
4518.85  0.9932291
4519.42  0.9977444
4519.99  1.00028
4520.56  0.999571
4521.13  1.000625
4521.70  1.003093
4522.27  0.9971028
4522.84  0.9916528
4523.41  0.9888395
4523.98  0.9921623
4524.55  0.9941797
4525.12  0.9963562
4525.69  1.001727
4526.26  1.003132
4526.83  0.9956245
4527.40  0.9909852
4527.97  0.9886336
4528.54  0.9830524
4529.11  0.9787431
4529.68  0.9749216
4530.25  0.9716721
4530.82  0.9771864
4531.39  0.9891128
4531.96  0.9948638
4532.53  0.9974662
4533.10  0.9980716
4533.67  0.9957947
4534.24  0.9911557
4534.81  0.9868586
4535.38  0.9822346
4535.95  0.9898328
4536.52  0.9982094
4537.09  0.999025
4537.66  0.9978652
4538.23  0.9986241
4538.80  0.9974714
4539.37  0.9940972
4539.94  0.9873434
4540.51  0.9826295
4541.08  0.9745436
4541.65  0.9744162
4542.22  0.9760233
4542.79  0.9820366
4543.36  0.9888276
4543.93  0.9900919
4544.50  0.987653
4545.07  0.9902136
4545.64  0.9951121
4546.21  0.9949635
4546.78  0.9928322
4547.35  0.9920733
4547.92  0.9932035
4548.49  0.9940212
4549.06  0.9936917
4549.63  0.9908794
4550.20  0.9900054
4550.77  0.9792099
4551.34  0.9455362
4551.92  0.898519
4552.49  0.8651665
4553.06  0.8726475
4553.63  0.907092
4554.20  0.9453381
4554.77  0.9742774
4555.34  0.9903614
4555.91  0.9970863
4556.48  0.9993547
4557.05  0.9969317
4557.62  0.9939592
4558.19  0.9972576
4558.76  0.9938358
4559.33  0.9948487
4559.90  0.9942141
4560.47  0.9961796
4561.04  1.002225
4561.61  1.001383
4562.18  1.000063
4562.75  0.9998912
4563.32  1.001083
4563.89  1.000587
4564.46  0.9986746
4565.03  0.9957467
4565.60  0.9957055
4566.17  0.9782934
4566.74  0.943513
4567.31  0.9052724
4567.88  0.8890947
4568.45  0.9061566
4569.02  0.9338493
4569.59  0.9609128
4570.16  0.9826174
4570.73  0.9865941
4571.30  0.9933752
4571.87  0.9932151
4572.44  0.991394
4573.01  0.985377
4573.58  0.9675983
4574.15  0.9458764
4574.72  0.9351892
4575.29  0.9415807
4575.86  0.9590582
4576.43  0.9776169
4577.00  0.9862394
4577.57  0.9899181
4578.14  0.9989417
4578.71  0.9983356
4579.28  0.9952987
4579.85  0.9956088
4580.42  0.9968566
4580.99  0.999871
4581.56  0.9959515
4582.13  0.9978288
4582.70  0.9998648
4583.27  0.9975183
4583.84  0.9958548
4584.41  0.9962448
4584.98  1.000538
4585.55  1.000506
4586.12  1.000336
4586.69  0.9986922
4587.26  0.9993454
4587.83  0.9970984
4588.40  0.9992702
4588.97  0.9949867
4589.54  0.9783531
4590.11  0.9598075
4590.68  0.9430797
4591.25  0.9410092
4591.82  0.9497504
4592.39  0.969566
4592.96  0.9819762
4593.53  0.9908081
4594.10  0.9912742
4594.67  0.9864357
4595.24  0.9634671
4595.81  0.9498209
4596.38  0.9478941
4596.95  0.9598904
4597.52  0.9742725
4598.09  0.9864521
4598.66  0.9954014
4599.23  0.9971324
4599.80  0.993597
4600.37  0.9857396
4600.94  0.9784376
4601.51  0.9724963
4602.08  0.9728745
4602.65  0.9759724
4603.22  0.9863671
4603.79  0.9934911
4604.36  0.99592
4604.93  0.9987459
4605.50  0.9950824
4606.07  0.9866686
4606.64  0.9783351
4607.21  0.9767907
4607.78  0.9818527
4608.35  0.9726101
4608.92  0.9694226
4609.49  0.9672259
4610.06  0.9673039
4610.63  0.9727165
4611.20  0.983523
4611.77  0.9873638
4612.34  0.9894939
4612.91  0.98772
4613.48  0.9852712
4614.05  0.9866556
4614.62  0.9915695
4615.19  0.993723
4615.76  0.9964518
4616.33  0.9989705
4616.90  0.9989994
4617.47  0.9979047
4618.04  0.9956012
4618.61  0.9949284
4619.18  0.9950438
4619.75  0.9901531
4620.32  0.9882349
4620.89  0.9895398
4621.46  0.9883307
4622.03  0.989446
4622.60  0.9945318
4623.17  0.9978576
4623.74  1.000836
4624.31  1.002908
4624.88  1.002449
4625.45  1.004034
4626.03  0.999231
4626.60  0.9979379
4627.17  0.9998469
4627.74  0.9984398
4628.31  0.9941587
4628.88  0.9888223
4629.45  0.9764634
4630.02  0.953983
4630.59  0.9393272
4631.16  0.9444563
4631.73  0.9594401
4632.30  0.9730344
4632.87  0.9770413
4633.44  0.9700466
4634.01  0.9615067
4634.58  0.9651701
4635.15  0.9794245
4635.72  0.9894589
4636.29  0.9949695
4636.86  0.990245
4637.43  0.9759188
4638.00  0.9546176
4638.57  0.9336653
4639.14  0.9250473
4639.71  0.9203377
4640.28  0.9058623
4640.85  0.8858173
4641.42  0.8669145
4641.99  0.8725703
4642.56  0.8942804
4643.13  0.9252197
4643.70  0.9537036
4644.27  0.9765172
4644.84  0.9839798
4645.41  0.9807665
4645.98  0.9549838
4646.55  0.905849
4647.12  0.8539914
4647.69  0.8242716
4648.26  0.8048155
4648.83  0.790493
4649.40  0.7803218
4649.97  0.7688585
4650.54  0.7787315
4651.11  0.8069779
4651.68  0.854636
4652.25  0.908647
4652.82  0.9433774
4653.39  0.9577922
4653.96  0.9599288
4654.53  0.9618468
4655.10  0.9741039
4655.67  0.9847615
4656.24  0.9950769
4656.81  1.000262
4657.38  0.9998409
4657.95  0.9985828
4658.52  0.9998418
4659.09  0.9997119
4659.66  0.9940364
4660.23  0.9793253
4660.80  0.9529108
4661.37  0.9361523
4661.94  0.9393615
4662.51  0.9512231
4663.08  0.9695703
4663.65  0.987698
4664.22  0.9952188
4664.79  0.9920663
4665.36  0.9878672
4665.93  0.9871648
4666.50  0.9882843
4667.07  0.9910201
4667.64  0.9937078
4668.21  0.9968954
4668.78  1.000675
4669.35  0.9954268
4669.92  0.9939411
4670.49  1.000215
4671.06  0.9987282
4671.63  0.9990308
4672.20  0.993382
4672.77  0.9918458
4673.34  0.9816454
4673.91  0.9720837
4674.48  0.9696585
4675.05  0.9565801
4675.62  0.9442475
4676.19  0.9404793
4676.76  0.9455706
4677.33  0.9572737
4677.90  0.969205
4678.47  0.9815606
4679.04  0.9885947
4679.61  0.9925986
4680.18  1.000022
4680.75  0.9997274
4681.32  0.99659
4681.89  0.9945142
4682.46  0.9926029
4683.03  0.9906659
4683.60  0.9852368
4684.17  0.9747155
4684.74  0.9560144
4685.31  0.9371952
4685.88  0.9299806
4686.45  0.9381071
4687.02  0.9566854
4687.59  0.9773144
4688.16  0.9892635
4688.73  0.9934539
4689.30  0.995427
4689.87  0.9968857
4690.44  0.9973558
4691.01  0.9985752
4691.58  0.9975359
4692.15  0.9948202
4692.72  0.9978082
4693.29  0.996405
4693.86  0.9919378
4694.43  0.9911854
4695.00  0.9880455
4695.57  0.9892136
4696.14  0.9898744
4696.71  0.9883034
4697.28  0.9894598
4697.85  0.9805585
4698.42  0.9691003
4698.99  0.9608888
4699.57  0.9629629
4700.14  0.9731864
4700.71  0.9808553
4701.28  0.98555
4701.85  0.986562
4702.42  0.9849826
4702.99  0.9835597
4703.56  0.9815733
4704.13  0.9733189
4704.70  0.9605589
4705.27  0.9516699
4705.84  0.957835
4706.41  0.9693772
4706.98  0.9798215
4707.55  0.98869
4708.12  0.9919499
4708.69  0.9902083
4709.26  0.9829741
4709.83  0.9803943
4710.40  0.9764149
4710.97  0.9735898
4711.54  0.9617796
4712.11  0.9262544
4712.68  0.8895371
4713.25  0.8757904
4713.82  0.8935966
4714.39  0.9286193
4714.96  0.9566274
4715.53  0.9816625
4716.10  0.9961884
4716.67  0.9938356
4717.24  0.9952443
4717.81  1.001305
4718.38  0.9994573
4718.95  1.001425
4719.52  0.9974087
4720.09  0.9985126
4720.66  1.000491
4721.23  0.9975719
4721.80  1.002303
4722.37  0.9999205
4722.94  1.004148
4723.51  1.001251
4724.08  1.0038
4724.65  1.002391
4725.22  0.9984368
4725.79  0.9998691
4726.36  0.9964128
4726.93  0.9966717
4727.50  0.9984984
4728.07  1.001119
4728.64  1.001977
4729.21  1.002131
4729.78  1.000429
4730.35  0.9995204
4730.92  1.00093
4731.49  1.001648
4732.06  1.006153
4732.63  1.004155
4733.20  1.001215
4733.77  1.004411
4734.34  1.003385
4734.91  1.002099
4735.48  0.9986343
4736.05  0.9987075
4736.62  0.9989209
4737.19  0.9998931
4737.76  0.9950643
4738.33  0.9961033
4738.90  0.9950433
4739.47  0.9982673
4740.04  0.9932678
4740.61  0.9910308
4741.18  0.9956193
4741.75  0.9934184
4742.32  0.9895681
4742.89  0.9953605
4743.46  0.9940247
4744.03  0.9937698
4744.60  0.9929112
4745.17  0.9956663
4745.74  0.9946648
4746.31  0.9959542
4746.88  0.9944263
4747.45  0.9961138
4748.02  0.999422
4748.59  1.000249
4749.16  0.9966635
4749.73  0.9949214
4750.30  0.988916
4750.87  0.988167
4751.44  0.989874
4752.01  0.9884863
4752.58  0.9887151
4753.15  0.9925601
4753.72  0.9945266
4754.29  0.990476
4754.86  0.9913068
4755.43  0.9943067
4756.00  0.9950251
4756.57  0.9959913
4757.14  0.996747
4757.71  0.993895
4758.28  0.9903499
4758.85  0.9920095
4759.42  0.9911386
4759.99  0.992067
4760.56  0.9891727
4761.13  0.9853128
4761.70  0.9861334
4762.27  0.9896881
4762.84  0.9909015
4763.41  0.9906427
4763.98  0.9913583
4764.55  0.9918987
4765.12  0.9921944
4765.69  0.9891939
4766.26  0.9874827
4766.83  0.9940101
4767.40  0.9926015
4767.97  0.9853057
4768.54  0.9876003
4769.11  0.9887824
4769.68  0.9904649
4770.25  0.9933051
4770.82  0.9897681
4771.39  0.9856009
4771.96  0.9875045
4772.53  0.9931907
4773.11  0.989524
4773.68  0.9854604
4774.25  0.9910083
4774.82  0.9910575
4775.39  0.9916885
4775.96  0.9926778
4776.53  0.9909093
4777.10  0.989612
4777.67  0.9890236
4778.24  0.9917512
4778.81  0.9907584
4779.38  0.9873604
4779.95  0.9866874
4780.52  0.9891324
4781.09  0.9896315
4781.66  0.9904287
4782.23  0.9901223
4782.80  0.9936625
4783.37  0.9935993
4783.94  0.9920353
4784.51  0.9922288
4785.08  0.9950197
4785.65  0.9933548
4786.22  0.9960907
4786.79  0.9938911
4787.36  0.9926859
4787.93  0.9893566
4788.50  0.9883237
4789.07  0.9915068
4789.64  0.9927443
4790.21  0.9915496
4790.78  0.9939313
4791.35  0.9996652
4791.92  0.9955143
4792.49  0.9921404
4793.06  0.9940752
4793.63  0.9953095
4794.20  0.9954754
4794.77  0.993297
4795.34  0.9950296
4795.91  0.9946545
4796.48  0.9953003
4797.05  0.9964797
4797.62  0.9943981
4798.19  0.9955872
4798.76  0.998498
4799.33  0.9989516
4799.90  1.00152
4800.47  0.9977736
4801.04  0.9975038
4801.61  0.9944734
4802.18  0.9892135
4802.75  0.9857879
4803.32  0.9855573
4803.89  0.9862479
4804.46  0.991702
4805.03  0.9931951
4805.60  0.9928337
4806.17  0.9937283
4806.74  0.9956579
4807.31  0.997136
4807.88  0.9990631
4808.45  0.9974632
4809.02  0.9989093
4809.59  0.9985868
4810.16  0.9976035
4810.73  0.9938958
4811.30  0.9983257
4811.87  0.9988156
4812.44  0.9931096
4813.01  0.9901953
4813.58  0.990835
4814.15  0.9900855
4814.72  0.9904562
4815.29  0.9978971
4815.86  1.001539
4816.43  0.9988757
4817.00  0.9949756
4817.57  0.9982823
4818.14  0.991699
4818.71  0.9913527
4819.28  0.9825712
4819.85  0.9768834
4820.42  0.9817466
4820.99  0.9886557
4821.56  0.9954214
4822.13  0.9962137
4822.70  0.9988529
4823.27  1.001487
4823.84  1.000663
4824.41  1.00165
4824.98  1.000181
4825.55  0.9991301
4826.12  0.9978102
4826.69  0.9988643
4827.26  0.9956034
4827.83  0.9954168
4828.40  0.9898187
4828.97  0.9823417
4829.54  0.982942
4830.11  0.9906157
4830.68  0.995753
4831.25  0.9982844
4831.82  0.9991599
4832.39  0.9999636
4832.96  1.003659
4833.53  1.003009
4834.10  0.9993328
4834.67  1.000171
4835.24  0.9974815
4835.81  0.9984543
4836.38  1.000616
4836.95  1.000393
4837.52  1.001471
4838.09  1.000635
4838.66  1.001568
4839.23  1.000389
4839.80  1.001512
4840.37  1.004307
4840.94  1.001158
4841.51  0.9993537
4842.08  1.000448
4842.65  0.9966228
4843.22  0.9948426
4843.79  0.9963744
4844.36  0.9976704
4844.93  0.9974333
4845.50  0.9950092
4846.07  0.9960665
4846.65  0.9985758
4847.22  1.000901
4847.79  0.999917
4848.36  0.99446
4848.93  0.9918228
4849.50  0.9940572
4850.07  0.9947216
4850.64  0.9930754
4851.21  0.9917681
4851.78  0.9916019
4852.35  0.9886201
4852.92  0.9835085
4853.49  0.9821391
4854.06  0.9802049
4854.63  0.9764038
4855.20  0.9712049
4855.77  0.9620677
4856.34  0.9506658
4856.91  0.9419153
4857.48  0.9321556
4858.05  0.9153742
4858.62  0.890744
4859.19  0.8537519
4859.76  0.8104064
4860.33  0.7634883
4860.90  0.7223282
4861.47  0.7038867
4862.04  0.7058387
4862.61  0.7303082
4863.18  0.7733954
4863.75  0.8250158
4864.32  0.8692575
4864.89  0.9033691
4865.46  0.930347
4866.03  0.9434171
4866.60  0.9507309
4867.17  0.9561418
4867.74  0.9616589
4868.31  0.9678844
4868.88  0.9756463
4869.45  0.9816746
4870.02  0.9818754
4870.59  0.983996
4871.16  0.9831997
4871.73  0.9846663
4872.30  0.988841
4872.87  0.9888237
4873.44  0.986639
4874.01  0.9894918
4874.58  0.9940329
4875.15  0.9929895
4875.72  0.9946095
4876.29  0.9965478
4876.86  0.9958317
4877.43  0.9967015
4878.00  0.9936711
4878.57  0.9920068
4879.14  0.9922532
4879.71  0.9905432
4880.28  0.9931489
4880.85  0.9920254
4881.42  0.9915472
4881.99  0.9908568
4882.56  0.9928111
4883.13  0.994583
4883.70  0.9928402
4884.27  0.9916888
4884.84  0.9932451
4885.41  0.9918512
4885.98  0.9923422
4886.55  0.9943991
4887.12  0.9948732
4887.69  0.9932727
4888.26  0.990265
4888.83  0.9932978
4889.40  0.99047
4889.97  0.9888666
4890.54  0.9848834
4891.11  0.9839827
4891.68  0.9914585
4892.25  0.9906927
4892.82  0.9891146
4893.39  0.9914013
4893.96  0.9928255
4894.53  0.9976278
4895.10  0.996635
4895.67  0.9957202
4896.24  0.9936695
4896.81  0.993573
4897.38  0.9937941
4897.95  0.9949771
4898.52  0.9946615
4899.09  0.9948488
4899.66  0.9969292
4900.23  0.9957327
4900.80  0.996926
4901.37  0.9934268
4901.94  0.993461
4902.51  0.9928016
4903.08  0.9927402
4903.65  0.9948226
4904.22  0.9930066
4904.79  0.9920451
4905.36  0.9858246
4905.93  0.9850037
4906.50  0.977124
4907.07  0.9740522
4907.64  0.9756926
4908.21  0.9791873
4908.78  0.9868659
4909.35  0.9922095
4909.92  0.9919556
4910.49  0.9929016
4911.06  0.9935215
4911.63  0.9950976
4912.20  0.9966406
4912.77  0.9952214
4913.34  0.9966224
4913.91  0.9936477
4914.48  0.9945295
4915.05  0.9932634
4915.62  0.99437
4916.19  0.9922711
4916.76  0.989338
4917.33  0.9903054
4917.90  0.9865061
4918.47  0.983497
4919.04  0.9805487
4919.61  0.9664451
4920.18  0.9478957
4920.76  0.9071423
4921.33  0.8490495
4921.90  0.8077903
4922.47  0.8042709
4923.04  0.830133
4923.61  0.8710119
4924.18  0.9086798
4924.75  0.9314344
4925.32  0.9497437
4925.89  0.9691716
4926.46  0.9772251
4927.03  0.9867965
4927.60  0.9923998
4928.17  0.9896576
4928.74  0.9918907
4929.31  0.9948761
4929.88  0.9930277
4930.45  0.9934448
4931.02  0.9936866
4931.59  0.9937969
4932.16  0.9901681
4932.73  0.9943431
4933.30  0.9964852
4933.87  0.9982106
4934.44  0.9974337
4935.01  0.9962487
4935.58  0.9949762
4936.15  0.9950625
4936.72  0.9957293
4937.29  0.9960358
4937.86  0.9944953
4938.43  0.992041
4939.00  0.9924986
4939.57  0.9929027
4940.14  0.9877539
4940.71  0.9860951
4941.28  0.9843518
4941.85  0.9768882
4942.42  0.9744152
4942.99  0.9676077
4943.56  0.9705569
4944.13  0.9769096
4944.70  0.9823334
4945.27  0.9901169
4945.84  0.997115
4946.41  0.998008
4946.98  0.9959334
4947.55  0.997016
4948.12  0.994749
4948.69  0.9966397
4949.26  0.9956542
4949.83  0.9964328
4950.40  0.9980738
4950.97  0.9974829
4951.54  0.9960921
4952.11  0.9977798
4952.68  0.9990631
4953.25  1.002017
4953.82  0.9997438
4954.39  0.9990648
4954.96  0.9959658
4955.53  0.9960776
4956.10  0.9933119
4956.67  0.993028
4957.24  0.9959597
4957.81  0.997391
4958.38  0.9997774
4958.95  0.9978065
4959.52  0.9964884
4960.09  1.000775
4960.66  0.9998968
4961.23  0.9968799
4961.80  0.9973927
4962.37  0.9976901
4962.94  1.000332
4963.51  0.9992139
4964.08  0.9980389
4964.65  0.998522
4965.22  0.9971651
4965.79  0.9984106
4966.36  1.000116
4966.93  0.9967316
4967.50  0.9974011
4968.07  0.9953996
4968.64  0.9970675
4969.21  0.9987809
4969.78  1.001044
4970.35  1.002105
4970.92  0.9987366
4971.49  0.9992383
4972.06  0.9982533
4972.63  0.9998789
4973.20  0.9983599
4973.77  0.9988474
4974.34  1.000752
4974.91  0.9978645
4975.48  0.9975101
4976.05  0.9984745
4976.62  1.000588
4977.19  0.9986629
4977.76  0.9963385
4978.33  0.9987528
4978.90  1.003242
4979.47  1.003788
4980.04  0.9997268
4980.61  0.9984517
4981.18  0.9986514
4981.75  1.000586
4982.32  1.001528
4982.89  1.002511
4983.46  0.9963934
4984.03  1.001259
4984.60  1.005382
4985.17  1.00196
4985.74  0.9994423
4986.31  1.001118
4986.88  1.002153
4987.45  1.003641
4988.02  1.002568
4988.59  1.001917
4989.16  1.006281
4989.73  1.003246
4990.30  1.001742
4990.87  1.00278
4991.44  1.00315
4992.01  1.003512
4992.58  1.004111
4993.15  1.005195
4993.72  1.002791
4994.30  1.002514
4994.87  0.9998651
4995.44  0.9988133
4996.01  0.9978313
4996.58  1.000098
4997.15  1.004832
4997.72  1.00251
4998.29  1.006711
4998.86  1.005982
4999.43  0.9999198
5000.00  1.00096
5000.57  0.9951618
5001.14  0.9809802
5001.71  0.9754719
5002.28  0.9742926
5002.85  0.9762023
5003.42  0.9827498
5003.99  0.9879859
5004.56  0.9849117
5005.13  0.9772434
5005.70  0.9761258
5006.27  0.9799863
5006.84  0.9836695
5007.41  0.9917769
5007.98  0.9933242
5008.55  0.9974419
5009.12  0.9956587
5009.69  0.997773
5010.26  0.9920269
5010.83  0.9857427
5011.40  0.9853805
5011.97  0.986764
5012.54  0.9902884
5013.11  0.9943878
5013.68  0.994275
5014.25  0.9802428
5014.82  0.9513969
5015.39  0.9104515
5015.96  0.8827936
5016.53  0.8766367
5017.10  0.90069
5017.67  0.9324094
5018.24  0.9632899
5018.81  0.9814846
5019.38  0.9937798
5019.95  0.9968258
5020.52  0.9978259
5021.09  1.002463
5021.66  0.9968073
5022.23  0.9971132
5022.80  0.9937043
5023.37  0.9980118
5023.94  0.9995565
5024.51  0.9945408
5025.08  0.9952134
5025.65  0.9953441
5026.22  0.9933168
5026.79  0.9957776
5027.36  0.9965332
5027.93  0.9946318
5028.50  0.995088
5029.07  0.9925883
5029.64  0.9905499
5030.21  0.9937038
5030.78  0.9954624
5031.35  0.9990058
5031.92  1.000487
5032.49  0.9957556
5033.06  0.992855
5033.63  0.9926631
5034.20  0.9900638
5034.77  0.9875773
5035.34  0.985905
5035.91  0.9862704
5036.48  0.9880747
5037.05  0.9868677
5037.62  0.9872109
5038.19  0.9862286
5038.76  0.9858335
5039.33  0.9837596
5039.90  0.9856568
5040.47  0.9878412
5041.04  0.9907193
5041.61  0.9931725
5042.18  0.9883445
5042.75  0.9867735
5043.32  0.9831853
5043.89  0.9809598
5044.46  0.9755839
5045.03  0.9690091
5045.60  0.9631623
5046.17  0.9674041
5046.74  0.9612757
5047.31  0.9471409
5047.88  0.9344428
5048.45  0.9269149
5049.02  0.9390849
5049.59  0.9527613
5050.16  0.9690811
5050.73  0.9815264
5051.30  0.9862517
5051.87  0.9879447
5052.44  0.9906074
5053.01  0.9918992
5053.58  0.9901491
5054.15  0.9937386
5054.72  0.9959835
5055.29  0.9952734
5055.86  0.9940757
5056.43  0.9939144
5057.00  0.9941811
5057.57  0.9908316
5058.14  0.9881752
5058.71  0.989301
5059.28  0.9900247
5059.85  0.9949607
5060.42  0.9921032
5060.99  0.9901241
5061.56  0.9933302
5062.13  0.9924942
5062.70  0.9958217
5063.27  0.9976134
5063.84  0.9939269
5064.41  0.9961805
5064.98  0.996154
5065.55  0.9921183
5066.12  0.9916428
5066.69  0.9905838
5067.26  0.9896327
5067.84  0.9881368
5068.41  0.9880539
5068.98  0.9916237
5069.55  0.9931756
5070.12  0.993687
5070.69  0.9984459
5071.26  1.002248
5071.83  1.000001
5072.40  0.9967862
5072.97  0.9914298
5073.54  0.9885212
5074.11  0.9892687
5074.68  0.9868774
5075.25  0.9911005
5075.82  0.9958678
5076.39  0.9959968
5076.96  0.9927983
5077.53  0.9905614
5078.10  0.9930094
5078.67  0.9943401
5079.24  0.9934984
5079.81  0.9918525
5080.38  0.9921787
5080.95  0.9948863
5081.52  0.9972448
5082.09  0.9961289
5082.66  0.9986137
5083.23  1.000926
5083.80  0.9950349
5084.37  0.9938685
5084.94  0.9982723
5085.51  0.9957211
5086.08  0.9934701
5086.65  0.9910457
5087.22  0.9913954
5087.79  0.9915356
5088.36  0.9905441
5088.93  0.9937974
5089.50  0.9927037
5090.07  0.9957855
5090.64  0.9954253
5091.21  0.9957565
5091.78  0.9980091
5092.35  0.99959
5092.92  0.9981019
5093.49  0.9965586
5094.06  0.9929497
5094.63  0.9954939
5095.20  0.9942611
5095.77  0.995435
5096.34  0.994257
5096.91  0.9913286
5097.48  0.9965009
5098.05  0.9959497
5098.62  0.99814
5099.19  0.9990504
5099.76  0.9985873
5100.33  0.9984835
5100.90  0.9983832
5101.47  0.9970966
5102.04  0.9976415
5102.61  0.9979336
5103.18  0.9984148
5103.75  0.9942019
5104.32  0.9984475
5104.89  0.9964502
5105.46  0.9997003
5106.03  0.9979733
5106.60  1.000233
5107.17  1.001232
5107.74  1.000051
5108.31  0.9996235
5108.88  1.001141
5109.45  0.998611
5110.02  1.001787
5110.59  1.001184
5111.16  1.000734
5111.73  0.9960761
