3946.10  0.9824929
3946.67  0.9960322
3947.24  0.997915
3947.81  1.003353
3948.38  0.9983081
3948.95  0.997902
3949.52  1.005765
3950.09  1.002918
3950.66  0.9972062
3951.23  1.000082
3951.80  0.9920158
3952.37  0.9892324
3952.94  0.9842239
3953.51  0.9768701
3954.08  0.9757107
3954.65  0.9816409
3955.22  0.9872736
3955.79  0.9893343
3956.36  0.9836624
3956.93  0.9799811
3957.50  0.9772032
3958.07  0.9785489
3958.64  0.975324
3959.21  0.9750593
3959.79  0.9743951
3960.36  0.9660825
3960.93  0.9594047
3961.50  0.9589306
3962.07  0.9502744
3962.64  0.934433
3963.21  0.9213567
3963.78  0.9005551
3964.35  0.8785124
3964.92  0.87836
3965.49  0.8731416
3966.06  0.8482379
3966.63  0.8191653
3967.20  0.7919868
3967.77  0.7643134
3968.34  0.736212
3968.91  0.7035786
3969.48  0.6801295
3970.05  0.6769627
3970.62  0.6812173
3971.19  0.6942842
3971.76  0.696506
3972.33  0.7015165
3972.90  0.704007
3973.47  0.7254921
3974.04  0.7496577
3974.61  0.7718778
3975.18  0.7932009
3975.75  0.8198199
3976.32  0.8420582
3976.89  0.8640116
3977.46  0.8819842
3978.03  0.8994455
3978.60  0.916977
3979.17  0.929264
3979.74  0.9392676
3980.31  0.9466015
3980.88  0.9511027
3981.46  0.9507036
3982.03  0.9471177
3982.60  0.9534145
3983.17  0.963989
3983.74  0.973428
3984.31  0.9764639
3984.88  0.9726066
3985.45  0.9725775
3986.02  0.9808806
3986.59  0.9871176
3987.16  0.9886619
3987.73  0.9912851
3988.30  0.9905544
3988.87  0.9908015
3989.44  0.9928942
3990.01  1.001126
3990.58  1.001441
3991.15  0.9989312
3991.72  1.003241
3992.29  1.003043
3992.86  0.9966844
3993.43  0.9940031
3994.00  0.9906759
3994.57  0.9809758
3995.14  0.9900881
3995.71  1.002054
3996.28  0.9951513
3996.85  0.9973602
3997.42  0.9964908
3997.99  0.9904377
3998.56  0.9922945
3999.13  1.000055
3999.70  1.000628
4000.27  0.9988755
4000.84  1.002577
4001.41  1.002399
4001.98  0.9974064
4002.56  0.995967
4003.13  0.9961904
4003.70  1.001577
4004.27  1.000934
4004.84  0.9940603
4005.41  0.9850529
4005.98  0.9825222
4006.55  0.9806147
4007.12  0.9728797
4007.69  0.9597492
4008.26  0.9397944
4008.83  0.9294177
4009.40  0.9350163
4009.97  0.9463844
4010.54  0.9454073
4011.11  0.9482367
4011.68  0.9516179
4012.25  0.9516069
4012.82  0.954603
4013.39  0.9579988
4013.96  0.9629644
4014.53  0.9729044
4015.10  0.9786278
4015.67  0.9846919
4016.24  0.9886491
4016.81  0.9899687
4017.38  1.001295
4017.95  1.004391
4018.52  0.9983553
4019.09  0.9963928
4019.66  0.9988961
4020.23  0.9955842
4020.80  0.9871556
4021.37  0.9848476
4021.94  0.9814149
4022.51  0.96518
4023.08  0.9495388
4023.66  0.9328016
4024.23  0.9078022
4024.80  0.876436
4025.37  0.8477954
4025.94  0.837801
4026.51  0.8530038
4027.08  0.8729894
4027.65  0.8787773
4028.22  0.874787
4028.79  0.8734139
4029.36  0.8790763
4029.93  0.8901941
4030.50  0.9062923
4031.07  0.9228429
4031.64  0.9425289
4032.21  0.9564287
4032.78  0.9679988
4033.35  0.9776403
4033.92  0.9804784
4034.49  0.9856055
4035.06  0.9854836
4035.63  0.9898428
4036.20  0.9948958
4036.77  0.9975516
4037.34  0.9981121
4037.91  0.9977148
4038.48  0.9961917
4039.05  0.9945098
4039.62  0.9942536
4040.19  0.9959353
4040.76  0.9909394
4041.33  0.9900167
4041.90  0.9974848
4042.47  0.9984178
4043.04  0.9951821
4043.61  0.9891363
4044.18  0.9959649
4044.75  0.9999464
4045.33  1.000837
4045.90  1.001565
4046.47  1.001709
4047.04  1.003585
4047.61  1.006243
4048.18  1.003907
4048.75  1.004467
4049.32  1.007297
4049.89  1.007581
4050.46  1.006572
4051.03  1.007037
4051.60  1.007411
4052.17  1.006821
4052.74  1.000277
4053.31  0.9982803
4053.88  0.9969541
4054.45  0.9994919
4055.02  0.9990073
4055.59  1.000159
4056.16  1.003571
4056.73  1.004351
4057.30  1.001116
4057.87  0.9982194
4058.44  1.003999
4059.01  1.004822
4059.58  0.9978132
4060.15  0.9869744
4060.72  0.9882262
4061.29  0.99542
4061.86  0.9990823
4062.43  0.9950978
4063.00  0.994814
4063.57  0.9970988
4064.14  0.9954724
4064.71  0.994249
4065.28  1.000211
4065.85  1.002384
4066.43  1.002245
4067.00  0.9977867
4067.57  0.9946428
4068.14  0.9836224
4068.71  0.9680853
4069.28  0.9506914
4069.85  0.9518917
4070.42  0.9664768
4070.99  0.9694222
4071.56  0.9509383
4072.13  0.952809
4072.70  0.9640708
4073.27  0.964967
4073.84  0.9653811
4074.41  0.9556392
4074.98  0.9429945
4075.55  0.9371603
4076.12  0.955308
4076.69  0.9746051
4077.26  0.978278
4077.83  0.9717363
4078.40  0.9649803
4078.97  0.9699574
4079.54  0.9815955
4080.11  0.9810846
4080.68  0.9817337
4081.25  0.9801332
4081.82  0.9845114
4082.39  0.9820962
4082.96  0.9781187
4083.53  0.9711696
4084.10  0.9655108
4084.67  0.9606803
4085.24  0.9724653
4085.81  0.9725156
4086.38  0.9660407
4086.95  0.9612415
4087.53  0.9541553
4088.10  0.9292822
4088.67  0.9104537
4089.24  0.9264957
4089.81  0.9511801
4090.38  0.9630805
4090.95  0.9562105
4091.52  0.9432666
4092.09  0.9318759
4092.66  0.9256505
4093.23  0.9274683
4093.80  0.9309034
4094.37  0.9232686
4094.94  0.9134068
4095.51  0.894809
4096.08  0.8747045
4096.65  0.8617163
4097.22  0.8473184
4097.79  0.8351249
4098.36  0.8210896
4098.93  0.7960546
4099.50  0.7678478
4100.07  0.737713
4100.64  0.7038605
4101.21  0.6727946
4101.78  0.6676082
4102.35  0.679009
4102.92  0.6866094
4103.49  0.6918899
4104.06  0.6903271
4104.63  0.6907517
4105.20  0.7049081
4105.77  0.729072
4106.34  0.7503153
4106.91  0.7742251
4107.48  0.7959706
4108.05  0.8148597
4108.62  0.8359469
4109.20  0.8524429
4109.77  0.8652588
4110.34  0.8756607
4110.91  0.8840303
4111.48  0.8931044
4112.05  0.9092371
4112.62  0.9233096
4113.19  0.9301445
4113.76  0.9322095
4114.33  0.9343308
4114.90  0.9342971
4115.47  0.9270431
4116.04  0.9289278
4116.61  0.9475231
4117.18  0.9549394
4117.75  0.9525479
4118.32  0.9404185
4118.89  0.9250723
4119.46  0.9132717
4120.03  0.9015583
4120.60  0.897109
4121.17  0.9131497
4121.74  0.9375044
4122.31  0.937968
4122.88  0.9349028
4123.45  0.9388649
4124.02  0.935553
4124.59  0.941182
4125.16  0.950534
4125.73  0.962077
4126.30  0.970035
4126.87  0.975177
4127.44  0.9809421
4128.01  0.9836594
4128.58  0.9814741
4129.15  0.9831764
4129.72  0.9892735
4130.30  0.9887936
4130.87  0.9847754
4131.44  0.9787781
4132.01  0.9700537
4132.58  0.9659514
4133.15  0.9739905
4133.72  0.9792088
4134.29  0.9857132
4134.86  0.9801059
4135.43  0.9835505
4136.00  0.9846215
4136.57  0.9781842
4137.14  0.9792649
4137.71  0.9771136
4138.28  0.9779859
4138.85  0.9809876
4139.42  0.9744288
4139.99  0.9677306
4140.56  0.9620844
4141.13  0.9569779
4141.70  0.9465229
4142.27  0.9322745
4142.84  0.906678
4143.41  0.8836886
4143.98  0.8920762
4144.55  0.9116011
4145.12  0.9159164
4145.69  0.914666
4146.26  0.9142904
4146.83  0.9138085
4147.40  0.9184312
4147.97  0.9244862
4148.54  0.9355931
4149.11  0.9431132
4149.68  0.9545137
4150.25  0.961276
4150.82  0.9697841
4151.39  0.9756346
4151.97  0.9704122
4152.54  0.9620719
4153.11  0.9554001
4153.68  0.9661445
4154.25  0.9737256
4154.82  0.9804145
4155.39  0.9807026
4155.96  0.9732512
4156.53  0.9694242
4157.10  0.9731535
4157.67  0.9828777
4158.24  0.986827
4158.81  0.9812896
4159.38  0.9858367
4159.95  0.9895715
4160.52  0.9884685
4161.09  0.9875939
4161.66  0.9904156
4162.23  0.9880252
4162.80  0.9908275
4163.37  0.9930171
4163.94  0.9846879
4164.51  0.9820864
4165.08  0.9840007
4165.65  0.985819
4166.22  0.9794938
4166.79  0.9783329
4167.36  0.9765905
4167.93  0.973124
4168.50  0.9627936
4169.07  0.9608923
4169.64  0.9745926
4170.21  0.9789348
4170.78  0.9800175
4171.35  0.9804559
4171.92  0.9777642
4172.49  0.9785453
4173.07  0.9771031
4173.64  0.9758776
4174.21  0.9794534
4174.78  0.980944
4175.35  0.9792789
4175.92  0.9822084
4176.49  0.9874527
4177.06  0.9895129
4177.63  0.9874889
4178.20  0.9864191
4178.77  0.9837366
4179.34  0.9804822
4179.91  0.9845783
4180.48  0.987322
4181.05  0.987652
4181.62  0.9905854
4182.19  0.9941086
4182.76  0.9901294
4183.33  0.9876395
4183.90  0.9889957
4184.47  0.9774839
4185.04  0.97174
4185.61  0.9770886
4186.18  0.979276
4186.75  0.9814762
4187.32  0.9828638
4187.89  0.9861243
4188.46  0.9801174
4189.03  0.9659576
4189.60  0.9623243
4190.17  0.9719429
4190.74  0.9831304
4191.31  0.9875487
4191.88  0.9846426
4192.45  0.9846275
4193.02  0.9853743
4193.59  0.9849365
4194.17  0.9872655
4194.74  0.9849353
4195.31  0.9907428
4195.88  0.9897757
4196.45  0.9899076
4197.02  0.9930199
4197.59  0.9913127
4198.16  0.9921189
4198.73  0.9910712
4199.30  0.9883174
4199.87  0.9883482
4200.44  0.9901419
4201.01  0.9922154
4201.58  0.9963589
4202.15  0.9963291
4202.72  0.9940438
4203.29  0.9927664
4203.86  0.9967343
4204.43  0.9973317
4205.00  0.996981
4205.57  0.9974166
4206.14  0.9988292
4206.71  0.9944717
4207.28  0.9958958
4207.85  0.9977074
4208.42  1.000253
4208.99  1.001081
4209.56  0.9990342
4210.13  0.9938298
4210.70  0.9982581
4211.27  0.9994336
4211.84  0.9960128
4212.41  0.9962873
4212.98  0.9990123
4213.55  0.9984095
4214.12  0.9989752
4214.69  1.00015
4215.26  0.9992075
4215.84  0.999348
4216.41  0.9971786
4216.98  0.9970592
4217.55  0.9991281
4218.12  1.002256
4218.69  0.9994833
4219.26  0.9927595
4219.83  0.9951241
4220.40  0.9966084
4220.97  0.9936595
4221.54  0.9966297
4222.11  0.9957343
4222.68  0.995985
4223.25  0.9976193
4223.82  0.9981713
4224.39  0.9993317
4224.96  0.9992479
4225.53  1.000957
4226.10  0.9980695
4226.67  0.9990265
4227.24  0.9982597
4227.81  0.9974403
4228.38  1.002949
4228.95  1.001486
4229.52  1.001139
4230.09  1.003266
4230.66  0.9987879
4231.23  1.000921
4231.80  1.004175
4232.37  1.003895
4232.94  1.002895
4233.51  1.003561
4234.08  1.001376
4234.65  1.001235
4235.22  1.003314
4235.79  0.9970404
4236.36  0.9940776
4236.94  0.9953126
4237.51  0.9984329
4238.08  1.000522
4238.65  1.001468
4239.22  0.9999436
4239.79  0.998107
4240.36  0.9931933
4240.93  0.9882542
4241.50  0.9861683
4242.07  0.9907776
4242.64  0.9962065
4243.21  1.000328
4243.78  1.001377
4244.35  1.003009
4244.92  1.00214
4245.49  0.996859
4246.06  0.9982256
4246.63  1.000643
4247.20  1.001303
4247.77  1.005557
4248.34  1.006609
4248.91  1.007407
4249.48  1.002059
4250.05  1.001999
4250.62  1.003473
4251.19  1.005025
4251.76  1.001284
4252.33  0.995581
4252.90  0.9751119
4253.47  0.9667538
4254.04  0.9758366
4254.61  0.9943932
4255.18  0.9994828
4255.75  0.9995369
4256.32  0.9941723
4256.89  0.9896149
4257.46  0.9874282
4258.04  0.9898783
4258.61  0.9944872
4259.18  0.9989737
4259.75  1.001727
4260.32  1.000971
4260.89  1.003218
4261.46  1.008015
4262.03  1.009918
4262.60  1.007535
4263.17  1.005078
4263.74  1.00408
4264.31  1.004713
4264.88  1.00326
4265.45  0.9996585
4266.02  0.9907148
4266.59  0.9819422
4267.16  0.9800755
4267.73  0.9946787
4268.30  0.9994196
4268.87  0.9987279
4269.44  0.9986941
4270.01  0.9921632
4270.58  0.9914588
4271.15  0.9897105
4271.72  0.9958228
4272.29  0.9963359
4272.86  0.997941
4273.43  0.9964836
4274.00  0.996411
4274.57  0.9904947
4275.14  0.9778719
4275.71  0.9710637
4276.28  0.9725527
4276.85  0.9764634
4277.42  0.9803381
4277.99  0.9875693
4278.56  0.9899719
4279.13  0.9886484
4279.71  0.9849795
4280.28  0.9819031
4280.85  0.9805829
4281.42  0.9862319
4281.99  0.9869719
4282.56  0.9828519
4283.13  0.9810343
4283.70  0.9825934
4284.27  0.9801573
4284.84  0.9743654
4285.41  0.9775694
4285.98  0.9846703
4286.55  0.9905774
4287.12  0.9937344
4287.69  0.9907303
4288.26  0.9878815
4288.83  0.9887733
4289.40  0.9865852
4289.97  0.9859917
4290.54  0.9847698
4291.11  0.98878
4291.68  0.9925663
4292.25  0.9959494
4292.82  0.9991563
4293.39  1.000298
4293.96  0.9948286
4294.53  0.9877712
4295.10  0.9940432
4295.67  0.9995283
4296.24  1.001178
4296.81  1.002326
4297.38  1.003047
4297.95  1.004116
4298.52  1.007102
4299.09  1.009232
4299.66  1.009178
4300.23  1.008986
4300.81  1.009278
4301.38  1.009618
4301.95  1.006311
4302.52  0.9996548
4303.09  0.991266
4303.66  0.9926155
4304.23  0.9986798
4304.80  1.001229
4305.37  1.002951
4305.94  1.002874
4306.51  0.996518
4307.08  0.9917786
4307.65  0.9929294
4308.22  0.9931937
4308.79  0.9935049
4309.36  0.9944819
4309.93  0.9966703
4310.50  0.9992923
4311.07  0.9973647
4311.64  0.9972937
4312.21  0.9947931
4312.78  0.9954129
4313.35  0.9938149
4313.92  0.9961793
4314.49  0.9970091
4315.06  0.9917523
4315.63  0.9858337
4316.20  0.9739427
4316.77  0.9668176
4317.34  0.9707327
4317.91  0.9791885
4318.48  0.9777612
4319.05  0.962271
4319.62  0.9603192
4320.19  0.9713083
4320.76  0.9778785
4321.33  0.9808336
4321.90  0.9808875
4322.48  0.9774522
4323.05  0.976608
4323.62  0.976752
4324.19  0.9763985
4324.76  0.9750669
4325.33  0.971136
4325.90  0.9747024
4326.47  0.9739659
4327.04  0.9700599
4327.61  0.9678978
4328.18  0.9664049
4328.75  0.9665812
4329.32  0.9659011
4329.89  0.9612615
4330.46  0.9538291
4331.03  0.9461119
4331.60  0.9375552
4332.17  0.9348563
4332.74  0.9271631
4333.31  0.9244353
4333.88  0.9222031
4334.45  0.9146104
4335.02  0.8987058
4335.59  0.879923
4336.16  0.8590423
4336.73  0.8412505
4337.30  0.825792
4337.87  0.8038501
4338.44  0.7759486
4339.01  0.7455711
4339.58  0.7099661
4340.15  0.6919665
4340.72  0.6910855
4341.29  0.7013254
4341.86  0.7099443
4342.43  0.7153654
4343.00  0.7173671
4343.58  0.7216483
4344.15  0.7251023
4344.72  0.7314522
4345.29  0.7461034
4345.86  0.7726455
4346.43  0.7922084
4347.00  0.8097631
4347.57  0.8286485
4348.14  0.841538
4348.71  0.8404493
4349.28  0.8510526
4349.85  0.8717605
4350.42  0.8796095
4350.99  0.8861185
4351.56  0.9019781
4352.13  0.9171055
4352.70  0.9257827
4353.27  0.9263834
4353.84  0.9323684
4354.41  0.940491
4354.98  0.9477707
4355.55  0.9576755
4356.12  0.9637456
4356.69  0.9631311
4357.26  0.9673591
4357.83  0.9762115
4358.40  0.9768161
4358.97  0.9804865
4359.54  0.9850101
4360.11  0.9854556
4360.68  0.9821507
4361.25  0.9790636
4361.82  0.9833233
4362.39  0.9887891
4362.96  0.9909973
4363.53  0.9891481
4364.10  0.9860846
4364.68  0.984857
4365.25  0.981306
4365.82  0.9677458
4366.39  0.9600306
4366.96  0.9684429
4367.53  0.9799212
4368.10  0.9829796
4368.67  0.9776174
4369.24  0.9729799
4369.81  0.9742298
4370.38  0.9767131
4370.95  0.9737099
4371.52  0.97276
4372.09  0.9749696
4372.66  0.9770132
4373.23  0.9809747
4373.80  0.9852152
4374.37  0.9886912
4374.94  0.9887667
4375.51  0.9862529
4376.08  0.9863862
4376.65  0.9847311
4377.22  0.9811252
4377.79  0.9807527
4378.36  0.9822026
4378.93  0.9863842
4379.50  0.9916192
4380.07  0.9933306
4380.64  0.9926857
4381.21  0.9917415
4381.78  0.9876248
4382.35  0.9856553
4382.92  0.9862692
4383.49  0.9838639
4384.06  0.9790615
4384.63  0.9765669
4385.20  0.970991
4385.77  0.9586391
4386.35  0.9369665
4386.92  0.9057025
4387.49  0.8869164
4388.06  0.8967879
4388.63  0.9166985
4389.20  0.9313588
4389.77  0.9302765
4390.34  0.9231803
4390.91  0.9148811
4391.48  0.9102198
4392.05  0.919802
4392.62  0.9321054
4393.19  0.9462129
4393.76  0.9601611
4394.33  0.9633107
4394.90  0.9642639
4395.47  0.9662173
4396.04  0.9767894
4396.61  0.9870268
4397.18  0.9903566
4397.75  0.989616
4398.32  0.9906843
4398.89  0.9930848
4399.46  0.992988
4400.03  0.9926695
4400.60  0.9967005
4401.17  0.9989487
4401.74  0.997865
4402.31  1.000429
4402.88  0.9990137
4403.45  0.9974127
4404.02  0.9952897
4404.59  0.99668
4405.16  0.9981515
4405.73  0.9980578
4406.30  0.9994425
4406.87  0.9978738
4407.45  0.9982034
4408.02  0.9937922
4408.59  0.9881028
4409.16  0.9879152
4409.73  0.99093
4410.30  0.9913046
4410.87  0.9890149
4411.44  0.9912636
4412.01  0.9893799
4412.58  0.9874908
4413.15  0.9796358
4413.72  0.9630777
4414.29  0.9514751
4414.86  0.9540765
4415.43  0.9631028
4416.00  0.9570585
4416.57  0.9507875
4417.14  0.9593785
4417.71  0.9656605
4418.28  0.9695874
4418.85  0.9699337
4419.42  0.9683697
4419.99  0.9691476
4420.56  0.9737089
4421.13  0.9816845
4421.70  0.9832432
4422.27  0.9857941
4422.84  0.9861091
4423.41  0.9881377
4423.98  0.9875222
4424.55  0.9887414
4425.12  0.9913652
4425.69  0.9909444
4426.26  0.9877517
4426.83  0.9836124
4427.40  0.9793702
4427.97  0.9783052
4428.55  0.982545
4429.12  0.9838359
4429.69  0.9831906
4430.26  0.9810629
4430.83  0.9798655
4431.40  0.9757932
4431.97  0.9783804
4432.54  0.9776353
4433.11  0.9800342
4433.68  0.9801354
4434.25  0.981598
4434.82  0.9848289
4435.39  0.9798409
4435.96  0.9762236
4436.53  0.9708098
4437.10  0.9658656
4437.67  0.9718531
4438.24  0.9787127
4438.81  0.981303
4439.38  0.9788672
4439.95  0.9781501
4440.52  0.9794142
4441.09  0.9791438
4441.66  0.9753801
4442.23  0.9724608
4442.80  0.9784748
4443.37  0.98321
4443.94  0.9899851
4444.51  0.991028
4445.08  0.9870957
4445.65  0.98455
4446.22  0.9795834
4446.79  0.9761193
4447.36  0.9762959
4447.93  0.9801018
4448.50  0.9836731
4449.07  0.9880518
4449.64  0.9916943
4450.22  0.9874671
4450.79  0.9838952
4451.36  0.9769993
4451.93  0.9726618
4452.50  0.9801463
4453.07  0.9890217
4453.64  0.9916716
4454.21  0.9936081
4454.78  0.9951006
4455.35  0.9904722
4455.92  0.9907987
4456.49  0.9905901
4457.06  0.9922934
4457.63  0.9978591
4458.20  0.9983195
4458.77  0.9974473
4459.34  0.9965209
4459.91  0.9961056
4460.48  0.9975233
4461.05  0.9962182
4461.62  0.9970586
4462.19  0.9957304
4462.76  0.9957759
4463.33  0.991479
4463.90  0.9872745
4464.47  0.9799365
4465.04  0.9699018
4465.61  0.9649822
4466.18  0.9649052
4466.75  0.9585997
4467.32  0.9508618
4467.89  0.9443786
4468.46  0.929015
4469.03  0.9111021
4469.60  0.8909224
4470.17  0.8615028
4470.74  0.8346001
4471.32  0.8326042
4471.89  0.8559307
4472.46  0.878054
4473.03  0.8866429
4473.60  0.8860656
4474.17  0.8809075
4474.74  0.8812762
4475.31  0.8874963
4475.88  0.8979685
4476.45  0.9144189
4477.02  0.9264451
4477.59  0.9378113
4478.16  0.9517282
4478.73  0.9605274
4479.30  0.9612588
4479.87  0.9555765
4480.44  0.9504393
4481.01  0.9585968
4481.58  0.9724941
4482.15  0.9773023
4482.72  0.9784478
4483.29  0.9780898
4483.86  0.9771087
4484.43  0.9748635
4485.00  0.9793494
4485.57  0.9829606
4486.14  0.9866201
4486.71  0.9903883
4487.28  0.9898939
4487.85  0.9891324
4488.42  0.9908028
4488.99  0.9936251
4489.56  0.9922742
4490.13  0.9912155
4490.70  0.9895462
4491.27  0.9892564
4491.84  0.9969485
4492.41  1.000075
4492.99  0.9976211
4493.56  0.9974263
4494.13  0.995499
4494.70  0.9953893
4495.27  0.9988289
4495.84  0.9977199
4496.41  1.000576
4496.98  1.001424
4497.55  0.9992211
4498.12  1.001954
4498.69  1.000813
4499.26  1.001892
4499.83  1.002884
4500.40  1.001809
4500.97  1.003736
4501.54  1.003748
4502.11  1.001382
4502.68  0.996795
4503.25  0.9982279
4503.82  0.9991384
4504.39  0.9986142
4504.96  0.9984627
4505.53  0.9972265
4506.10  0.9981279
4506.67  0.9970554
4507.24  1.000265
4507.81  1.002305
4508.38  1.001399
4508.95  1.00165
4509.52  0.9992529
4510.09  0.9978125
4510.66  0.9959009
4511.23  0.9920762
4511.80  0.9897788
4512.37  0.9955952
4512.94  0.9984871
4513.51  0.9970065
4514.09  0.9946365
4514.66  0.9933283
4515.23  0.9935229
4515.80  0.9923562
4516.37  0.9969585
4516.94  0.9951206
4517.51  0.9967627
4518.08  1.001655
4518.65  1.002488
4519.22  1.002258
4519.79  1.000794
4520.36  0.9976303
4520.93  0.9985248
4521.50  0.9978098
4522.07  1.000779
4522.64  1.002607
4523.21  1.002826
4523.78  1.000389
4524.35  1.00182
4524.92  1.003804
4525.49  1.000694
4526.06  1.000668
4526.63  1.000589
4527.20  0.9989368
4527.77  0.9913813
4528.34  0.9884618
4528.91  0.9887045
4529.48  0.9911936
4530.05  0.991438
4530.62  0.9944608
4531.19  0.9995862
4531.76  0.9965901
4532.33  0.9928576
4532.90  0.9939015
4533.47  0.9921217
4534.04  0.9904869
4534.61  0.9918848
4535.19  0.9971984
4535.76  0.999844
4536.33  0.9996505
4536.90  1.000911
4537.47  1.002284
4538.04  1.003487
4538.61  1.001179
4539.18  1.001962
4539.75  1.001378
4540.32  0.9998097
4540.89  0.9984275
4541.46  0.9994377
4542.03  0.9996179
4542.60  1.000601
4543.17  1.002312
4543.74  1.001828
4544.31  1.002318
4544.88  1.002986
4545.45  1.001896
4546.02  0.9995533
4546.59  0.9998499
4547.16  1.001687
4547.73  0.9994038
4548.30  0.9983742
4548.87  0.9991162
4549.44  0.9983093
4550.01  0.996214
4550.58  0.9928716
4551.15  0.9769253
4551.72  0.9542742
4552.29  0.9530132
4552.86  0.9708119
4553.43  0.9889026
4554.00  0.992068
4554.57  0.9872009
4555.14  0.9838917
4555.71  0.9809969
4556.28  0.9794342
4556.86  0.9787239
4557.43  0.9829466
4558.00  0.9883765
4558.57  0.9930257
4559.14  0.9960262
4559.71  0.9978586
4560.28  0.9966061
4560.85  0.9998918
4561.42  1.001143
4561.99  0.9979075
4562.56  0.9983675
4563.13  0.9996415
4563.70  0.999777
4564.27  0.9981111
4564.84  1.000487
4565.41  0.9989876
4565.98  0.9906397
4566.55  0.9743377
4567.12  0.960332
4567.69  0.9659217
4568.26  0.9822215
4568.83  0.9900754
4569.40  0.9923412
4569.97  0.9886381
4570.54  0.9842605
4571.11  0.9821451
4571.68  0.9848514
4572.25  0.9870927
4572.82  0.9816958
4573.39  0.9759095
4573.96  0.9687945
4574.53  0.9730238
4575.10  0.9850354
4575.67  0.9917358
4576.24  0.9945698
4576.81  0.9938905
4577.38  0.9936981
4577.96  0.9924594
4578.53  0.9892798
4579.10  0.9872139
4579.67  0.9933804
4580.24  0.9933797
4580.81  0.9939364
4581.38  0.9975963
4581.95  0.9990197
4582.52  0.9970857
4583.09  0.9972107
4583.66  0.9999871
4584.23  1.00268
4584.80  1.001435
4585.37  0.9999933
4585.94  0.9967979
4586.51  0.9995491
4587.08  0.9977497
4587.65  0.9980627
4588.22  0.9977769
4588.79  0.9933096
4589.36  0.9870197
4589.93  0.9740224
4590.50  0.9695832
4591.07  0.9792369
4591.64  0.9911422
4592.21  0.9938658
4592.78  0.9893699
4593.35  0.9900941
4593.92  0.9872377
4594.49  0.978417
4595.06  0.9663407
4595.63  0.9648305
4596.20  0.9729107
4596.77  0.9859561
4597.34  0.9908236
4597.91  0.9926155
4598.48  0.9882262
4599.06  0.9873872
4599.63  0.9855167
4600.20  0.9835222
4600.77  0.9758866
4601.34  0.9756768
4601.91  0.9827713
4602.48  0.9895614
4603.05  0.9949332
4603.62  0.9947196
4604.19  0.9906209
4604.76  0.9886814
4605.33  0.987866
4605.90  0.9853453
4606.47  0.9843237
4607.04  0.9870719
4607.61  0.9858318
4608.18  0.9802929
4608.75  0.9748707
4609.32  0.973908
4609.89  0.9800684
4610.46  0.989314
4611.03  0.9894557
4611.60  0.9876272
4612.17  0.9835489
4612.74  0.9797276
4613.31  0.979785
4613.88  0.9837002
4614.45  0.9875259
4615.02  0.9893197
4615.59  0.9896107
4616.16  0.9885476
4616.73  0.9865782
4617.30  0.9854708
4617.87  0.9860644
4618.44  0.9861915
4619.01  0.9863358
4619.58  0.9883195
4620.15  0.9894033
4620.73  0.9878859
4621.30  0.9860531
4621.87  0.9872781
4622.44  0.9893348
4623.01  0.9891411
4623.58  0.9883604
4624.15  0.9892797
4624.72  0.9892963
4625.29  0.9883968
4625.86  0.9925424
4626.43  0.9957841
4627.00  0.9957887
4627.57  0.9975941
4628.14  0.9973286
4628.71  0.9917698
4629.28  0.9842895
4629.85  0.9792185
4630.42  0.9794396
4630.99  0.9855011
4631.56  0.9913042
4632.13  0.9911716
4632.70  0.9884306
4633.27  0.9857359
4633.84  0.9825627
4634.41  0.9861527
4634.98  0.9879207
4635.55  0.9881604
4636.12  0.9932833
4636.69  0.9920548
4637.26  0.9792595
4637.83  0.9671411
4638.40  0.9660679
4638.97  0.9751464
4639.54  0.97999
4640.11  0.9695042
4640.68  0.9559386
4641.25  0.9463008
4641.83  0.9547369
4642.40  0.9684181
4642.97  0.9752889
4643.54  0.980269
4644.11  0.9806737
4644.68  0.9777876
4645.25  0.9730593
4645.82  0.9643531
4646.39  0.948506
4646.96  0.9463575
4647.53  0.9456834
4648.10  0.9374761
4648.67  0.9293453
4649.24  0.9256806
4649.81  0.9241332
4650.38  0.9264715
4650.95  0.9438587
4651.52  0.958735
4652.09  0.9663395
4652.66  0.964496
4653.23  0.9622997
4653.80  0.9593856
4654.37  0.9628856
4654.94  0.9733586
4655.51  0.9803116
4656.08  0.9859792
4656.65  0.9898046
4657.22  0.9955992
4657.79  0.9974757
4658.36  0.9970387
4658.93  0.9988618
4659.50  0.9984037
4660.07  0.9903743
4660.64  0.9740013
4661.21  0.9736443
4661.78  0.9842892
4662.35  0.9960619
4662.92  1.000412
4663.50  0.9993988
4664.07  0.9957287
4664.64  0.9912058
4665.21  0.9877326
4665.78  0.9898244
4666.35  0.9919565
4666.92  0.9933956
4667.49  0.9968424
4668.06  0.9964087
4668.63  0.9982308
4669.20  0.9979722
4669.77  0.9987933
4670.34  1.001309
4670.91  1.000054
4671.48  0.9990768
4672.05  0.9969983
4672.62  0.9911682
4673.19  0.9877854
4673.76  0.9900421
4674.33  0.992059
4674.90  0.9816748
4675.47  0.9725964
4676.04  0.9730321
4676.61  0.979704
4677.18  0.9866816
4677.75  0.9918487
4678.32  0.9932151
4678.89  0.9916517
4679.46  0.9879639
4680.03  0.9880537
4680.60  0.988439
4681.17  0.9897929
4681.74  0.9918667
4682.31  0.9911487
4682.88  0.9911287
4683.45  0.9912062
4684.02  0.9885672
4684.60  0.9827903
4685.17  0.9780278
4685.74  0.9837677
4686.31  0.9914501
4686.88  0.9982715
4687.45  1.000768
4688.02  0.9988221
4688.59  0.9983417
4689.16  0.9954582
4689.73  0.9933891
4690.30  0.9932491
4690.87  0.9945416
4691.44  1.000868
4692.01  1.002216
4692.58  0.9994237
4693.15  0.9981912
4693.72  0.9967197
4694.29  0.9989968
4694.86  0.9985733
4695.43  0.9932557
4696.00  0.9932833
4696.57  0.9936842
4697.14  0.9901448
4697.71  0.981091
4698.28  0.9721837
4698.85  0.9768055
4699.42  0.985267
4699.99  0.9904951
4700.56  0.9872922
4701.13  0.983057
4701.70  0.9805539
4702.27  0.9764861
4702.84  0.9738827
4703.41  0.9757754
4703.98  0.9711161
4704.55  0.9636864
4705.12  0.9698454
4705.70  0.9815707
4706.27  0.9886107
4706.84  0.9905421
4707.41  0.9875144
4707.98  0.9840501
4708.55  0.9787169
4709.12  0.974871
4709.69  0.9740915
4710.26  0.9807937
4710.83  0.9824578
4711.40  0.9743655
4711.97  0.956795
4712.54  0.9435517
4713.11  0.9470649
4713.68  0.9631093
4714.25  0.9776244
4714.82  0.9775079
4715.39  0.9725064
4715.96  0.967206
4716.53  0.9665818
4717.10  0.9709736
4717.67  0.9743803
4718.24  0.980714
4718.81  0.9864504
4719.38  0.9921688
4719.95  0.9926345
4720.52  0.9952928
4721.09  0.996089
4721.66  0.9963713
4722.23  0.9954243
4722.80  1.000195
4723.37  1.001104
4723.94  1.000912
4724.51  1.003373
4725.08  1.003109
4725.65  1.003008
4726.22  0.9995205
4726.79  0.9995925
4727.37  0.9988588
4727.94  0.99828
4728.51  0.9985414
4729.08  1.000618
4729.65  1.001168
4730.22  1.001695
4730.79  1.001169
4731.36  1.003333
4731.93  1.002504
4732.50  1.000408
4733.07  1.001173
4733.64  1.001441
4734.21  1.00183
4734.78  1.002425
4735.35  1.002006
4735.92  1.002555
4736.49  1.000805
4737.06  1.000628
4737.63  0.9988207
4738.20  1.002094
4738.77  1.000042
4739.34  1.000002
4739.91  0.9947658
4740.48  0.9955736
4741.05  0.9970168
4741.62  0.9989375
4742.19  0.9982628
4742.76  0.9986538
4743.33  0.9978235
4743.90  0.9973423
4744.47  0.9987795
4745.04  1.001009
4745.61  1.00027
4746.18  0.9999834
4746.75  0.9999104
4747.32  0.9986128
4747.89  0.9995286
4748.47  1.0008
4749.04  1.001092
4749.61  0.9984655
4750.18  0.9977022
4750.75  0.9944845
4751.32  0.9967354
4751.89  0.9980469
4752.46  0.9995072
4753.03  0.9991069
4753.60  0.9982723
4754.17  0.9944717
4754.74  0.9980195
4755.31  0.9974558
4755.88  0.9957927
4756.45  0.9996051
4757.02  0.9966304
4757.59  0.9966788
4758.16  0.9987476
4758.73  0.9961714
4759.30  0.9985647
4759.87  0.9982501
4760.44  0.9964123
4761.01  0.9974169
4761.58  0.9967002
4762.15  0.9957656
4762.72  0.9949047
4763.29  0.9947901
4763.86  0.9944865
4764.43  0.9945595
4765.00  0.995849
4765.57  0.9943896
4766.14  0.9938938
4766.71  0.9951318
4767.28  0.993113
4767.85  0.9941636
4768.42  0.9966747
4768.99  0.9992296
4769.57  0.9972849
4770.14  0.9944487
4770.71  0.9958922
4771.28  0.9950109
4771.85  0.9941983
4772.42  0.9937836
4772.99  0.9952276
4773.56  0.9954738
4774.13  0.9976012
4774.70  0.9999081
4775.27  0.99736
4775.84  0.9968301
4776.41  0.9973503
4776.98  0.9964292
4777.55  0.996146
4778.12  0.9961406
4778.69  0.9950312
4779.26  0.9949737
4779.83  0.993943
4780.40  0.997047
4780.97  0.9978017
4781.54  0.9961739
4782.11  0.9954419
4782.68  0.9952419
4783.25  0.9978277
4783.82  0.9970593
4784.39  0.9957213
4784.96  0.9969837
4785.53  0.9997051
4786.10  0.998089
4786.67  0.9960414
4787.24  0.9970632
4787.81  0.9949846
4788.38  0.9973134
4788.95  0.9991702
4789.52  0.9995444
4790.09  0.9981763
4790.66  1.000301
4791.24  0.9988437
4791.81  0.9992925
4792.38  0.9978135
4792.95  1.000155
4793.52  1.000803
4794.09  0.9995589
4794.66  0.9988421
4795.23  1.000726
4795.80  1.00036
4796.37  1.001183
4796.94  1.000612
4797.51  0.9996622
4798.08  1.004362
4798.65  1.003348
4799.22  1.000148
4799.79  0.9984949
4800.36  1.002733
4800.93  1.000162
4801.50  0.993719
4802.07  0.9918105
4802.64  0.9911131
4803.21  0.9958031
4803.78  1.000669
4804.35  0.9986653
4804.92  1.000595
4805.49  0.9966101
4806.06  0.9975706
4806.63  0.996981
4807.20  0.9956207
4807.77  0.9973658
4808.34  0.9992943
4808.91  0.998611
4809.48  0.9991019
4810.05  1.000474
4810.62  0.9982171
4811.19  0.9995446
4811.76  0.9998196
4812.34  0.9961737
4812.91  0.9960579
4813.48  0.9989028
4814.05  1.004305
4814.62  1.002668
4815.19  1.000044
4815.76  0.9982724
4816.33  1.000379
4816.90  1.000576
4817.47  0.997328
4818.04  0.9943486
4818.61  0.9890771
4819.18  0.9878442
4819.75  0.9940836
4820.32  0.9978409
4820.89  0.9996166
4821.46  1.00427
4822.03  0.9997866
4822.60  0.9973796
4823.17  0.9990423
4823.74  1.001174
4824.31  0.9980589
4824.88  1.000178
4825.45  1.001099
4826.02  1.001886
4826.59  1.003615
4827.16  1.001835
4827.73  0.9940392
4828.30  0.9921072
4828.87  0.9932241
4829.44  0.9986319
4830.01  1.00067
4830.58  0.999624
4831.15  1.001146
4831.72  1.002623
4832.29  1.000442
4832.86  0.9981985
4833.43  0.9982303
4834.01  0.998859
4834.58  1.001854
4835.15  1.004014
4835.72  1.004093
4836.29  1.002012
4836.86  0.9999864
4837.43  1.002924
4838.00  1.003343
4838.57  1.001646
4839.14  1.002754
4839.71  1.001232
4840.28  1.001037
4840.85  0.999239
4841.42  0.997885
4841.99  0.9968548
4842.56  0.9957053
4843.13  0.9971336
4843.70  0.9936422
4844.27  0.9928211
4844.84  0.9924371
4845.41  0.9897107
4845.98  0.9901155
4846.55  0.9896495
4847.12  0.9863693
4847.69  0.9868569
4848.26  0.9835677
4848.83  0.9800878
4849.40  0.9785062
4849.97  0.9729941
4850.54  0.9710847
4851.11  0.9679381
4851.68  0.9628212
4852.25  0.9556142
4852.82  0.9492924
4853.39  0.942902
4853.96  0.9358436
4854.53  0.9268875
4855.11  0.9138904
4855.68  0.8998613
4856.25  0.8862413
4856.82  0.8741941
4857.39  0.8582786
4857.96  0.8397652
4858.53  0.8187047
4859.10  0.7918612
4859.67  0.7597501
4860.24  0.7260142
4860.81  0.7093119
4861.38  0.7138343
4861.95  0.7270852
4862.52  0.735138
4863.09  0.739352
4863.66  0.7436284
4864.23  0.744043
4864.80  0.7477476
4865.37  0.7577127
4865.94  0.7721856
4866.51  0.7916944
4867.08  0.8073323
4867.65  0.8240537
4868.22  0.8437796
4868.79  0.8593559
4869.36  0.8730712
4869.93  0.8858542
4870.50  0.8964351
4871.07  0.9070762
4871.64  0.9196008
4872.21  0.9321609
4872.78  0.9421025
4873.35  0.9474289
4873.92  0.9505132
4874.49  0.9559806
4875.06  0.959501
4875.63  0.9620978
4876.21  0.9666377
4876.78  0.9709572
4877.35  0.9753277
4877.92  0.9772726
4878.49  0.9788533
4879.06  0.9799994
4879.63  0.9816712
4880.20  0.9849901
4880.77  0.9854002
4881.34  0.9855606
4881.91  0.98501
4882.48  0.9854908
4883.05  0.986479
4883.62  0.988935
4884.19  0.988604
4884.76  0.9883593
4885.33  0.9902412
4885.90  0.9893062
4886.47  0.9914204
4887.04  0.991344
4887.61  0.9923018
4888.18  0.9936255
4888.75  0.991682
4889.32  0.9906685
4889.89  0.9880209
4890.46  0.9852424
4891.03  0.989144
4891.60  0.9941939
4892.17  0.9925768
4892.74  0.9959044
4893.31  0.9945509
4893.88  0.9908278
4894.45  0.9923679
4895.02  0.9930006
4895.59  0.9943613
4896.16  0.9937472
4896.73  0.9951684
4897.30  0.9962438
4897.88  0.9942979
4898.45  0.9968426
4899.02  0.9960916
4899.59  0.9936698
4900.16  0.9970688
4900.73  0.9977907
4901.30  1.000044
4901.87  1.000296
4902.44  0.9963437
4903.01  0.9981784
4903.58  1.001613
4904.15  1.000348
4904.72  0.995509
4905.29  0.9929643
4905.86  0.9876155
4906.43  0.9857482
4907.00  0.9896224
4907.57  0.9947938
4908.14  0.9984148
4908.71  0.9984969
4909.28  0.9934123
4909.85  0.991473
4910.42  0.9910071
4910.99  0.9933071
4911.56  0.996787
4912.13  0.9961489
4912.70  0.9948233
4913.27  0.9977636
4913.84  0.9953881
4914.41  0.9955117
4914.98  0.9974785
4915.55  0.9969378
4916.12  0.993373
4916.69  0.9894711
4917.26  0.9888099
4917.83  0.9842315
4918.40  0.9784403
4918.98  0.9683558
4919.55  0.9552675
4920.12  0.9375486
4920.69  0.9094599
4921.26  0.8868185
4921.83  0.8855703
4922.40  0.910779
4922.97  0.9270167
4923.54  0.9246427
4924.11  0.9184658
4924.68  0.9176601
4925.25  0.9180414
4925.82  0.9184441
4926.39  0.9230716
4926.96  0.9326723
4927.53  0.9425136
4928.10  0.9528562
4928.67  0.9610151
4929.24  0.9699283
4929.81  0.9785734
4930.38  0.9817789
4930.95  0.9871821
4931.52  0.990953
4932.09  0.9912388
4932.66  0.9955317
4933.23  0.9973959
4933.80  0.9974808
4934.37  0.9980514
4934.94  0.9998791
4935.51  1.000982
4936.08  0.9991019
4936.65  0.9994683
4937.22  0.9993123
4937.79  0.9978611
4938.36  1.001
4938.93  0.9991373
4939.50  0.9921346
4940.08  0.9875058
4940.65  0.9861611
4941.22  0.9879792
4941.79  0.9859259
4942.36  0.9790822
4942.93  0.9828957
4943.50  0.989174
4944.07  0.9921206
4944.64  0.9931867
4945.21  0.9902148
4945.78  0.9904831
4946.35  0.9914774
4946.92  0.9908346
4947.49  0.9889553
4948.06  0.9917517
4948.63  0.9964112
4949.20  0.9968429
4949.77  0.997526
4950.34  0.9987928
4950.91  0.9976771
4951.48  0.9975988
4952.05  0.9988089
4952.62  0.9993587
4953.19  0.9966595
4953.76  0.9976925
4954.33  0.9955899
4954.90  0.9951747
4955.47  0.9953778
4956.04  0.9962116
4956.61  0.9944631
4957.18  0.9989409
4957.75  1.000124
4958.32  0.9972185
4958.89  0.9973899
4959.46  0.997155
4960.03  0.9957814
4960.60  0.9967363
4961.17  0.9958798
4961.75  0.9981416
4962.32  1.001605
4962.89  1.000077
4963.46  0.9984564
4964.03  0.9975133
4964.60  0.9993958
4965.17  0.9986262
4965.74  0.9971214
4966.31  0.9992043
4966.88  0.9994501
4967.45  0.9974818
4968.02  0.9950252
4968.59  0.9990135
4969.16  1.000031
4969.73  0.9988772
4970.30  0.9976963
4970.87  0.9999011
4971.44  1.000999
4972.01  1.000594
4972.58  1.000698
4973.15  1.003428
4973.72  1.002412
4974.29  1.000534
4974.86  1.000641
4975.43  1.000351
4976.00  1.000642
4976.57  0.9994329
4977.14  0.9981379
4977.71  1.001542
4978.28  1.000975
4978.85  1.001149
4979.42  1.001945
4979.99  1.001472
4980.56  1.001624
4981.13  1.000415
4981.70  0.9987979
4982.27  1.002141
4982.85  1.002123
4983.42  1.000433
4983.99  1.002225
4984.56  1.002035
4985.13  1.003659
4985.70  1.000517
4986.27  0.9995915
4986.84  0.9984894
4987.41  0.9983076
4987.98  1.001815
4988.55  1.001736
4989.12  1.003276
4989.69  1.001274
4990.26  1.000492
4990.83  0.9999009
4991.40  1.001829
4991.97  0.9985785
4992.54  0.9963726
4993.11  0.9977136
4993.68  0.9961126
4994.25  0.998099
4994.82  1.000154
4995.39  1.000018
4995.96  1.001272
4996.53  1.001786
4997.10  0.9987617
4997.67  0.9949009
4998.24  0.9969738
4998.81  0.9955845
4999.38  0.9959893
4999.95  0.9907945
5000.52  0.9791399
5001.09  0.975815
5001.66  0.9825436
5002.23  0.9894146
5002.80  0.9906957
5003.37  0.9896742
5003.94  0.9872477
5004.52  0.9771093
5005.09  0.9742127
5005.66  0.9805331
5006.23  0.9807555
5006.80  0.9808565
5007.37  0.9832039
5007.94  0.9858266
5008.51  0.9900896
5009.08  0.9915856
5009.65  0.9851263
5010.22  0.9840561
5010.79  0.9838589
5011.36  0.9877596
5011.93  0.9886237
5012.50  0.9888526
5013.07  0.9882212
5013.64  0.9834812
5014.21  0.9701301
5014.78  0.9461607
5015.35  0.9350941
5015.92  0.9445896
5016.49  0.9650113
5017.06  0.9784562
5017.63  0.9797537
5018.20  0.9757525
5018.77  0.9702321
5019.34  0.9707544
5019.91  0.9694316
5020.48  0.9683365
5021.05  0.9732027
5021.62  0.9808044
5022.19  0.9859315
5022.76  0.9882573
5023.33  0.9939282
5023.90  0.9939485
5024.47  0.9947169
5025.04  0.9973306
5025.62  0.9977201
5026.19  0.9975301
5026.76  0.9987865
5027.33  0.9968778
5027.90  0.9968062
5028.47  0.9976753
5029.04  0.9986663
5029.61  0.9995721
5030.18  1.001988
5030.75  0.997552
5031.32  0.9952622
5031.89  0.9974622
5032.46  0.996816
5033.03  0.9997342
5033.60  0.9986493
5034.17  0.9977381
5034.74  0.9995765
5035.31  0.9963368
5035.88  0.995095
5036.45  0.9923028
5037.02  0.9907302
5037.59  0.9925485
5038.16  0.9921232
5038.73  0.994242
5039.30  0.9910525
5039.87  0.9867575
5040.44  0.9909676
5041.01  0.9951944
5041.58  0.9942988
5042.15  0.9948133
5042.72  0.9941989
5043.29  0.9926029
5043.86  0.9893486
5044.43  0.9776618
5045.00  0.9721658
5045.57  0.9781182
5046.14  0.9821621
5046.72  0.9749318
5047.29  0.963509
5047.86  0.9640523
5048.43  0.9772058
5049.00  0.9825611
5049.57  0.9823579
5050.14  0.9829376
5050.71  0.9815418
5051.28  0.9789275
5051.85  0.9777565
5052.42  0.9803489
5052.99  0.9846853
5053.56  0.9882215
5054.13  0.988933
5054.70  0.9920685
5055.27  0.995706
5055.84  0.9987968
5056.41  1.000485
5056.98  0.9991575
5057.55  1.001635
5058.12  0.9998407
5058.69  0.9951417
5059.26  0.9964172
5059.83  0.9972823
5060.40  0.9968258
5060.97  0.9994915
5061.54  1.002403
5062.11  0.9994276
5062.68  0.9988751
5063.25  1.001495
5063.82  0.9993863
5064.39  1.000566
5064.96  1.002567
5065.53  1.002746
5066.10  1.001148
5066.67  1.002405
5067.24  1.003169
5067.81  0.9984083
5068.39  0.9974834
5068.96  0.9980818
5069.53  0.9971952
5070.10  0.9982353
5070.67  0.9991503
5071.24  1.000059
5071.81  0.9996186
5072.38  0.9986939
5072.95  1.000098
5073.52  1.00114
5074.09  0.9993509
5074.66  0.9993296
5075.23  0.9978513
5075.80  0.9973437
5076.37  1.001923
5076.94  1.001391
5077.51  1.000383
5078.08  0.997674
5078.65  0.9968176
5079.22  0.9955247
5079.79  0.9969654
5080.36  1.000888
5080.93  1.000597
5081.50  0.9976929
5082.07  0.9984756
5082.64  1.002511
5083.21  1.004998
5083.78  1.004636
5084.35  1.002399
5084.92  1.004751
5085.49  1.005184
5086.06  1.000778
5086.63  0.9987933
5087.20  0.9986956
5087.77  1.000548
5088.34  0.9982251
5088.91  0.9966549
5089.49  0.9992552
5090.06  0.9990081
5090.63  0.9993262
5091.20  1.001242
5091.77  1.002068
5092.34  1.000981
5092.91  1.002258
5093.48  1.001035
5094.05  0.9986983
5094.62  0.9964187
5095.19  0.996729
5095.76  0.9998935
5096.33  0.9988816
5096.90  0.9984199
5097.47  0.9996588
5098.04  1.000046
5098.61  0.9994263
5099.18  0.9988822
5099.75  0.9985051
5100.32  1.000889
5100.89  1.000934
5101.46  0.9999599
5102.03  0.9994586
5102.60  1.003704
5103.17  1.00131
5103.74  1.000367
5104.31  0.9991195
5104.88  0.9953318
5105.45  0.9969
5106.02  1.000464
5106.59  1.002255
5107.16  1.000342
5107.73  0.9974969
5108.30  0.9991893
5108.87  0.9989408
5109.44  1.000843
5110.01  1.000478
5110.59  0.9982733
5111.16  0.9977573
5111.73  0.9970152
5112.30  1.001441
5112.87  0.995467
5113.44  0.993188
