6182.33  0.983227
6182.62  0.9915887
6182.90  0.9908487
6183.19  0.9929577
6183.47  0.9920089
6183.76  0.9921246
6184.04  0.9941975
6184.32  0.9919153
6184.61  0.9945682
6184.89  0.9916173
6185.18  0.9941505
6185.46  0.9931841
6185.74  0.9902936
6186.03  0.9924543
6186.31  0.9905502
6186.60  0.991727
6186.88  0.9909151
6187.17  0.9875363
6187.45  0.9883921
6187.73  0.9893723
6188.02  0.9931042
6188.30  0.9909395
6188.59  0.9908892
6188.87  0.9937034
6189.15  0.9921576
6189.44  0.9916715
6189.72  0.9906786
6190.01  0.9954446
6190.29  0.9959729
6190.58  0.9926577
6190.86  0.9930558
6191.14  0.9947762
6191.43  0.9947727
6191.71  0.9929049
6192.00  0.9937022
6192.28  0.991917
6192.56  0.9895272
6192.85  0.9924166
6193.13  0.9974104
6193.42  0.9947365
6193.70  0.9941133
6193.99  0.9922447
6194.27  0.9876077
6194.55  0.9904405
6194.84  0.9887024
6195.12  0.992492
6195.41  0.9957938
6195.69  0.9934447
6195.98  0.9931581
6196.26  0.9951109
6196.54  0.9905726
6196.83  0.9921712
6197.11  0.9931374
6197.40  0.9892766
6197.68  0.987802
6197.96  0.9940794
6198.25  0.9975316
6198.53  0.9939891
6198.82  0.9926088
6199.10  0.9916125
6199.39  0.9915144
6199.67  0.9887837
6199.95  0.9954043
6200.24  0.9955006
6200.52  0.993049
6200.81  0.9970878
6201.09  0.9930454
6201.37  0.9904009
6201.66  0.9886373
6201.94  0.9912437
6202.23  0.9957674
6202.51  0.9926155
6202.80  0.9897332
6203.08  0.9900289
6203.36  0.9864478
6203.65  0.9857083
6203.93  0.9856431
6204.22  0.9863671
6204.50  0.9937302
6204.78  0.988486
6205.07  0.9849787
6205.35  0.9879851
6205.64  0.9923562
6205.92  0.9943209
6206.21  0.9976406
6206.49  0.9944281
6206.77  0.992893
6207.06  0.9950421
6207.34  0.9886817
6207.63  0.9758142
6207.91  0.9939629
6208.19  1.000029
6208.48  0.9966659
6208.76  0.996204
6209.05  0.995694
6209.33  0.9970915
6209.62  0.9969601
6209.90  1.000484
6210.18  0.9991766
6210.47  1.002542
6210.75  0.9961095
6211.04  0.998382
6211.32  0.9987245
6211.60  0.9930223
6211.89  0.9998975
6212.17  1.004311
6212.46  1.000914
6212.74  0.9999028
6213.03  0.9982597
6213.31  0.9970253
6213.59  0.9962491
6213.88  0.9980029
6214.16  0.9991956
6214.45  0.9978622
6214.73  0.9944981
6215.02  0.9954572
6215.30  0.9953755
6215.58  0.9956282
6215.87  0.998878
6216.15  0.9990565
6216.44  0.996542
6216.72  1.000556
6217.00  0.9990569
6217.29  0.9979974
6217.57  0.9923816
6217.86  0.9957895
6218.14  1.004702
6218.43  0.9995562
6218.71  0.9954646
6218.99  1.00028
6219.28  0.9962304
6219.56  0.9970174
6219.85  0.9980121
6220.13  0.9967765
6220.41  0.9934886
6220.70  0.9966308
6220.98  0.9985605
6221.27  0.9969015
6221.55  0.9986312
6221.84  0.9992982
6222.12  1.001255
6222.40  1.000574
6222.69  0.9973745
6222.97  1.001425
6223.26  1.004318
6223.54  0.999011
6223.82  1.000408
6224.11  1.003739
6224.39  1.005369
6224.68  1.001781
6224.96  0.9991964
6225.25  0.9990843
6225.53  1.000209
6225.81  1.000776
6226.10  0.9970207
6226.38  0.9981555
6226.67  1.001062
6226.95  0.9993996
6227.23  1.001923
6227.52  1.00107
6227.80  0.9969121
6228.09  1.000098
6228.37  0.9995329
6228.66  1.000022
6228.94  1.00152
6229.22  0.9976996
6229.51  0.9967763
6229.79  0.9987376
6230.08  1.002799
6230.36  1.000854
6230.64  0.9983776
6230.93  1.001255
6231.21  1.003376
6231.50  0.9970802
6231.78  0.9969635
6232.07  1.0024
6232.35  1.000797
6232.63  1.004374
6232.92  1.005798
6233.20  1.003696
6233.49  1.002187
6233.77  1.003286
6234.06  1.003564
6234.34  1.001369
6234.62  0.9983928
6234.91  0.9991764
6235.19  1.002302
6235.48  1.000225
6235.76  0.9993792
6236.04  0.9978757
6236.33  1.000399
6236.61  1.002525
6236.90  1.001688
6237.18  0.9972515
6237.47  0.9949943
6237.75  1.000478
6238.03  1.003836
6238.32  1.001706
6238.60  1.001494
6238.89  1.006105
6239.17  1.004219
6239.45  1.00258
6239.74  1.00406
6240.02  1.003921
6240.31  1.007569
6240.59  1.003754
6240.88  1.005624
6241.16  1.005265
6241.44  1.008019
6241.73  1.006158
6242.01  1.003648
6242.30  1.003395
6242.58  0.9992113
6242.86  1.002685
6243.15  1.003139
6243.43  1.002175
6243.72  1.002021
6244.00  1.003341
6244.29  1.001934
6244.57  0.9966915
6244.85  1.001199
6245.14  1.004986
6245.42  1.007439
6245.71  1.0015
6245.99  1.001994
6246.27  1.002728
6246.56  1.001923
6246.84  1.005897
6247.13  1.000694
6247.41  1.000626
6247.70  1.003343
6247.98  0.9970991
6248.26  1.000064
6248.55  1.002578
6248.83  1.002159
6249.12  1.004836
6249.40  1.001604
6249.68  1.001168
6249.97  1.002433
6250.25  1.001956
6250.54  1.000699
6250.82  0.997704
6251.11  1.001741
6251.39  1.001772
6251.67  1.002677
6251.96  1.001555
6252.24  1.00491
6252.53  1.002243
6252.81  1.002532
6253.10  1.000048
6253.38  0.9991624
6253.66  0.9968262
6253.95  1.002293
6254.23  1.002297
6254.52  0.9956872
6254.80  1.002469
6255.08  0.9991708
6255.37  0.9998305
6255.65  1.003071
6255.94  1.004189
6256.22  1.001736
6256.51  1.002177
6256.79  1.001536
6257.07  0.9993758
6257.36  1.002151
6257.64  0.9969258
6257.93  1.000446
6258.21  0.9984477
6258.49  0.9962525
6258.78  0.9970352
6259.06  0.9930653
6259.35  0.9983253
6259.63  0.9952173
6259.92  0.9963285
6260.20  0.9950463
6260.48  1.00012
6260.77  1.002938
6261.05  0.9986054
6261.34  1.002477
6261.62  0.9995738
6261.90  1.001533
6262.19  1.000353
6262.47  0.9972634
6262.76  0.9991868
6263.04  0.9992021
6263.33  0.9978769
6263.61  0.998094
6263.89  0.9973694
6264.18  0.9968579
6264.46  0.9964184
6264.75  0.9977796
6265.03  1.001123
6265.31  0.9993476
6265.60  0.9957747
6265.88  0.9935443
6266.17  0.9970409
6266.45  0.9920571
6266.74  0.993385
6267.02  0.9971313
6267.30  0.9971024
6267.59  0.9961925
6267.87  0.9994498
6268.16  0.9991869
6268.44  0.9969698
6268.72  0.9980048
6269.01  0.993403
6269.29  0.9889825
6269.58  0.9904295
6269.86  0.9948013
6270.15  0.9934956
6270.43  0.9933157
6270.71  0.9923338
6271.00  0.9924734
6271.28  0.9945409
6271.57  0.9938843
6271.85  0.991735
6272.14  0.9988688
6272.42  0.9980925
6272.70  0.9946941
6272.99  0.9941147
6273.27  0.9920093
6273.56  0.9924173
6273.84  0.9918499
6274.12  0.9928349
6274.41  0.9954019
6274.69  0.9963568
6274.98  0.9953653
6275.26  0.997507
6275.55  0.9973463
6275.83  0.9950926
6276.11  0.9957378
6276.40  0.9932178
6276.68  0.9893752
6276.97  0.990267
6277.25  0.9923071
6277.53  0.9867544
6277.82  0.9633716
6278.10  0.9227356
6278.39  0.9022993
6278.67  0.8918146
6278.96  0.8620684
6279.24  0.8584373
6279.52  0.8532524
6279.81  0.8832991
6280.09  0.9202443
6280.38  0.9079227
6280.66  0.9058734
6280.94  0.9402159
6281.23  0.941652
6281.51  0.9323056
6281.80  0.9302985
6282.08  0.9407645
6282.37  0.9491711
6282.65  0.9415018
6282.93  0.9520401
6283.22  0.9487422
6283.50  0.9369698
6283.79  0.9460263
6284.07  0.9425228
6284.35  0.9432616
6284.64  0.9601957
6284.92  0.9628325
6285.21  0.947198
6285.49  0.9502145
6285.78  0.959259
6286.06  0.9601629
6286.34  0.9656088
6286.63  0.9726583
6286.91  0.9724543
6287.20  0.9652632
6287.48  0.9677019
6287.76  0.9802705
6288.05  0.9878829
6288.33  0.9897618
6288.62  0.9892142
6288.90  0.9823006
6289.19  0.9690456
6289.47  0.9711974
6289.75  0.9843787
6290.04  0.98979
6290.32  0.986605
6290.61  0.9772438
6290.89  0.9648955
6291.18  0.9659424
6291.46  0.9672506
6291.74  0.9556911
6292.03  0.9713373
6292.31  0.9843333
6292.60  0.9870703
6292.88  0.9935844
6293.16  0.9852091
6293.45  0.9742125
6293.73  0.9514435
6294.02  0.9523165
6294.30  0.9396132
6294.59  0.9482499
6294.87  0.9745368
6295.15  0.9908571
6295.44  0.9934237
6295.72  0.9942767
6296.01  0.9896679
6296.29  0.9772258
6296.57  0.9575806
6296.86  0.9580079
6297.14  0.9604623
6297.43  0.947366
6297.71  0.964335
6298.00  0.9822072
6298.28  0.9902931
6298.56  0.9858015
6298.85  0.984281
6299.13  0.9889964
6299.42  0.9898892
6299.70  0.9730589
6299.98  0.9575527
6300.27  0.9632635
6300.55  0.9538826
6300.84  0.9512809
6301.12  0.9723322
6301.41  0.9871452
6301.69  0.9932234
6301.97  1.003397
6302.26  0.9982979
6302.54  0.996095
6302.83  0.9916245
6303.11  0.9817543
6303.39  0.9627068
6303.68  0.959967
6303.96  0.9605344
6304.25  0.9507642
6304.53  0.9661414
6304.82  0.9879918
6305.10  0.990718
6305.38  0.9942378
6305.67  0.9960791
6305.95  0.9972741
6306.24  0.9959716
6306.52  0.9897356
6306.80  0.986194
6307.09  0.9723164
6307.37  0.9669353
6307.66  0.9701601
6307.94  0.9653704
6308.23  0.9702476
6308.51  0.9813471
6308.79  0.9925428
6309.08  0.9945648
6309.36  0.990971
6309.65  0.9926032
6309.93  0.9934856
6310.22  0.9942865
6310.50  0.9925143
6310.78  0.9902056
6311.07  0.9789683
6311.35  0.9761751
6311.64  0.9762144
6311.92  0.9750215
6312.20  0.9728816
6312.49  0.9852137
6312.77  0.9904557
6313.06  0.995074
6313.34  0.9938278
6313.63  0.9910147
6313.91  0.9940867
6314.19  0.9910943
6314.48  0.9935835
6314.76  0.9947183
6315.05  0.9974019
6315.33  0.9974765
6315.61  0.9841166
6315.90  0.9803014
6316.18  0.9775026
6316.47  0.9755018
6316.75  0.9835434
6317.04  0.9911615
6317.32  0.9926652
6317.60  0.9874947
6317.89  0.9807321
6318.17  0.9826929
6318.46  0.9880704
6318.74  0.9812121
6319.02  0.9798822
6319.31  0.9876612
6319.59  0.9917801
6319.88  0.9887543
6320.16  0.9876423
6320.45  0.9908576
6320.73  0.9900327
6321.01  0.9763733
6321.30  0.9713697
6321.58  0.9723735
6321.87  0.9888853
6322.15  0.996911
6322.43  0.9925737
6322.72  0.9901898
6323.00  0.9886034
6323.29  0.98941
6323.57  0.9893186
6323.86  0.9941789
6324.14  0.9956685
6324.42  0.9963313
6324.71  0.9956973
6324.99  0.9858939
6325.28  0.976047
6325.56  0.9809858
6325.84  0.9884582
6326.13  0.9944328
6326.41  0.9932154
6326.70  0.9933014
6326.98  0.9965877
6327.27  1.00166
6327.55  0.9992342
6327.83  0.9954426
6328.12  0.993399
6328.40  0.9967464
6328.69  1.000084
6328.97  1.000085
6329.26  1.002183
6329.54  0.9994398
6329.82  0.9964808
6330.11  0.999235
6330.39  0.996098
6330.68  0.9913737
6330.96  0.9939902
6331.24  0.9971127
6331.53  0.997281
6331.81  0.9972136
6332.10  0.997875
6332.38  0.9975803
6332.67  0.9984484
6332.95  0.9989188
6333.23  0.9955705
6333.52  0.9929767
6333.80  0.9925573
6334.09  0.9969696
6334.37  0.9984226
6334.65  0.9942609
6334.94  0.9933149
6335.22  0.9943033
6335.51  1.001442
6335.79  1.003427
6336.08  0.9999763
6336.36  1.000174
6336.64  0.9990581
6336.93  0.9961371
6337.21  0.9959241
6337.50  0.9934157
6337.78  0.9964098
6338.06  0.9998527
6338.35  0.9965305
6338.63  0.9945468
6338.92  0.9965791
6339.20  0.9986731
6339.49  0.997143
6339.77  0.9963459
6340.05  0.9943483
6340.34  0.9939217
6340.62  0.9950433
6340.91  0.9928167
6341.19  0.9962921
6341.47  0.9982223
6341.76  0.9976606
6342.04  0.9977356
6342.33  0.9946975
6342.61  0.991608
6342.90  0.9909979
6343.18  0.9950013
6343.46  0.9975759
6343.75  0.9916276
6344.03  0.9867994
6344.32  0.9911516
6344.60  0.9938211
6344.88  0.9931758
6345.17  0.9974037
6345.45  1.000123
6345.74  0.9984068
6346.02  0.9969261
6346.31  0.9934503
6346.59  0.9928668
6346.87  0.9938933
6347.16  0.9941907
6347.44  0.994715
6347.73  0.9942535
6348.01  0.993632
6348.30  0.9922988
6348.58  0.9846971
6348.86  0.9868692
6349.15  0.9918941
6349.43  0.9949422
6349.72  0.9993595
6350.00  0.9989891
6350.28  0.9961346
6350.57  0.9956039
6350.85  0.9979609
6351.14  0.9981527
6351.42  0.9966503
6351.71  0.9979744
6351.99  0.9915067
6352.27  0.9882342
6352.56  0.9930411
6352.84  0.9915316
6353.13  0.992787
6353.41  0.9901639
6353.69  0.9914786
6353.98  0.9945902
6354.26  0.997214
6354.55  0.9957353
6354.83  0.9977332
6355.12  0.9970196
6355.40  0.9938213
6355.68  0.99669
6355.97  0.9974541
6356.25  0.9972681
6356.54  0.9946517
6356.82  0.9904782
6357.10  0.990984
6357.39  0.994283
6357.67  0.9944591
6357.96  0.9926395
6358.24  0.9987718
6358.53  1.000953
6358.81  0.9998452
6359.09  0.9987305
6359.38  0.9971877
6359.66  0.9922674
6359.95  0.9979832
6360.23  0.9977003
6360.51  0.9977272
6360.80  0.9991523
6361.08  0.9990168
6361.37  1.001737
6361.65  0.9990785
6361.94  0.9989895
6362.22  1.001312
6362.50  0.9956053
6362.79  0.9936214
6363.07  0.9952859
6363.36  1.002345
6363.64  1.002917
6363.92  0.9949455
6364.21  0.9995096
6364.49  1.001457
6364.78  1.001457
6365.06  1.00115
6365.35  0.9988757
6365.63  1.000272
6365.91  0.9999529
6366.20  0.9988288
6366.48  0.9934275
6366.77  0.9956287
6367.05  0.9974539
6367.34  1.001047
6367.62  1.005365
6367.90  0.9985304
6368.19  0.9972607
6368.47  0.9989551
6368.76  0.9988671
6369.04  1.000942
6369.32  0.9999706
6369.61  0.9976738
6369.89  0.9927627
6370.18  0.9929554
6370.46  0.9949739
6370.75  0.9985755
6371.03  1.002255
6371.31  1.002867
6371.60  1.004636
6371.88  1.002093
6372.17  0.9997333
6372.45  0.9998798
6372.73  0.9989519
6373.02  0.9983299
6373.30  0.999316
6373.59  0.996367
6373.87  0.9987414
6374.16  0.9989761
6374.44  1.000772
6374.72  0.9983368
6375.01  1.000015
6375.29  1.001033
6375.58  1.000154
6375.86  1.002207
6376.14  1.003704
6376.43  1.00289
6376.71  1.001453
6377.00  0.9993384
6377.28  0.996533
6377.57  0.994208
6377.85  0.9980664
6378.13  0.999499
6378.42  0.9992582
6378.70  0.9970323
6378.99  0.9939409
6379.27  1.000129
6379.55  0.9991617
6379.84  0.993053
6380.12  0.9952639
6380.41  0.9962354
6380.69  0.9924136
6380.98  0.9941335
6381.26  1.000319
6381.54  0.9973524
6381.83  0.9986576
6382.11  0.9997134
6382.40  0.9957391
6382.68  0.9976153
6382.96  0.9979836
6383.25  0.9994177
6383.53  0.9964497
6383.82  0.99155
6384.10  0.9910338
6384.39  0.9936958
6384.67  0.995041
6384.95  0.9955657
6385.24  0.9983292
6385.52  0.9985541
6385.81  0.9987301
6386.09  0.9954481
6386.38  0.9940963
6386.66  0.9952065
6386.94  0.9954697
6387.23  0.9993952
6387.51  0.998044
6387.80  0.9956695
6388.08  0.9982637
6388.36  0.9996205
6388.65  0.9943222
6388.93  0.9904699
6389.22  0.9904897
6389.50  0.9929224
6389.79  0.9932334
6390.07  0.9928927
6390.35  0.9880002
6390.64  0.9884694
6390.92  0.9946866
6391.21  0.9937136
6391.49  0.9934333
6391.77  0.9920605
6392.06  0.9916061
6392.34  0.9950571
6392.63  0.9940578
6392.91  0.9944814
6393.20  0.9932542
6393.48  0.9942159
6393.76  0.989335
6394.05  0.9897562
6394.33  0.9927857
6394.62  0.9923766
6394.90  0.9906017
6395.18  0.9908242
6395.47  0.9926541
6395.75  0.9904916
6396.04  0.9934644
6396.32  0.9943911
6396.61  0.9952339
6396.89  0.9938641
6397.17  0.9911276
6397.46  0.994434
6397.74  0.9948368
6398.03  0.991672
6398.31  0.9914595
6398.59  0.9916902
6398.88  0.9897999
6399.16  0.9899892
6399.45  0.9876423
6399.73  0.99254
6400.02  0.994589
6400.30  0.9904791
6400.58  0.9927375
6400.87  0.9870738
6401.15  0.9885482
6401.44  0.9923268
6401.72  0.9908958
6402.00  0.9814515
6402.29  0.9788862
6402.57  0.9817487
6402.86  0.9844731
6403.14  0.9875863
6403.43  0.9898213
6403.71  0.9895852
6403.99  0.989601
6404.28  0.988153
6404.56  0.9888858
6404.85  0.9861523
6405.13  0.9902465
6405.42  0.9902228
6405.70  0.9887986
6405.98  0.987982
6406.27  0.9912357
6406.55  0.9913996
6406.84  0.9914121
6407.12  0.9880667
6407.40  0.9845785
6407.69  0.9877461
6407.97  0.9901584
6408.26  0.9885306
6408.54  0.989133
6408.83  0.9885849
6409.11  0.9903383
6409.39  0.9891257
6409.68  0.9888824
6409.96  0.9877504
6410.25  0.9907903
6410.53  0.9952008
6410.81  0.9930313
6411.10  0.9922724
6411.38  0.9955552
6411.67  0.9924729
6411.95  0.9946594
6412.24  0.9929315
6412.52  0.9953477
6412.80  0.9931647
6413.09  0.9917505
6413.37  0.9905633
6413.66  0.9911525
6413.94  0.9945696
6414.22  0.9959083
6414.51  0.9911974
6414.79  0.9908934
6415.08  0.9914178
6415.36  0.9916553
6415.65  0.989777
6415.93  0.9918466
6416.21  0.9925021
6416.50  0.9899073
6416.78  0.9949916
6417.07  0.9997839
6417.35  0.9962616
6417.63  0.9895357
6417.92  0.9910774
6418.20  0.9927024
6418.49  0.993381
6418.77  0.9903993
6419.06  0.9895069
6419.34  0.9950628
6419.62  0.9916662
6419.91  0.992495
6420.19  0.9938869
6420.48  0.9931721
6420.76  0.9928645
6421.04  0.9893978
6421.33  0.9927031
6421.61  0.9934415
6421.90  0.9954532
6422.18  0.9984296
6422.47  0.9974979
6422.75  0.9989658
6423.03  0.9960911
6423.32  0.9945813
6423.60  0.9961419
6423.89  0.9939908
6424.17  0.9958521
6424.46  0.996743
6424.74  0.9939963
6425.02  0.9982912
6425.31  0.9988276
6425.59  0.9966773
6425.88  0.9958884
6426.16  0.9946537
6426.44  0.9929138
6426.73  0.9926362
6427.01  0.9961851
6427.30  0.9920065
6427.58  0.996944
6427.87  1.000908
6428.15  0.9974415
6428.43  0.998148
6428.72  0.9973814
6429.00  0.9966204
6429.29  0.9977846
6429.57  0.9994334
6429.85  0.9963848
6430.14  0.9973803
6430.42  0.9982396
6430.71  0.9969172
6430.99  0.9977773
6431.28  0.9994829
6431.56  0.9968038
6431.84  0.991556
6432.13  0.99642
6432.41  0.9987315
6432.70  1.000151
6432.98  0.9973077
6433.26  0.9993302
6433.55  0.9963965
6433.83  0.9952375
6434.12  0.9907409
6434.40  0.989738
6434.69  0.9927126
6434.97  0.9991884
6435.25  0.9986209
6435.54  0.997227
6435.82  0.9949925
6436.11  0.9976322
6436.39  0.9935707
6436.67  0.9947373
6436.96  0.9975739
6437.24  0.9987912
6437.53  1.000877
6437.81  0.9993748
6438.10  0.996872
6438.38  0.9973388
6438.66  0.9993101
6438.95  0.9974928
6439.23  0.9981466
6439.52  0.997654
6439.80  0.9977279
6440.08  0.9969851
6440.37  0.9973885
6440.65  0.999975
6440.94  0.9968943
6441.22  0.9948608
6441.51  0.9942953
6441.79  0.9960616
6442.07  1.00034
6442.36  0.9974177
6442.64  0.9991819
6442.93  0.9966994
6443.21  0.9949725
6443.50  1.000544
6443.78  1.000158
6444.06  0.9978432
6444.35  0.9963187
6444.63  1.000191
6444.92  0.9986681
6445.20  0.9984314
6445.48  0.9967937
6445.77  0.9952689
6446.05  0.9960665
6446.34  0.997512
6446.62  0.9983093
6446.91  0.9968518
6447.19  0.9982625
6447.47  0.99614
6447.76  0.998058
6448.04  1.00345
6448.33  1.002925
6448.61  1.00192
6448.89  1.000506
6449.18  0.9972649
6449.46  0.9921377
6449.75  0.9981238
6450.03  1.000013
6450.32  1.000285
6450.60  1.005564
6450.88  1.002843
6451.17  0.9998255
6451.45  0.9997088
6451.74  0.9998463
6452.02  1.00067
6452.30  0.9985633
6452.59  1.000262
6452.87  1.000219
6453.16  0.996545
6453.44  1.000934
6453.73  1.001572
6454.01  0.9956686
6454.29  0.995823
6454.58  0.9994699
6454.86  0.9977356
6455.15  0.998509
6455.43  0.9948139
6455.71  0.9892699
6456.00  0.9924137
6456.28  0.993884
6456.57  0.9962806
6456.85  0.9994198
6457.14  0.9974199
6457.42  0.9961634
6457.70  0.9962778
6457.99  0.9999479
6458.27  0.9997429
6458.56  0.9963731
6458.84  0.993053
6459.12  1.000111
6459.41  0.9997091
6459.69  0.9999014
6459.98  0.9934835
6460.26  0.9792834
6460.55  0.9811119
6460.83  0.9843562
6461.11  0.9813666
6461.40  0.9809716
6461.68  0.9851159
6461.97  0.9926232
6462.25  1.000671
6462.54  0.9980235
6462.82  1.003755
6463.10  0.9958613
6463.39  0.9871995
6463.67  0.9898329
6463.96  0.9977059
6464.24  0.9996898
6464.52  0.9913903
6464.81  0.9871705
6465.09  0.981115
6465.38  0.9877447
6465.66  0.9834804
6465.95  0.9779218
6466.23  0.9867612
6466.51  0.9951054
6466.80  0.995252
6467.08  0.9955564
6467.37  0.9945297
6467.65  0.9833649
6467.93  0.9811752
6468.22  0.9860919
6468.50  0.9912322
6468.79  0.9914306
6469.07  0.9796613
6469.36  0.9764226
6469.64  0.984545
6469.92  0.9882488
6470.21  0.9953728
6470.49  0.9927889
6470.78  0.9788225
6471.06  0.9632201
6471.34  0.9656476
6471.63  0.9770195
6471.91  0.9929507
6472.20  0.9974085
6472.48  0.9965259
6472.77  0.9961153
6473.05  1.000355
6473.33  1.00296
6473.62  0.9877529
6473.90  0.9675353
6474.19  0.9672552
6474.47  0.9636217
6474.75  0.9657414
6475.04  0.9779043
6475.32  0.9936897
6475.61  0.9957113
6475.89  0.9917711
6476.18  0.9758334
6476.46  0.9359857
6476.74  0.9203302
6477.03  0.9203216
6477.31  0.9213083
6477.60  0.9461812
6477.88  0.9746742
6478.16  0.9806909
6478.45  0.9742025
6478.73  0.9732348
6479.02  0.9802927
6479.30  0.9949518
6479.59  1.002893
6479.87  1.003419
6480.15  1.001161
6480.44  0.9889955
6480.72  0.968927
6481.01  0.9618869
6481.29  0.9476669
6481.58  0.9287687
6481.86  0.9442679
6482.14  0.9676443
6482.43  0.975157
6482.71  0.9865085
6483.00  0.9900929
6483.28  0.9893916
6483.56  0.9993374
6483.85  1.001823
6484.13  0.9948651
6484.42  0.969249
6484.70  0.9377407
6484.99  0.9284202
6485.27  0.9230823
6485.55  0.9363918
6485.84  0.9619836
6486.12  0.9731618
6486.41  0.9839798
6486.69  0.9883409
6486.97  0.9811252
6487.26  0.9846737
6487.54  0.9961758
6487.83  0.9893436
6488.11  0.9740267
6488.40  0.9687229
6488.68  0.9811429
6488.96  0.9900452
6489.25  0.9888086
6489.53  0.985708
6489.82  0.9920059
6490.10  1.000192
6490.38  0.9933707
6490.67  0.9849303
6490.95  0.9970885
6491.24  1.001008
6491.52  1.000923
6491.81  0.9876868
6492.09  0.948336
6492.37  0.9278417
6492.66  0.9637501
6492.94  0.9901242
6493.23  0.9981802
6493.51  1.002917
6493.79  0.997206
6494.08  0.9774081
6494.36  0.9426964
6494.65  0.9472266
6494.93  0.9718482
6495.22  0.9936641
6495.50  0.9952341
6495.78  0.9901121
6496.07  0.9908262
6496.35  0.9968109
6496.64  0.9950975
6496.92  0.9817951
6497.20  0.9466424
6497.49  0.9355217
6497.77  0.9680771
6498.06  0.9926658
6498.34  0.9985979
6498.63  0.9938406
6498.91  0.9749217
6499.19  0.9740373
6499.48  0.9911987
6499.76  1.002941
6500.05  1.00825
6500.33  1.004365
6500.62  1.004139
6500.90  1.007607
6501.18  1.003812
6501.47  1.001745
6501.75  1.002212
6502.04  1.003791
6502.32  1.003292
6502.60  1.000418
6502.89  1.001889
6503.17  1.002535
6503.46  1.004938
6503.74  1.002458
6504.03  1.000321
6504.31  1.001129
6504.59  1.000256
6504.88  0.9938115
6505.16  0.9900408
6505.45  0.9932086
6505.73  0.9901012
6506.01  0.9945021
6506.30  1.000081
6506.58  1.005003
6506.87  1.00485
6507.15  1.00434
6507.44  1.003743
6507.72  1.000681
6508.00  1.007243
6508.29  1.008133
6508.57  1.001618
6508.86  1.002249
6509.14  0.9959623
6509.42  0.9965745
6509.71  0.9888217
6509.99  0.9710031
6510.28  0.9719361
6510.56  0.985933
6510.85  1.001311
6511.13  1.000926
6511.41  1.003526
6511.70  1.002744
6511.98  1.005661
6512.27  1.002327
6512.55  1.001157
6512.83  1.001575
6513.12  0.9959349
6513.40  0.9789882
6513.69  0.9737402
6513.97  0.9851009
6514.26  0.9988705
6514.54  1.008303
6514.82  1.000311
6515.11  0.9959486
6515.39  0.9928058
6515.68  0.9848554
6515.96  0.9513101
6516.24  0.9283195
6516.53  0.948557
6516.81  0.9714476
6517.10  0.9726937
6517.38  0.9653252
6517.67  0.9432855
6517.95  0.8899091
6518.23  0.875426
6518.52  0.9161026
6518.80  0.9545358
6519.09  0.9784849
6519.37  0.9764348
6519.66  0.9716636
6519.94  0.982551
6520.22  0.9878506
6520.51  0.9810045
6520.79  0.9599423
6521.08  0.9520338
6521.36  0.9745663
6521.64  0.9957806
6521.93  0.9992686
6522.21  0.9996688
6522.50  1.000047
6522.78  1.001945
6523.07  0.9981877
6523.35  0.9923437
6523.63  0.9952487
6523.92  0.9925325
6524.20  1.000524
6524.49  1.000658
6524.77  0.9851014
6525.05  0.9643395
6525.34  0.949944
6525.62  0.9655653
6525.91  0.9853846
6526.19  0.9960791
6526.48  0.9983671
6526.76  1.002725
6527.04  1.001408
6527.33  0.9974424
6527.61  1.001361
6527.90  1.000749
6528.18  1.00103
6528.46  1.004092
6528.75  1.001712
6529.03  0.9996213
6529.32  1.002417
6529.60  0.9981686
6529.89  0.9965332
6530.17  1.001861
6530.45  0.9980672
6530.74  0.9989945
6531.02  1.000675
6531.31  0.9975708
6531.59  0.9992754
6531.87  0.9959417
6532.16  0.9911982
6532.44  0.9942143
6532.73  1.000463
6533.01  1.001317
6533.30  0.9933277
6533.58  0.9739868
6533.86  0.9515054
6534.15  0.9643266
6534.43  0.988364
6534.72  0.9943767
6535.00  0.9924227
6535.28  0.9803216
6535.57  0.9664075
6535.85  0.9803084
6536.14  0.9865972
6536.42  0.988605
6536.71  0.9926201
6536.99  0.9953895
6537.27  0.995017
6537.56  0.9956502
6537.84  0.9915751
6538.13  0.9816958
6538.41  0.983789
6538.70  0.9913971
6538.98  0.99538
6539.26  1.000502
6539.55  0.998686
6539.83  0.9993479
6540.12  1.001977
6540.40  0.9957883
6540.68  0.9986965
6540.97  0.9977925
6541.25  1.001424
6541.54  0.9967646
6541.82  0.9930386
6542.11  0.9937298
6542.39  0.9971298
6542.67  0.9988942
6542.96  0.9970087
6543.24  0.9938688
6543.53  0.9828821
6543.81  0.9676297
6544.09  0.9770133
6544.38  0.9794701
6544.66  0.9864251
6544.95  0.9752155
6545.23  0.9347175
6545.52  0.9244142
6545.80  0.9520975
6546.08  0.969223
6546.37  0.9783033
6546.65  0.9860087
6546.94  0.9837266
6547.22  0.9775197
6547.50  0.9758894
6547.79  0.9828012
6548.07  0.9855628
6548.36  0.9863858
6548.64  0.9794343
6548.93  0.9692509
6549.21  0.9564555
6549.49  0.9574935
6549.78  0.9487943
6550.06  0.9233041
6550.35  0.9296795
6550.63  0.9490581
6550.91  0.9678618
6551.20  0.9772183
6551.48  0.9741833
6551.77  0.9718291
6552.05  0.9686697
6552.34  0.9722846
6552.62  0.9726664
6552.90  0.9627679
6553.19  0.9591086
6553.47  0.9533554
6553.76  0.9327029
6554.04  0.8964476
6554.32  0.8963279
6554.61  0.9207972
6554.89  0.9244026
6555.18  0.9183859
6555.46  0.9162148
6555.75  0.9203796
6556.03  0.9192156
6556.31  0.919623
6556.60  0.9198857
6556.88  0.9113817
6557.17  0.9074215
6557.45  0.9102212
6557.74  0.9073523
6558.02  0.8993639
6558.30  0.884881
6558.59  0.8595273
6558.87  0.8565615
6559.16  0.859649
6559.44  0.849036
6559.72  0.8445571
6560.01  0.8408291
6560.29  0.8359088
6560.58  0.8347428
6560.86  0.825481
6561.15  0.8096648
6561.43  0.7941346
6561.71  0.769136
6562.00  0.7348803
6562.28  0.7049927
6562.57  0.6852806
6562.85  0.6804746
6563.13  0.6849491
6563.42  0.6951229
6563.70  0.7087179
6563.99  0.726742
6564.27  0.7494135
6564.56  0.7663635
6564.84  0.7697142
6565.12  0.7708325
6565.41  0.7677011
6565.69  0.7610319
6565.98  0.7760788
6566.26  0.7966981
6566.54  0.8074598
6566.83  0.8192808
6567.11  0.8258747
6567.40  0.8293814
6567.68  0.8353058
6567.97  0.8413823
6568.25  0.8446065
6568.53  0.8543143
6568.82  0.8665567
6569.10  0.8670596
6569.39  0.8709924
6569.67  0.8815675
6569.95  0.8803774
6570.24  0.8765609
6570.52  0.8861498
6570.81  0.8943992
6571.09  0.8962905
6571.38  0.9094721
6571.66  0.9165272
6571.94  0.9163191
6572.23  0.92099
6572.51  0.9229237
6572.80  0.9274946
6573.08  0.9245996
6573.36  0.9083881
6573.65  0.9021471
6573.93  0.9198018
6574.22  0.9398268
6574.50  0.9468721
6574.79  0.9499065
6575.07  0.9551368
6575.35  0.9549217
6575.64  0.9557467
6575.92  0.9483773
6576.21  0.9203127
6576.49  0.9075055
6576.78  0.9325995
6577.06  0.9521154
6577.34  0.9601513
6577.63  0.9540228
6577.91  0.9418233
6578.20  0.9406857
6578.48  0.952554
6578.76  0.9640282
6579.05  0.9712117
6579.33  0.9758803
6579.62  0.974779
6579.90  0.9776761
6580.19  0.9755095
6580.47  0.9724495
6580.75  0.9763985
6581.04  0.977227
6581.32  0.974564
6581.61  0.9743882
6581.89  0.9700124
6582.17  0.9607021
6582.46  0.9540671
6582.74  0.9522665
6583.03  0.9564079
6583.31  0.9608398
6583.60  0.9709604
6583.88  0.973202
6584.16  0.9721915
6584.45  0.9744018
6584.73  0.9569636
6585.02  0.9428122
6585.30  0.9620658
6585.58  0.9809241
6585.87  0.9877417
6586.15  0.9864475
6586.44  0.9860708
6586.72  0.9865119
6587.01  0.9841025
6587.29  0.9812135
6587.57  0.9783971
6587.86  0.9703436
6588.14  0.9578605
6588.43  0.9664775
6588.71  0.9796626
6588.99  0.9854852
6589.28  0.9912677
6589.56  0.9915858
6589.85  0.9893913
6590.13  0.9877782
6590.42  0.9898709
6590.70  0.9939497
6590.98  0.9981162
6591.27  0.9994296
6591.55  0.995226
6591.84  0.9964577
6592.12  0.9924382
6592.40  0.9961711
6592.69  0.9984096
6592.97  0.9937386
6593.26  0.9971285
6593.54  0.9994273
6593.83  1.001387
6594.11  0.9975389
6594.39  0.9938977
6594.68  0.9952111
6594.96  0.9901726
6595.25  0.9922099
6595.53  0.99257
6595.82  0.9887165
6596.10  0.9868034
6596.38  0.9912297
6596.67  0.99624
6596.95  0.9934242
6597.24  0.9944305
6597.52  0.9958808
6597.80  0.9926046
6598.09  0.9912983
6598.37  0.9925839
6598.66  0.987388
6598.94  0.9877854
6599.23  0.993192
6599.51  0.9974652
6599.79  0.9975893
6600.08  0.9920519
6600.36  0.9912284
6600.65  0.9849923
6600.93  0.9820847
6601.21  0.9840454
6601.50  0.9917425
6601.78  0.9897774
6602.07  0.9951118
6602.35  0.9901912
6602.64  0.9905523
6602.92  0.9905693
6603.20  0.989411
6603.49  0.9840612
6603.77  0.9781452
6604.06  0.9838655
6604.34  0.9926552
6604.62  0.9942272
6604.91  0.9937186
6605.19  0.9912701
6605.48  0.9975707
6605.76  0.9992957
6606.05  0.9983218
6606.33  0.9984158
6606.61  0.9909999
6606.90  0.9892556
6607.18  0.9849281
6607.47  0.9940559
6607.75  0.9952751
6608.03  0.988943
6608.32  0.994172
6608.60  0.9937525
6608.89  0.9999974
6609.17  0.9970859
6609.46  0.9968706
6609.74  0.9939129
6610.02  0.9992566
6610.31  0.9976136
6610.59  0.9951128
6610.88  0.9926631
6611.16  0.9982991
6611.44  0.9943429
6611.73  0.995003
6612.01  0.9970183
6612.30  0.9969974
6612.58  0.9962627
6612.87  0.9973778
6613.15  0.9978418
6613.43  0.9873059
6613.72  0.988813
6614.00  0.9892327
6614.29  0.9842345
6614.57  0.9886744
6614.86  0.9884652
6615.14  0.9901201
6615.42  0.9887558
6615.71  0.9872937
6615.99  0.9917526
6616.28  0.9982161
6616.56  1.000667
6616.84  0.9974412
6617.13  0.9910091
6617.41  0.9955158
6617.70  0.993895
6617.98  0.9924644
6618.27  0.997857
6618.55  0.9963031
6618.83  0.9941555
6619.12  0.995537
6619.40  0.9986258
6619.69  0.9985178
6619.97  0.9983348
6620.25  0.9937619
6620.54  0.9940739
6620.82  0.9945361
6621.11  0.9973685
6621.39  0.9993855
6621.68  0.9979212
6621.96  0.9981872
6622.24  1.000416
6622.53  0.9985413
6622.81  0.9972443
6623.10  0.9930399
6623.38  0.9945823
6623.66  0.9938629
6623.95  0.9963098
6624.23  0.9974205
6624.52  0.9941008
6624.80  0.9939842
6625.09  0.9990505
6625.37  0.994469
6625.65  0.9957423
6625.94  0.9998339
6626.22  0.9972398
6626.51  0.9950595
6626.79  0.9962851
6627.07  0.993206
6627.36  0.9959951
6627.64  0.9939645
6627.93  0.9861227
6628.21  0.9912173
6628.50  0.998458
6628.78  1.001401
6629.06  0.9948918
6629.35  0.9916804
6629.63  0.9929932
6629.92  0.9907468
6630.20  0.9972776
6630.48  0.9961854
6630.77  0.9969799
6631.05  0.9973949
6631.34  0.9984127
6631.62  1.000545
6631.91  0.9982387
6632.19  0.9968294
6632.47  0.9940873
6632.76  0.9967054
6633.04  0.9956674
6633.33  0.9989449
6633.61  1.006713
6633.90  1.002465
6634.18  0.9964155
6634.46  0.9981859
6634.75  0.9977282
6635.03  0.9998572
6635.32  0.9945773
6635.60  0.9969416
6635.88  1.000239
6636.17  0.9966541
6636.45  0.9963076
6636.74  0.9967982
6637.02  1.000022
6637.31  1.003331
6637.59  0.9982122
6637.87  1.003394
6638.16  1.00043
6638.44  0.9922016
6638.73  0.9964772
6639.01  0.9966199
6639.29  0.9949694
6639.58  0.9938544
6639.86  0.9985629
6640.15  0.9975274
6640.43  0.9929285
6640.72  0.9875739
6641.00  0.9780903
6641.28  0.9746889
6641.57  0.9839167
6641.85  0.9951051
6642.14  1.000121
6642.42  0.9960679
6642.70  0.9916747
6642.99  0.9957837
6643.27  0.998067
6643.56  0.9945595
6643.84  0.9980243
6644.13  0.9992368
6644.41  0.9967683
6644.69  0.9934188
6644.98  0.9929559
6645.26  0.9963891
6645.55  0.9976498
6645.83  0.9965559
6646.11  0.9970484
6646.40  0.9961492
6646.68  1.004784
6646.97  1.000092
6647.25  1.000503
6647.54  1.002172
6647.82  1.001023
6648.10  1.000619
6648.39  1.004889
6648.67  1.001477
6648.96  0.9969403
6649.24  0.9985291
6649.52  1.002471
6649.81  1.003863
6650.09  1.003023
6650.38  0.9999886
6650.66  1.000676
6650.95  1.003175
6651.23  1.003667
6651.51  1.004846
6651.80  0.9996215
6652.08  1.00121
6652.37  1.002076
6652.65  1.002904
6652.94  0.9985165
6653.22  1.000691
6653.50  0.9976093
6653.79  0.9979756
6654.07  0.9988144
6654.36  0.9954746
6654.64  1.000484
6654.92  1.001066
6655.21  0.9989545
6655.49  0.9968644
6655.78  0.9936842
6656.06  1.003772
6656.35  1.003371
6656.63  0.9978022
6656.91  0.9977505
6657.20  1.001033
6657.48  1.002265
6657.77  0.9987975
6658.05  0.9977212
6658.33  0.9994096
6658.62  1.000774
6658.90  1.00012
6659.19  1.001994
6659.47  1.000286
6659.76  0.9965097
6660.04  1.002537
6660.32  1.0008
6660.61  1.00131
6660.89  1.004754
6661.18  0.9986628
6661.46  0.9988657
6661.74  0.9988885
6662.03  0.995349
6662.31  0.9950365
6662.60  1.002011
6662.88  1.00661
6663.17  1.000268
6663.45  1.004689
6663.73  1.009166
6664.02  0.9974995
6664.30  0.9993899
6664.59  1.001222
6664.87  1.001271
6665.15  1.000299
6665.44  0.9992738
6665.72  0.997197
6666.01  0.9994669
6666.29  0.9956748
6666.58  0.993808
6666.86  0.9953104
6667.14  0.9904819
6667.43  0.9928208
6667.71  0.9958079
6668.00  0.9960405
6668.28  0.9948612
6668.56  0.9967068
6668.85  0.9946271
6669.13  0.9951881
6669.42  0.9988534
6669.70  0.9957953
6669.99  0.9919288
6670.27  0.989209
6670.55  0.9916669
6670.84  0.9874192
6671.12  0.9879283
6671.41  0.9894063
6671.69  0.9866632
6671.98  0.9902778
6672.26  0.9889219
6672.54  0.9857707
6672.83  0.9852121
6673.11  0.9843214
6673.40  0.985599
6673.68  0.9864503
6673.96  0.980269
6674.25  0.9800118
6674.53  0.9825007
6674.82  0.9781712
6675.10  0.9786112
6675.39  0.980292
6675.67  0.9776742
6675.95  0.9735674
6676.24  0.9662286
6676.52  0.9620812
6676.81  0.9542856
6677.09  0.9378492
6677.37  0.9154228
6677.66  0.875521
6677.94  0.8290935
6678.23  0.8042176
6678.51  0.8063843
6678.80  0.8357419
6679.08  0.8728155
6679.36  0.902154
6679.65  0.9221826
6679.93  0.9375132
6680.22  0.9451962
6680.50  0.9517682
6680.78  0.9506213
6681.07  0.9520328
6681.35  0.9520294
6681.64  0.9510143
6681.92  0.9524088
6682.21  0.9533654
6682.49  0.9551898
6682.77  0.9626197
6683.06  0.9634143
6683.34  0.9590309
6683.63  0.9613941
6683.91  0.9668348
6684.19  0.9644251
6684.48  0.9715586
6684.76  0.9693437
6685.05  0.9718538
6685.33  0.9807207
6685.62  0.9818097
6685.90  0.9744713
6686.18  0.984466
6686.47  0.9841582
6686.75  0.9833057
6687.04  0.9915773
6687.32  0.9879392
6687.60  0.9873877
6687.89  0.9950931
6688.17  0.9924646
6688.46  0.9919909
6688.74  0.9922117
6689.03  0.9932525
6689.31  0.9983248
6689.59  0.9931696
6689.88  0.9954889
6690.16  0.9985192
6690.45  0.9981042
6690.73  0.9902235
6691.02  0.9922999
6691.30  0.9980255
6691.58  0.9957712
6691.87  0.9939745
6692.15  0.9949483
6692.44  0.9974974
6692.72  0.9980199
6693.00  0.9989587
6693.29  0.9973062
6693.57  0.9948832
6693.86  1.000405
6694.14  1.002664
6694.43  0.9975449
6694.71  0.9956823
6694.99  0.9976666
6695.28  0.9996303
6695.56  0.9973946
6695.85  0.9971588
6696.13  0.9974778
6696.41  0.9954305
6696.70  0.998987
6696.98  1.001057
6697.27  0.9955147
6697.55  0.9954565
6697.84  0.9980511
6698.12  0.9957845
6698.40  0.9971683
6698.69  1.003951
6698.97  1.001382
6699.26  1.000216
6699.54  0.9968839
6699.82  0.9931428
6700.11  0.9964488
6700.39  0.9973724
6700.68  0.9943377
6700.96  0.9953235
6701.25  0.9959904
6701.53  0.9931556
6701.81  0.9963956
6702.10  0.9989723
6702.38  0.9997117
6702.67  1.000351
6702.95  0.9953257
6703.23  0.998783
6703.52  1.001869
6703.80  0.9981406
6704.09  1.00266
6704.37  1.001183
6704.66  0.9962998
6704.94  1.002047
6705.22  0.9987161
6705.51  0.996593
6705.79  0.9977307
6706.08  0.9959562
6706.36  0.9984604
6706.64  1.002796
6706.93  0.9995476
6707.21  0.9980285
6707.50  1.000168
6707.78  0.9994105
6708.07  1.002002
6708.35  0.9990081
6708.63  1.000371
6708.92  1.001704
6709.20  0.9997771
6709.49  0.9987944
6709.77  1.002767
6710.06  0.9999127
6710.34  1.002498
6710.62  1.001817
6710.91  1.00367
6711.19  1.001658
6711.48  0.9984916
6711.76  0.9960069
6712.04  0.9975482
6712.33  0.9983268
6712.61  0.9980337
6712.90  0.9956693
6713.18  0.9983525
6713.47  0.9989079
6713.75  0.9988956
6714.03  0.9984806
6714.32  1.000401
6714.60  0.998609
6714.89  0.9990633
6715.17  0.9964967
6715.45  0.9990242
6715.74  0.9933761
6716.02  0.9984257
6716.31  0.9962742
6716.59  0.9951863
6716.88  0.9926935
6717.16  0.9975391
6717.44  1.001237
6717.73  0.999496
6718.01  1.001066
6718.30  1.000671
6718.58  0.9987698
6718.86  0.9976316
6719.15  0.9992852
6719.43  0.9974914
6719.72  0.9985191
6720.00  0.9949769
6720.29  0.9925167
6720.57  0.993082
6720.85  0.9870921
6721.14  0.976651
6721.42  0.9717575
6721.71  0.9691061
6721.99  0.977788
6722.27  0.9890009
6722.56  0.9932585
6722.84  0.9931714
6723.13  0.9944316
6723.41  0.9976549
6723.70  0.9971252
6723.98  0.9943906
6724.26  0.9959429
6724.55  0.9962631
6724.83  0.9982245
6725.12  0.9984017
6725.40  0.994149
6725.68  0.9968261
6725.97  0.9988772
6726.25  0.9961046
6726.54  0.9935739
6726.82  0.9950251
6727.11  0.9963598
6727.39  0.9957584
6727.67  0.997425
6727.96  0.9923808
6728.24  0.9981642
6728.53  1.003537
6728.81  0.9982231
6729.10  0.9986326
6729.38  1.002218
6729.66  0.9973751
6729.95  0.9938376
6730.23  0.9941012
6730.52  0.9951733
6730.80  0.9930828
6731.08  0.995274
6731.37  0.9996364
6731.65  0.9989592
6731.94  0.9989319
6732.22  0.996481
6732.51  0.9951798
6732.79  1.000074
6733.07  0.9995222
6733.36  0.9988017
6733.64  0.9994718
6733.93  0.9989529
6734.21  0.9937987
6734.49  0.9975247
6734.78  0.9969862
6735.06  0.9933707
6735.35  0.9998068
6735.63  0.9927195
6735.92  0.99526
6736.20  0.9962927
6736.48  0.9945664
6736.77  0.9965361
6737.05  0.9992722
6737.34  1.001068
6737.62  0.9926942
6737.90  0.9903932
6738.19  0.9976313
6738.47  0.996278
6738.76  0.9975984
6739.04  0.9985638
6739.33  0.9940566
6739.61  0.9940612
6739.89  0.9993593
6740.18  1.000083
6740.46  0.999273
6740.75  0.9981185
6741.03  0.9980395
6741.31  0.9982339
6741.60  0.9961693
6741.88  0.9923224
6742.17  1.000657
6742.45  1.001731
6742.74  0.9966135
6743.02  0.9964713
6743.30  0.9975818
6743.59  0.9977546
6743.87  0.9985478
6744.16  0.9980956
6744.44  0.9965353
6744.72  0.9995972
6745.01  0.9956691
6745.29  0.9959494
6745.58  0.9967563
6745.86  0.9974803
6746.15  0.9927992
6746.43  0.9949592
6746.71  0.9922395
6747.00  0.99624
6747.28  1.002093
6747.57  0.9990299
6747.85  0.9954289
6748.14  0.9979918
6748.42  1.002369
6748.70  0.9951531
6748.99  0.9950674
6749.27  1.005374
6749.56  0.9984698
6749.84  0.9937599
6750.12  0.9958901
6750.41  0.9957683
6750.69  0.9966194
6750.98  0.9975657
6751.26  0.9984595
6751.55  0.9985778
6751.83  0.9998131
6752.11  1.000526
6752.40  1.001531
6752.68  1.000531
6752.97  0.9984473
6753.25  0.9983648
6753.53  1.000816
6753.82  0.9975625
6754.10  1.00296
6754.39  1.005726
6754.67  0.9998577
6754.96  1.001563
6755.24  1.004225
6755.52  1.003816
6755.81  1.003661
6756.09  1.001961
6756.38  1.002209
6756.66  1.00509
6756.94  1.003969
6757.23  1.000575
6757.51  1.00594
6757.80  1.007833
6758.08  1.006195
6758.37  1.006919
6758.65  1.005648
6758.93  1.00311
6759.22  1.006723
6759.50  1.006199
6759.79  1.004805
6760.07  0.9984456
6760.35  1.001285
6760.64  1.004312
6760.92  1.000701
6761.21  1.003762
6761.49  1.005698
6761.78  1.000281
6762.06  1.004418
6762.34  1.006139
6762.63  1.00341
6762.91  1.008194
6763.20  1.005737
6763.48  1.000162
6763.76  1.000662
6764.05  0.9888967
