3941.90  0.8677877
3942.47  0.90936
3943.04  0.9103156
3943.61  0.8896562
3944.18  0.8392688
3944.75  0.832899
3945.32  0.8882061
3945.89  0.9635261
3946.46  1.062479
3947.03  1.066751
3947.60  0.9803874
3948.17  0.9191853
3948.74  0.9062784
3949.31  0.9191295
3949.88  0.9696488
3950.45  1.006394
3951.02  1.031321
3951.59  1.030338
3952.16  0.9979047
3952.73  0.9330698
3953.30  0.8801426
3953.87  0.9323935
3954.44  1.022495
3955.01  1.043826
3955.58  0.9904748
3956.15  0.9202353
3956.72  0.8465315
3957.29  0.8387289
3957.86  0.9172835
3958.43  0.9501722
3959.00  0.9676545
3959.57  0.9961765
3960.14  0.9849514
3960.71  0.933454
3961.28  0.8459296
3961.85  0.7318403
3962.42  0.6968846
3962.99  0.7134171
3963.56  0.6938127
3964.13  0.6702436
3964.70  0.6439754
3965.27  0.5983529
3965.84  0.5369728
3966.41  0.4563267
3966.98  0.3731636
3967.55  0.3095951
3968.12  0.2584127
3968.69  0.2167706
3969.26  0.2098364
3969.83  0.2394048
3970.40  0.2789564
3970.97  0.3369601
3971.54  0.4094533
3972.11  0.4713128
3972.68  0.5370539
3973.25  0.5797045
3973.82  0.5959661
3974.39  0.610979
3974.96  0.659518
3975.53  0.7223713
3976.10  0.7645965
3976.67  0.7461881
3977.24  0.7433099
3977.81  0.7894899
3978.38  0.8279686
3978.95  0.854839
3979.52  0.8904414
3980.09  0.9173886
3980.66  0.943687
3981.23  0.9465851
3981.80  0.9039482
3982.37  0.8556079
3982.94  0.8621155
3983.51  0.9023059
3984.08  0.8833679
3984.65  0.8551493
3985.22  0.8901528
3985.79  0.9144928
3986.36  0.9013438
3986.93  0.8535922
3987.50  0.8358214
3988.07  0.9035477
3988.64  0.9680928
3989.21  0.9625838
3989.78  0.9310687
3990.35  0.8963391
3990.92  0.9155693
3991.49  0.9565982
3992.06  0.958208
3992.63  0.9729889
3993.20  0.9863518
3993.77  0.9984995
3994.34  0.9715099
3994.91  0.9519913
3995.48  0.9435309
3996.05  0.9152542
3996.62  0.914088
3997.19  0.8942183
3997.76  0.8361893
3998.33  0.831495
3998.90  0.8742937
3999.47  0.9443105
4000.04  1.008529
4000.61  1.003455
4001.18  0.9788468
4001.75  0.9664958
4002.32  0.9503199
4002.89  0.9813011
4003.46  1.005036
4004.03  1.013844
4004.60  0.9936538
4005.17  0.8784201
4005.74  0.749595
4006.31  0.7858139
4006.88  0.852314
4007.45  0.8876836
4008.02  0.9530984
4008.59  0.994486
4009.16  0.9927408
4009.73  0.9572595
4010.30  0.9438022
4010.87  0.9513937
4011.44  0.9673885
4012.01  0.9824149
4012.58  0.948726
4013.15  0.9521769
4013.72  0.9887376
4014.29  0.954737
4014.86  0.9291968
4015.43  0.9609049
4016.00  0.9821799
4016.57  0.9843494
4017.14  0.9644904
4017.71  0.9078446
4018.28  0.8862413
4018.85  0.9252379
4019.42  1.005972
4019.99  1.047548
4020.56  1.012622
4021.13  0.9870989
4021.70  0.9905633
4022.27  0.9479663
4022.84  0.9521796
4023.40  0.980507
4023.97  0.9723684
4024.54  0.9394296
4025.11  0.8934763
4025.68  0.8968581
4026.25  0.9650801
4026.82  1.004018
4027.39  1.028697
4027.96  1.026061
4028.53  0.9969655
4029.10  0.983545
4029.67  0.9896773
4030.24  0.9340118
4030.81  0.8309497
4031.38  0.7869312
4031.95  0.8545833
4032.52  0.8686172
4033.09  0.8262563
4033.66  0.8171423
4034.23  0.8826213
4034.80  0.9092076
4035.37  0.9115581
4035.94  0.9161755
4036.51  0.9268
4037.08  0.9835578
4037.65  1.015625
4038.22  1.031865
4038.79  1.026293
4039.36  0.9984896
4039.93  0.9912826
4040.50  0.9728062
4041.07  0.9251056
4041.64  0.8920949
4042.21  0.9260819
4042.78  1.005452
4043.35  1.031401
4043.92  0.9925414
4044.49  0.9118015
4045.06  0.852028
4045.63  0.7714866
4046.20  0.6570925
4046.77  0.7144797
4047.34  0.9058226
4047.91  1.003782
4048.48  1.019523
4049.05  0.9700745
4049.62  0.9380376
4050.19  0.9788205
4050.76  0.9977307
4051.33  0.9918985
4051.90  0.9794005
4052.47  0.9273517
4053.04  0.8871631
4053.61  0.9022868
4054.18  0.9035906
4054.75  0.8800282
4055.32  0.8449381
4055.89  0.8500624
4056.46  0.8937964
4057.03  0.9210535
4057.60  0.8706583
4058.17  0.8009442
4058.74  0.8119867
4059.31  0.8524144
4059.88  0.9011248
4060.45  0.9552892
4061.02  0.9813061
4061.59  0.9764588
4062.16  0.9454139
4062.73  0.9047965
4063.30  0.8544644
4063.87  0.7513958
4064.44  0.7352882
4065.01  0.8543944
4065.58  0.9336868
4066.15  0.9493784
4066.72  0.9240624
4067.29  0.8537304
4067.86  0.8309905
4068.43  0.8732868
4069.00  0.9447564
4069.57  0.9940034
4070.14  1.002182
4070.71  0.971277
4071.28  0.905391
4071.85  0.82286
4072.42  0.7679089
4072.99  0.8555645
4073.56  0.9489203
4074.13  0.9614138
4074.70  0.9421464
4075.27  0.919691
4075.84  0.9066654
4076.41  0.8722625
4076.98  0.7986803
4077.55  0.742133
4078.12  0.7091613
4078.69  0.732198
4079.26  0.8178599
4079.83  0.8392233
4080.40  0.8523145
4080.97  0.906204
4081.54  0.9497271
4082.11  0.9650493
4082.68  0.9403169
4083.25  0.904413
4083.82  0.8652256
4084.39  0.8440928
4084.96  0.8420841
4085.53  0.829734
4086.10  0.842951
4086.67  0.873325
4087.24  0.8872165
4087.81  0.9060292
4088.38  0.9382594
4088.95  0.9427956
4089.52  0.9267328
4090.09  0.9161103
4090.66  0.9080192
4091.23  0.894083
4091.80  0.8916203
4092.37  0.8711409
4092.94  0.8244429
4093.51  0.8361214
4094.08  0.891279
4094.65  0.8937905
4095.22  0.8488238
4095.79  0.8073981
4096.36  0.7777221
4096.93  0.7603884
4097.50  0.7652888
4098.07  0.7610446
4098.64  0.7256206
4099.21  0.6982591
4099.78  0.6984594
4100.35  0.6617646
4100.92  0.5885391
4101.49  0.4975214
4102.06  0.4050031
4102.63  0.3986669
4103.20  0.4810534
4103.77  0.5734338
4104.34  0.6380354
4104.91  0.6857551
4105.48  0.730736
4106.05  0.7676364
4106.62  0.7835113
4107.19  0.7919863
4107.76  0.7940145
4108.33  0.804893
4108.90  0.8178412
4109.47  0.8152454
4110.04  0.8089385
4110.61  0.8180148
4111.18  0.8373847
4111.75  0.8494271
4112.32  0.863361
4112.89  0.8698593
4113.46  0.871107
4114.03  0.9029734
4114.59  0.9191247
4115.16  0.8987646
4115.73  0.9097038
4116.30  0.9548047
4116.87  0.9730646
4117.44  0.97444
4118.01  0.9618726
4118.58  0.9034929
4119.15  0.8265173
4119.72  0.8330057
4120.29  0.8874997
4120.86  0.9156428
4121.43  0.9298676
4122.00  0.9091002
4122.57  0.8924913
4123.14  0.8801266
4123.71  0.8873641
4124.28  0.9007344
4124.85  0.9410864
4125.42  0.9579996
4125.99  0.9317102
4126.56  0.8921572
4127.13  0.9087701
4127.70  0.9135349
4128.27  0.8520449
4128.84  0.8578786
4129.41  0.8999981
4129.98  0.9185011
4130.55  0.9371076
4131.12  0.9428818
4131.69  0.9338531
4132.26  0.8744853
4132.83  0.8044052
4133.40  0.8303684
4133.97  0.8924249
4134.54  0.8826692
4135.11  0.8600299
4135.68  0.9215142
4136.25  1.003992
4136.82  1.011515
4137.39  0.9610174
4137.96  0.9425273
4138.53  0.9713982
4139.10  1.018932
4139.67  1.036296
4140.24  1.019865
4140.81  1.001214
4141.38  1.015885
4141.95  1.01922
4142.52  0.9683064
4143.09  0.9147848
4143.66  0.8633695
4144.23  0.7982365
4144.80  0.8435586
4145.37  0.9608161
4145.94  0.991396
4146.51  0.977873
4147.08  0.9795595
4147.65  0.9742239
4148.22  0.9606449
4148.79  0.9913748
4149.36  0.9850554
4149.93  0.9206781
4150.50  0.9164918
4151.07  0.9544013
4151.64  0.9866463
4152.21  0.9604555
4152.78  0.9254478
4153.35  0.9678244
4153.92  0.9692031
4154.49  0.8816921
4155.06  0.8342964
4155.63  0.8934605
4156.20  0.9520242
4156.77  0.8968139
4157.34  0.8506564
4157.91  0.9038262
4158.48  0.9472895
4159.05  0.9441517
4159.62  0.9328882
4160.19  0.9601318
4160.76  0.9849839
4161.33  0.9542466
4161.90  0.9201502
4162.47  0.9523816
4163.04  1.022227
4163.61  1.028576
4164.18  0.9934993
4164.75  0.99975
4165.32  1.023099
4165.89  1.010498
4166.46  1.012636
4167.03  1.004131
4167.60  0.9204836
4168.17  0.8640722
4168.74  0.9173901
4169.31  0.9834638
4169.88  1.000452
4170.45  1.001545
4171.02  0.9765823
4171.59  0.9150072
4172.16  0.8542035
4172.73  0.8092408
4173.30  0.7913503
4173.87  0.7939904
4174.44  0.8270636
4175.01  0.8847443
4175.58  0.913193
4176.15  0.9245881
4176.72  0.9365561
4177.29  0.9249451
4177.86  0.8827013
4178.43  0.8621489
4179.00  0.8860483
4179.57  0.8924415
4180.14  0.9241714
4180.71  0.9970709
4181.28  1.020806
4181.85  0.9577432
4182.42  0.8729109
4182.99  0.8724245
4183.56  0.9167992
4184.13  0.9109983
4184.70  0.8880861
4185.27  0.9153536
4185.84  0.9772838
4186.41  1.0134
4186.98  0.9711077
4187.55  0.8798668
4188.12  0.8280758
4188.69  0.8552977
4189.26  0.9094335
4189.83  0.9591451
4190.40  1.000078
4190.97  1.014895
4191.54  0.9690347
4192.11  0.9107724
4192.68  0.94725
4193.25  1.024702
4193.82  1.05702
4194.39  1.059846
4194.96  1.040307
4195.53  0.9711534
4196.10  0.9085211
4196.67  0.906744
4197.24  0.9405725
4197.81  0.9668167
4198.38  0.8989426
4198.95  0.7945082
4199.52  0.7997724
4200.09  0.8954019
4200.66  0.9569989
4201.23  0.9528787
4201.80  0.9283635
4202.37  0.874954
4202.94  0.8608601
4203.51  0.9247545
4204.08  0.9565296
4204.65  0.9402643
4205.22  0.9321511
4205.78  0.9334928
4206.35  0.9646133
4206.92  0.9753698
4207.49  0.9566663
4208.06  0.9805362
4208.63  1.00504
4209.20  0.987564
4209.77  0.9768317
4210.34  0.96338
4210.91  0.9470677
4211.48  0.9766871
4212.05  1.018739
4212.62  1.031586
4213.19  1.038595
4213.76  1.033147
4214.33  1.020513
4214.90  1.028516
4215.47  0.9794698
4216.04  0.8677592
4216.61  0.846417
4217.18  0.9261151
4217.75  0.9669866
4218.32  0.973908
4218.89  0.9910764
4219.46  0.9829794
4220.03  0.9548963
4220.60  0.9601758
4221.17  0.9999573
4221.74  1.034337
4222.31  1.012887
4222.88  0.9806724
4223.45  0.983624
4224.02  0.9773061
4224.59  0.9260259
4225.16  0.887151
4225.73  0.8661046
4226.30  0.8080155
4226.87  0.7020541
4227.44  0.6267733
4228.01  0.7061294
4228.58  0.8724822
4229.15  0.9940234
4229.72  1.014238
4230.29  0.9920056
4230.86  1.013365
4231.43  1.037436
4232.00  1.036923
4232.57  1.019997
4233.14  0.9652616
4233.71  0.8825494
4234.28  0.8872812
4234.85  0.9648553
4235.42  0.9816644
4235.99  0.9068993
4236.56  0.854326
4237.13  0.89285
4237.70  0.9458756
4238.27  0.954078
4238.84  0.9288795
4239.41  0.9021444
4239.98  0.8868302
4240.55  0.8832296
4241.12  0.9297115
4241.69  1.001166
4242.26  1.020252
4242.83  0.9708699
4243.40  0.9364895
4243.97  0.956014
4244.54  0.9995496
4245.11  1.019205
4245.68  0.985597
4246.25  0.9585655
4246.82  0.9365836
4247.39  0.8914918
4247.96  0.8761648
4248.53  0.9103489
4249.10  0.9482698
4249.67  0.9697937
4250.24  0.9320956
4250.81  0.8573685
4251.38  0.857287
4251.95  0.9523373
4252.52  1.019743
4253.09  1.021313
4253.66  1.013882
4254.23  0.9866198
4254.80  0.9286647
4255.37  0.9181837
4255.94  0.9433795
4256.51  0.9651817
4257.08  1.005396
4257.65  1.028679
4258.22  0.9966388
4258.79  0.9297413
4259.36  0.9190772
4259.93  0.9243606
4260.50  0.8440858
4261.07  0.7781367
4261.64  0.8411923
4262.21  0.917421
4262.78  0.9661888
4263.35  1.005551
4263.92  1.022823
4264.49  1.00899
4265.06  0.9936693
4265.63  0.9977221
4266.20  1.01481
4266.77  1.022447
4267.34  1.000044
4267.91  0.9632406
4268.48  0.943452
4269.05  0.9437745
4269.62  0.9410022
4270.19  0.9458078
4270.76  0.9500245
4271.33  0.8890461
4271.90  0.77333
4272.47  0.7591945
4273.04  0.8621749
4273.61  0.9219454
4274.18  0.9198231
4274.75  0.9066036
4275.32  0.8731099
4275.89  0.8825262
4276.46  0.947056
4277.03  0.9909909
4277.60  0.997596
4278.17  0.9959773
4278.74  0.9918607
4279.31  0.9910247
4279.88  0.9713152
4280.45  0.9345738
4281.02  0.9237662
4281.59  0.9466426
4282.16  0.9757876
4282.73  0.9311193
4283.30  0.8933485
4283.87  0.933253
4284.44  0.9660704
4285.01  0.9538761
4285.58  0.9298568
4286.15  0.9090655
4286.72  0.9032637
4287.29  0.9083528
4287.86  0.9074363
4288.43  0.8925985
4289.00  0.8777286
4289.57  0.8324003
4290.14  0.7575977
4290.71  0.7469988
4291.28  0.802578
4291.85  0.8586209
4292.42  0.9067788
4292.99  0.9505596
4293.56  0.9669393
4294.13  0.9360532
4294.70  0.8893535
4295.27  0.8863315
4295.84  0.916362
4296.41  0.9222291
4296.98  0.8934139
4297.54  0.8697114
4298.11  0.8796493
4298.68  0.8596036
4299.25  0.7771373
4299.82  0.703133
4300.39  0.6890572
4300.96  0.7181892
4301.53  0.7696765
4302.10  0.7890025
4302.67  0.7528481
4303.24  0.7295082
4303.81  0.7656268
4304.38  0.8193251
4304.95  0.8506046
4305.52  0.827065
4306.09  0.7899821
4306.66  0.8051411
4307.23  0.8291135
4307.80  0.7762171
4308.37  0.6912026
4308.94  0.7002309
4309.51  0.7362936
4310.08  0.7562043
4310.65  0.795271
4311.22  0.837308
4311.79  0.866455
4312.36  0.8747519
4312.93  0.8614394
4313.50  0.8673247
4314.07  0.8788213
4314.64  0.845331
4315.21  0.8146006
4315.78  0.8557553
4316.35  0.9493998
4316.92  0.9940581
4317.49  0.9903973
4318.06  0.9970689
4318.63  0.9790572
4319.20  0.950977
4319.77  0.9654403
4320.34  0.9762558
4320.91  0.9279892
4321.48  0.8867136
4322.05  0.9181324
4322.62  0.953126
4323.19  0.9396665
4323.76  0.893257
4324.33  0.8642776
4324.90  0.8409143
4325.47  0.7741355
4326.04  0.7000828
4326.61  0.722445
4327.18  0.8026785
4327.75  0.8675759
4328.32  0.9089112
4328.89  0.9381686
4329.46  0.9512455
4330.03  0.9367805
4330.60  0.8966597
4331.17  0.8669071
4331.74  0.8692468
4332.31  0.8867284
4332.88  0.8936709
4333.45  0.8861333
4334.02  0.8737652
4334.59  0.8678426
4335.16  0.8658193
4335.73  0.8570821
4336.30  0.8403431
4336.87  0.7960414
4337.44  0.717147
4338.01  0.6483584
4338.58  0.6231232
4339.15  0.6098661
4339.72  0.5610392
4340.29  0.4694073
4340.86  0.3935727
4341.43  0.4136527
4342.00  0.5147315
4342.57  0.6173126
4343.14  0.6754693
4343.71  0.6945144
4344.28  0.6991075
4344.85  0.7123309
4345.42  0.7599151
4345.99  0.8140585
4346.56  0.8324519
4347.13  0.8349586
4347.70  0.8463508
4348.27  0.8603789
4348.84  0.8752872
4349.41  0.8956764
4349.98  0.9130677
4350.55  0.9044477
4351.12  0.8552598
4351.69  0.7767968
4352.26  0.7194111
4352.83  0.739483
4353.40  0.8145556
4353.97  0.8853749
4354.54  0.9091035
4355.11  0.8913486
4355.68  0.8902223
4356.25  0.9125578
4356.82  0.9407663
4357.39  0.9621683
4357.96  0.9583094
4358.53  0.9275092
4359.10  0.8934631
4359.67  0.8784373
4360.24  0.8899653
4360.81  0.9290539
4361.38  0.967004
4361.95  0.984601
4362.52  0.9784287
4363.09  0.9647856
4363.66  0.967571
4364.23  0.9811572
4364.80  0.9924937
4365.37  1.00551
4365.94  1.009134
4366.51  0.9951345
4367.08  0.9717721
4367.65  0.927286
4368.22  0.889819
4368.79  0.9092371
4369.36  0.9361271
4369.93  0.9224167
4370.50  0.9179937
4371.07  0.9340863
4371.64  0.933541
4372.21  0.9509892
4372.78  0.9760455
4373.35  0.9667644
4373.92  0.9307649
4374.49  0.8761219
4375.06  0.8268813
4375.63  0.8275492
4376.20  0.8657942
4376.77  0.9121401
4377.34  0.9529937
4377.91  0.975647
4378.48  0.986843
4379.05  0.9792259
4379.62  0.9663218
4380.19  0.958491
4380.76  0.9578597
4381.33  0.9675632
4381.90  0.9834611
4382.47  0.9641889
4383.04  0.8773341
4383.61  0.7516304
4384.18  0.6873527
4384.75  0.714655
4385.32  0.7561187
4385.89  0.8208229
4386.46  0.8995751
4387.03  0.9337071
4387.60  0.9251612
4388.17  0.9057518
4388.73  0.8963856
4389.30  0.9058889
4389.87  0.9196131
4390.44  0.9137769
4391.01  0.8993043
4391.58  0.8958663
4392.15  0.9160202
4392.72  0.9484341
4393.29  0.9573321
4393.86  0.9423283
4394.43  0.9171902
4395.00  0.8777547
4395.57  0.8428228
4396.14  0.8682363
4396.71  0.9315932
4397.28  0.9799749
4397.85  0.9894523
4398.42  0.9753394
4398.99  0.9683653
4399.56  0.9481722
4400.13  0.9063711
4400.70  0.8629453
4401.27  0.8361303
4401.84  0.8499281
4402.41  0.920791
4402.98  0.9720894
4403.55  0.9657837
4404.12  0.9289254
4404.69  0.8518295
4405.26  0.8000354
4405.83  0.8641878
4406.40  0.9449175
4406.97  0.971041
4407.54  0.9536017
4408.11  0.905283
4408.68  0.8771105
4409.25  0.8911244
4409.82  0.9282302
4410.39  0.9581071
4410.96  0.9632464
4411.53  0.9667153
4412.10  0.9719392
4412.67  0.9870407
4413.24  1.006111
4413.81  0.9994258
4414.38  0.9680189
4414.95  0.896916
4415.52  0.8225331
4416.09  0.8397657
4416.66  0.9027817
4417.23  0.9136026
4417.80  0.9026892
4418.37  0.8985985
4418.94  0.9317681
4419.51  0.9814775
4420.08  1.007462
4420.65  1.010488
4421.22  1.008467
4421.79  0.987539
4422.36  0.9417544
4422.93  0.9053999
4423.50  0.9082265
4424.07  0.9392271
4424.64  0.9592004
4425.21  0.9569906
4425.78  0.9363115
4426.35  0.9466897
4426.92  0.956143
4427.49  0.9368669
4428.06  0.9431009
4428.63  0.9751108
4429.20  0.9966841
4429.77  0.9850377
4430.34  0.9334985
4430.91  0.8977356
4431.48  0.912594
4432.05  0.9427095
4432.62  0.9509087
4433.19  0.9372504
4433.76  0.9206762
4434.33  0.9092682
4434.90  0.8788757
4435.47  0.8425825
4436.04  0.8528339
4436.61  0.8975576
4437.18  0.9446628
4437.75  0.9781057
4438.32  0.9920211
4438.89  1.003526
4439.46  1.011001
4440.03  1.00366
4440.60  0.9853359
4441.17  0.9652151
4441.74  0.9402323
4442.31  0.9016548
4442.88  0.8666613
4443.45  0.8468429
4444.02  0.8478971
4444.59  0.8821059
4445.16  0.9415944
4445.73  0.9912322
4446.30  1.0085
4446.87  0.9856837
4447.44  0.9415446
4448.01  0.9240824
4448.58  0.9550428
4449.15  0.9854729
4449.72  0.9828827
4450.29  0.9536074
4450.86  0.9206788
4451.43  0.9207706
4452.00  0.9514244
4452.57  0.9777292
4453.14  0.9757861
4453.71  0.9637063
4454.28  0.9207813
4454.85  0.8430003
4455.42  0.802177
4455.99  0.8197287
4456.56  0.8574855
4457.13  0.8872321
4457.70  0.9007163
4458.27  0.8904178
4458.84  0.8683993
4459.41  0.8582597
4459.98  0.8875334
4460.55  0.9256658
4461.12  0.9144036
4461.69  0.8590332
4462.26  0.8316921
4462.83  0.8727297
4463.40  0.9343293
4463.97  0.9606711
4464.54  0.9354164
4465.11  0.9137092
4465.68  0.9349447
4466.25  0.9453447
4466.82  0.9264671
4467.39  0.9294875
4467.96  0.9445022
4468.53  0.9230379
4469.10  0.8846319
4469.67  0.8741952
4470.24  0.8921581
4470.81  0.9085053
4471.38  0.9301744
4471.95  0.9665179
4472.52  0.9772158
4473.09  0.9705564
4473.66  0.9830859
4474.23  1.007407
4474.80  1.014268
4475.37  0.9998912
4475.94  0.9651043
4476.51  0.9434597
4477.08  0.9748777
4477.65  1.008911
4478.22  1.015998
4478.79  1.004486
4479.36  0.9813006
4479.93  0.934233
4480.49  0.8903474
4481.06  0.8381533
4481.63  0.8017232
4482.20  0.808185
4482.77  0.8521226
4483.34  0.9203694
4483.91  0.9625508
4484.48  0.9701769
4485.05  0.9816318
4485.62  0.9892954
4486.19  0.9934934
4486.76  1.005552
4487.33  1.007333
4487.90  0.9900712
4488.47  0.9541363
4489.04  0.9120257
4489.61  0.8875651
4490.18  0.8852189
4490.75  0.905434
4491.32  0.9194241
4491.89  0.9400921
4492.46  0.974752
4493.03  0.9947552
4493.60  0.9914685
4494.17  0.9519281
4494.74  0.9235299
4495.31  0.9319775
4495.88  0.9514751
4496.45  0.9545176
4497.02  0.9497238
4497.59  0.9631535
4498.16  0.9910073
4498.73  0.9956062
4499.30  0.9871801
4499.87  0.9937211
4500.44  0.9920216
4501.01  0.9537039
4501.58  0.9209672
4502.15  0.9341674
4502.72  0.9728487
4503.29  1.009998
4503.86  1.03101
4504.43  1.030332
4505.00  1.024977
4505.57  1.026522
4506.14  1.027549
4506.71  1.025954
4507.28  1.021759
4507.85  1.000327
4508.42  0.9731523
4508.99  0.972598
4509.56  0.9896544
4510.13  1.007046
4510.70  1.024273
4511.27  1.029084
4511.84  1.016411
4512.41  1.004947
4512.98  0.9946342
4513.55  0.9924772
4514.12  0.981669
4514.69  0.9616433
4515.26  0.94612
4515.83  0.9526684
4516.40  0.9785956
4516.97  0.992798
4517.54  0.9772356
4518.11  0.9551058
4518.68  0.9583958
4519.25  0.9837899
4519.82  0.9901226
4520.39  0.9692088
4520.96  0.9768634
4521.53  1.003367
4522.10  0.9946188
4522.67  0.9425015
4523.24  0.9234284
4523.81  0.9543315
4524.38  0.9801794
4524.95  0.956995
4525.52  0.9339887
4526.09  0.9270565
4526.66  0.9060813
4527.23  0.8969964
4527.80  0.9140363
4528.37  0.9023253
4528.94  0.869359
4529.51  0.8648232
4530.08  0.8964422
4530.65  0.915669
4531.22  0.9012697
4531.79  0.9166847
4532.36  0.9560545
4532.93  0.950517
4533.50  0.9013538
4534.07  0.8568774
4534.64  0.8559597
4535.21  0.8730881
4535.78  0.8745339
4536.35  0.8979596
4536.92  0.9607785
4537.49  1.013826
4538.06  1.027458
4538.63  1.018542
4539.20  1.006393
4539.77  0.9938909
4540.34  0.9739745
4540.91  0.9518125
4541.48  0.9426686
4542.05  0.9538884
4542.62  0.9764239
4543.19  0.9951382
4543.76  1.000389
4544.33  0.9815074
4544.90  0.9520587
4545.47  0.9413534
4546.04  0.9495761
4546.61  0.9575436
4547.18  0.9558448
4547.75  0.9475535
4548.32  0.948113
4548.89  0.9225842
4549.46  0.8446723
4550.03  0.8144969
4550.60  0.8684788
4551.17  0.9298081
4551.74  0.9625653
4552.31  0.9596173
4552.88  0.950117
4553.45  0.9492724
4554.02  0.9204733
4554.59  0.8959466
4555.16  0.8987948
4555.73  0.887639
4556.30  0.8860946
4556.87  0.9320709
4557.44  0.9770709
4558.01  0.9852875
4558.58  0.9650379
4559.15  0.9632505
4559.72  0.9835659
4560.29  0.99475
4560.86  1.002113
4561.43  1.008495
4562.00  1.018482
4562.57  1.017294
4563.14  0.9984232
4563.71  0.9535018
4564.28  0.9272668
4564.85  0.9328405
4565.42  0.9322956
4565.99  0.933642
4566.56  0.9535016
4567.13  0.9794908
4567.70  1.00499
4568.27  1.009155
4568.84  1.000825
4569.41  1.002023
4569.98  1.01358
4570.55  1.010682
4571.12  0.9798191
4571.68  0.924921
4572.25  0.9029368
4572.82  0.94579
4573.39  0.9994234
4573.96  1.017525
4574.53  1.010144
4575.10  1.002662
4575.67  0.9973984
4576.24  0.9866059
4576.81  0.9890882
4577.38  1.005418
4577.95  1.009916
4578.52  0.9927112
4579.09  0.9776835
4579.66  0.9646903
4580.23  0.944302
4580.80  0.9324237
4581.37  0.9084529
4581.94  0.9131701
4582.51  0.9334476
4583.08  0.9263551
4583.65  0.9011163
4584.22  0.8951319
4584.79  0.920856
4585.36  0.9381524
4585.93  0.9259724
4586.50  0.9303666
4587.07  0.9571688
4587.64  0.9691156
4588.21  0.9634873
4588.78  0.9691583
4589.35  0.9823976
4589.92  0.9750762
4590.49  0.968908
4591.06  0.9674937
4591.63  0.9498615
4592.20  0.917338
4592.77  0.906719
4593.34  0.9376452
4593.91  0.9715132
4594.48  0.9862201
4595.05  0.9775402
4595.62  0.9504091
4596.19  0.9424917
4596.76  0.9592294
4597.33  0.9662482
4597.90  0.9506827
4598.47  0.9489819
4599.04  0.9763117
4599.61  0.9799219
4600.18  0.9495686
4600.75  0.9236096
4601.32  0.9332263
4601.89  0.9582627
4602.46  0.9666399
4603.03  0.9608853
4603.60  0.9705496
4604.17  0.9865518
4604.74  0.9739023
4605.31  0.9542273
4605.88  0.9588841
4606.45  0.9793742
4607.02  0.9885297
4607.59  0.9814592
4608.16  0.9858376
4608.73  1.005811
4609.30  1.017817
4609.87  1.022091
4610.44  1.013344
4611.01  0.9819591
4611.58  0.9651554
4612.15  0.9804566
4612.72  0.986248
4613.29  0.966302
4613.86  0.9562585
4614.43  0.9798104
4615.00  1.005346
4615.57  0.9976544
4616.14  0.9705375
4616.71  0.9567809
4617.28  0.9682815
4617.85  0.9846264
4618.42  0.9791578
4618.99  0.9482363
4619.56  0.9349523
4620.13  0.9563939
4620.70  0.9807015
4621.27  0.9994397
4621.84  1.006309
4622.41  0.9984757
4622.98  0.9931014
4623.55  1.003214
4624.12  1.014365
4624.69  1.003075
4625.26  0.9811751
4625.83  0.9730757
4626.40  0.9706403
4626.97  0.9843863
4627.54  1.000366
4628.11  1.006302
4628.68  0.9975726
4629.25  0.9658696
4629.82  0.9487064
4630.39  0.9655775
4630.96  0.9916984
4631.53  1.012388
4632.10  1.012986
4632.67  0.9909601
4633.24  0.9733784
4633.81  0.9620537
4634.38  0.9624398
4634.95  0.9737054
4635.52  0.9784645
4636.09  0.9802819
4636.66  0.986903
4637.23  0.9728746
4637.80  0.9428761
4638.37  0.9441891
4638.94  0.9677086
4639.51  0.9761169
4640.08  0.9732679
4640.65  0.9747338
4641.22  0.9814182
4641.79  0.9929518
4642.36  1.002219
4642.93  0.9957458
4643.50  0.975382
4644.07  0.9685459
4644.64  0.9788062
4645.21  0.9783136
4645.78  0.9594893
4646.35  0.9289902
4646.92  0.9148936
4647.49  0.9075702
4648.06  0.9076371
4648.63  0.9122384
4649.20  0.9338269
4649.77  0.9613435
4650.34  0.9852363
4650.91  0.9877485
4651.48  0.9751917
4652.05  0.9655363
4652.62  0.9786374
4653.19  1.001353
4653.76  0.9984086
4654.33  0.9574636
4654.90  0.9313832
4655.47  0.9456258
4656.04  0.9613342
4656.61  0.9510409
4657.18  0.9389483
4657.75  0.9580321
4658.32  0.9940336
4658.89  1.015035
4659.46  1.024165
4660.03  1.025989
4660.60  1.019544
4661.17  1.006014
4661.74  0.9933313
4662.31  0.9890397
4662.87  0.983467
4663.44  0.967968
4664.01  0.9627632
4664.58  0.974551
4665.15  0.9771976
4665.72  0.9642199
4666.29  0.9287254
4666.86  0.8751884
4667.43  0.8376634
4668.00  0.8354897
4668.57  0.8693943
4669.14  0.9104573
4669.71  0.934777
4670.28  0.9446111
4670.85  0.9631863
4671.42  0.9804063
4671.99  0.9779347
4672.56  0.9590691
4673.13  0.9449319
4673.70  0.9520499
4674.27  0.9684778
4674.84  0.9846513
4675.41  1.0005
4675.98  1.011145
4676.55  1.019216
4677.12  1.019393
4677.69  0.9995769
4678.26  0.9642013
4678.83  0.9349748
4679.40  0.93595
4679.97  0.9497365
4680.54  0.9525495
4681.11  0.9602565
4681.68  0.9624465
4682.25  0.9571449
4682.82  0.971815
4683.39  0.9899494
4683.96  0.9976344
4684.53  0.9948637
4685.10  0.9898512
4685.67  0.9852035
4686.24  0.9874928
4686.81  0.9953029
4687.38  0.9982204
4687.95  0.9929507
4688.52  0.982414
4689.09  0.9813786
4689.66  0.9809752
4690.23  0.9781664
4690.80  0.9704844
4691.37  0.9566835
4691.94  0.9487426
4692.51  0.963373
4693.08  0.9822478
4693.65  0.9905333
4694.22  0.98724
4694.79  0.9868385
4695.36  0.9929067
4695.93  1.003291
4696.50  1.00101
4697.07  1.001532
4697.64  0.9925628
4698.21  0.9654127
4698.78  0.9351453
4699.35  0.9273177
4699.92  0.936027
4700.49  0.9465739
4701.06  0.9476917
4701.63  0.9421876
4702.20  0.9272586
4702.77  0.8886252
4703.34  0.8605403
4703.91  0.8908235
4704.48  0.9321938
4705.05  0.9502046
4705.62  0.9654953
4706.19  0.9713325
4706.76  0.9584222
4707.33  0.9256316
4707.90  0.9090618
4708.47  0.9106331
4709.04  0.9065684
4709.61  0.9112247
4710.18  0.9236812
4710.75  0.9510999
4711.32  0.97655
4711.89  0.9864134
4712.46  0.9834103
4713.03  0.9824419
4713.60  0.9745891
4714.17  0.9436074
4714.74  0.9297603
4715.31  0.9428721
4715.88  0.9650784
4716.45  0.98616
4717.02  1.0007
4717.59  0.9979883
4718.16  0.9864964
4718.73  0.9852976
4719.30  0.9974243
4719.87  1.009984
4720.44  1.010062
4721.01  1.004005
4721.58  0.9998533
4722.15  0.9864565
4722.72  0.9857754
4723.29  0.9982244
4723.86  1.010443
4724.43  1.013445
4725.00  1.016415
4725.57  1.021719
4726.14  1.015241
4726.71  0.9993739
4727.28  0.9606175
4727.85  0.9385936
4728.42  0.9357797
4728.99  0.9375854
4729.56  0.9400901
4730.13  0.9395682
4730.70  0.9373593
4731.27  0.9261428
4731.84  0.9314836
4732.41  0.9569672
4732.98  0.9762339
4733.55  0.971347
4734.12  0.9704368
4734.69  0.984302
4735.26  0.9925449
4735.83  0.9801486
4736.40  0.9504287
4736.97  0.922479
4737.54  0.9355659
4738.11  0.972334
4738.68  0.9942566
4739.25  0.9978549
4739.82  0.9946209
4740.39  0.9819604
4740.96  0.9643453
4741.53  0.9613227
4742.10  0.973528
4742.67  0.9893145
4743.24  1.001544
4743.81  1.001006
4744.38  0.9834719
4744.95  0.9737567
4745.52  0.9711064
4746.09  0.9752446
4746.66  0.9913849
4747.23  1.002535
4747.80  0.9862708
4748.37  0.9682183
4748.94  0.9739874
4749.51  0.9885614
4750.08  0.9943523
4750.65  0.9953136
4751.22  0.9970136
4751.79  0.9815189
4752.36  0.9623938
4752.93  0.9650445
4753.50  0.963475
4754.07  0.9462376
4754.63  0.9408641
4755.20  0.9489515
4755.77  0.9470976
4756.34  0.93374
4756.91  0.9385316
4757.48  0.9586461
4758.05  0.9732335
4758.62  0.9840447
4759.19  0.9905413
4759.76  0.9966673
4760.33  0.9997104
4760.90  0.9892879
4761.47  0.9666987
4762.04  0.9302071
4762.61  0.9047822
4763.18  0.9147233
4763.75  0.9278135
4764.32  0.9230295
4764.89  0.9205641
4765.46  0.9154664
4766.03  0.9030951
4766.60  0.9036742
4767.17  0.933371
4767.74  0.9580398
4768.31  0.9560818
4768.88  0.9648764
4769.45  0.9856992
4770.02  0.9947274
4770.59  0.9876268
4771.16  0.9629079
4771.73  0.9350742
4772.30  0.9372471
4772.87  0.9512765
4773.44  0.9675735
4774.01  0.9898813
4774.58  1.006312
4775.15  1.007915
4775.72  0.995501
4776.29  0.9781811
4776.86  0.9858041
4777.43  1.002057
4778.00  1.012791
4778.57  1.01096
4779.14  1.000225
4779.71  0.9776546
4780.28  0.9695021
4780.85  0.9858602
4781.42  1.004305
4781.99  1.008394
4782.56  0.9933703
4783.13  0.9615428
4783.70  0.9385278
4784.27  0.9580658
4784.84  0.9853603
4785.41  0.9953404
4785.98  0.9679994
4786.55  0.92818
4787.12  0.9231359
4787.69  0.9548187
4788.26  0.9728879
4788.83  0.9590117
4789.40  0.9336523
4789.97  0.9358248
4790.54  0.9581286
4791.11  0.9754067
4791.68  0.9783061
4792.25  0.973509
4792.82  0.9727695
4793.39  0.9917229
4793.96  1.008386
4794.53  1.014609
4795.10  1.014783
4795.67  1.017585
4796.24  1.014729
4796.81  1.009947
4797.38  1.00322
4797.95  0.9927231
4798.52  0.9685761
4799.09  0.9607661
4799.66  0.9604187
4800.23  0.9553676
4800.80  0.9503283
4801.37  0.9654292
4801.94  0.9879804
4802.51  0.9908998
4803.08  0.9855826
4803.65  0.993083
4804.22  0.9915953
4804.79  0.9637055
4805.36  0.9394026
4805.93  0.9560713
4806.50  0.9761218
4807.07  0.9744048
4807.64  0.9651935
4808.21  0.9621198
4808.78  0.9606606
4809.35  0.9682133
4809.92  0.9756745
4810.49  0.9683299
4811.06  0.9690727
4811.63  0.9801632
4812.20  0.9809353
4812.77  0.9740033
4813.34  0.9783306
4813.91  0.9836418
4814.48  0.990665
4815.05  0.9989309
4815.62  1.000597
4816.19  1.005007
4816.76  1.006986
4817.33  0.9993393
4817.90  0.9895766
4818.47  0.9942427
4819.04  1.003469
4819.61  1.007673
4820.18  1.005382
4820.75  0.9989768
4821.32  0.9926395
4821.89  0.9959644
4822.46  0.9900786
4823.03  0.9558701
4823.60  0.908231
4824.17  0.8935278
4824.74  0.9224386
4825.31  0.9568189
4825.88  0.9727222
4826.45  0.9857696
4827.02  0.9902594
4827.59  0.9878473
4828.16  0.984422
4828.73  0.9612918
4829.30  0.9394101
4829.87  0.9484861
4830.44  0.9685732
4831.01  0.9648132
4831.58  0.9539349
4832.15  0.9538292
4832.72  0.9513459
4833.29  0.9534712
4833.86  0.9607278
4834.43  0.967772
4835.00  0.9737418
4835.57  0.9670386
4836.14  0.9495473
4836.71  0.9475095
4837.28  0.9639621
4837.85  0.9681938
4838.42  0.951844
4838.99  0.9331314
4839.56  0.9209765
4840.13  0.9121535
4840.70  0.9144416
4841.27  0.9268998
4841.84  0.9410748
4842.41  0.9419699
4842.98  0.9279963
4843.55  0.9169483
4844.12  0.9214243
4844.69  0.9383845
4845.26  0.9473078
4845.82  0.9462295
4846.39  0.9458762
4846.96  0.9435267
4847.53  0.9274583
4848.10  0.9016907
4848.67  0.8830577
4849.24  0.880116
4849.81  0.8942783
4850.38  0.9106671
4850.95  0.9170781
4851.52  0.9122552
4852.09  0.8988135
4852.66  0.889379
4853.23  0.8842521
4853.80  0.8777084
4854.37  0.858828
4854.94  0.8202333
4855.51  0.7763569
4856.08  0.7581719
4856.65  0.7720744
4857.22  0.7822218
4857.79  0.7739073
4858.36  0.7557921
4858.93  0.7245728
4859.50  0.6730134
4860.07  0.6094754
4860.64  0.5278506
4861.21  0.4303052
4861.78  0.3957208
4862.35  0.4708318
4862.92  0.5755317
4863.49  0.6441131
4864.06  0.6808776
4864.63  0.7126276
4865.20  0.7468067
4865.77  0.7683656
4866.34  0.7835966
4866.91  0.8086697
4867.48  0.8329156
4868.05  0.8399537
4868.62  0.8499939
4869.19  0.8655472
4869.76  0.8725585
4870.33  0.863845
4870.90  0.8297891
4871.47  0.7853707
4872.04  0.770817
4872.61  0.8026677
4873.18  0.8500206
4873.75  0.8715878
4874.32  0.8802577
4874.89  0.8930836
4875.46  0.9013579
4876.03  0.8891551
4876.60  0.8802882
4877.17  0.8934914
4877.74  0.8950748
4878.31  0.8692803
4878.88  0.8878546
4879.45  0.9365778
4880.02  0.9616279
4880.59  0.9682769
4881.16  0.9584356
4881.73  0.9330258
4882.30  0.9156679
4882.87  0.9271581
4883.44  0.9350216
4884.01  0.9240852
4884.58  0.917587
4885.15  0.90434
4885.72  0.8951108
4886.29  0.8934285
4886.86  0.8870674
4887.43  0.8948671
4888.00  0.9151096
4888.57  0.9108841
4889.14  0.8949234
4889.71  0.9102095
4890.28  0.9164377
4890.85  0.8671638
4891.42  0.81692
4891.99  0.8376725
4892.56  0.9063583
4893.13  0.9491724
4893.70  0.968509
4894.27  0.9772389
4894.84  0.9880022
4895.41  0.9977486
4895.98  0.9975756
4896.55  0.9866073
4897.12  0.9840323
4897.69  0.9858828
4898.26  0.9883944
4898.83  0.9886072
4899.40  0.9775646
4899.97  0.9486392
4900.54  0.9367884
4901.11  0.9611124
4901.68  0.9858638
4902.25  0.9884546
4902.82  0.9699655
4903.39  0.9381588
4903.96  0.9305463
4904.53  0.93783
4905.10  0.9547571
4905.67  0.9779232
4906.24  0.998479
4906.81  1.000916
4907.38  0.9907697
4907.95  0.9749955
4908.52  0.9688522
4909.09  0.9675382
4909.66  0.9389892
4910.23  0.8949227
4910.80  0.8726457
4911.37  0.8894308
4911.94  0.9183354
4912.51  0.9467295
4913.08  0.9736568
4913.65  0.9769704
4914.22  0.9693168
4914.79  0.9842563
4915.36  1.003713
4915.93  1.006285
4916.50  0.9980748
4917.07  0.9815229
4917.64  0.9609657
4918.21  0.92451
4918.78  0.8771612
4919.35  0.8559956
4919.92  0.8658015
4920.49  0.8477315
4921.06  0.8426673
4921.63  0.8898472
4922.20  0.9245593
4922.77  0.9390832
4923.34  0.9369
4923.91  0.8983657
4924.48  0.8727388
4925.05  0.8906133
4925.62  0.9280554
4926.19  0.9657157
4926.76  0.9868563
4927.33  0.9859412
4927.90  0.9666063
4928.47  0.9671293
4929.04  0.9908482
4929.61  1.006243
4930.18  0.9944373
4930.75  0.9797074
4931.32  0.9843846
4931.89  0.9881424
4932.46  0.9799803
4933.03  0.96051
4933.60  0.9146162
4934.17  0.8657192
4934.74  0.8864306
4935.31  0.9447643
4935.88  0.9683294
4936.45  0.9653025
4937.01  0.9537674
4937.58  0.9346898
4938.15  0.9148771
4938.72  0.8862568
4939.29  0.8642666
4939.86  0.8744631
4940.43  0.9195116
4941.00  0.9660935
4941.57  0.9936422
4942.14  0.9959009
4942.71  0.9815134
4943.28  0.9876398
4943.85  1.004105
4944.42  1.011484
4944.99  1.004631
4945.56  0.9811054
4946.13  0.9577268
4946.70  0.9515861
4947.27  0.9717305
4947.84  0.989745
4948.41  1.00013
4948.98  1.003775
4949.55  0.9939152
4950.12  0.982966
4950.69  0.9789349
4951.26  0.9939644
4951.83  1.006781
4952.40  0.9908147
4952.97  0.9685087
4953.54  0.9720992
4954.11  0.9807562
4954.68  0.9802483
4955.25  0.9807709
4955.82  0.9918071
4956.39  0.9943691
4956.96  0.9463528
4957.53  0.8374968
4958.10  0.7948997
4958.67  0.8736627
4959.24  0.9589969
4959.81  0.9998471
4960.38  1.014817
4960.95  1.01912
4961.52  1.012678
4962.09  1.005342
4962.66  0.9959431
4963.23  0.9975005
4963.80  1.008886
4964.37  1.01496
4964.94  1.008592
4965.51  0.9912969
4966.08  0.963946
4966.65  0.9530897
4967.22  0.97484
4967.79  0.9764762
4968.36  0.9557528
4968.93  0.9546719
4969.50  0.9676488
4970.07  0.959343
4970.64  0.9471053
4971.21  0.9514678
4971.78  0.9730271
4972.35  0.9935372
4972.92  0.9896294
4973.49  0.9783734
4974.06  0.9885341
4974.63  1.004599
4975.20  1.012994
4975.77  1.011511
4976.34  1.00102
4976.91  1.000265
4977.48  1.002846
4978.05  0.9906425
4978.62  0.9667399
4979.19  0.9538031
4979.76  0.958898
4980.33  0.9550212
4980.90  0.9537206
4981.47  0.9575658
4982.04  0.9303097
4982.61  0.884884
4983.18  0.8506739
4983.75  0.8370748
4984.32  0.8437853
4984.89  0.8770244
4985.46  0.8863311
4986.03  0.8910438
4986.60  0.9295276
4987.17  0.9760234
4987.74  1.000241
4988.31  1.006145
4988.88  0.9886438
4989.45  0.9694672
4990.02  0.9782251
4990.59  0.9801923
4991.16  0.9426985
4991.73  0.9182117
4992.30  0.9481553
4992.87  0.9811062
4993.44  0.9707707
4994.01  0.9414565
4994.58  0.9370532
4995.15  0.9646999
4995.72  0.9892268
4996.29  0.9916382
4996.86  0.9874362
4997.43  0.987058
4998.00  0.9892178
4998.57  0.984783
4999.14  0.9714831
4999.71  0.9494002
5000.28  0.9336846
5000.85  0.9346764
5001.42  0.9328541
5001.99  0.9106243
5002.56  0.90435
5003.13  0.9228696
5003.70  0.9419174
5004.27  0.9535728
5004.84  0.9599308
5005.41  0.9437258
5005.98  0.889391
5006.55  0.8468625
5007.12  0.85983
5007.69  0.8812599
5008.26  0.9208269
5008.83  0.9666052
5009.40  0.9898168
5009.97  0.9901143
5010.54  0.9754007
5011.11  0.9702362
5011.68  0.9593657
5012.25  0.919745
5012.82  0.885995
5013.39  0.8943914
5013.96  0.8977541
5014.53  0.8836091
5015.10  0.8775383
5015.67  0.9042076
5016.24  0.9353508
5016.81  0.9412714
5017.38  0.9266215
5017.95  0.8928121
5018.52  0.8384127
5019.09  0.8224859
5019.66  0.8759297
5020.23  0.9134439
5020.80  0.9336023
5021.37  0.9477433
5021.94  0.9415629
5022.51  0.9196533
5023.08  0.9109654
5023.65  0.9278005
5024.22  0.9505677
5024.79  0.9634579
5025.36  0.9615636
5025.93  0.9640708
5026.50  0.9725885
5027.07  0.9560558
5027.64  0.9130633
5028.21  0.8905747
5028.77  0.9069393
5029.34  0.9441343
5029.91  0.9660487
5030.48  0.9712963
5031.05  0.963875
5031.62  0.9493822
5032.19  0.9585043
5032.76  0.9777303
5033.33  0.9887267
5033.90  0.9965426
5034.47  0.9990748
5035.04  0.9898696
5035.61  0.9507936
5036.18  0.9006895
5036.75  0.8880961
5037.32  0.9205586
5037.89  0.9557288
5038.46  0.9584067
5039.03  0.9310153
5039.60  0.9059044
5040.17  0.9024898
5040.74  0.8969005
5041.31  0.8469003
5041.88  0.7902407
5042.45  0.8043144
5043.02  0.8802139
5043.59  0.9451646
5044.16  0.967626
5044.73  0.9667066
5045.30  0.9735138
5045.87  0.9887148
5046.44  0.9965206
5047.01  1.001941
5047.58  0.9998713
5048.15  0.9748489
5048.72  0.9366036
5049.29  0.9178568
5049.86  0.9163324
5050.43  0.9138725
5051.00  0.9369258
5051.57  0.9395913
5052.14  0.9054437
5052.71  0.9023618
5053.28  0.9299048
5053.85  0.9554893
5054.42  0.9704478
5054.99  0.9786142
5055.56  0.98236
5056.13  0.9798094
5056.70  0.9738539
5057.27  0.9726993
5057.84  0.9750132
5058.41  0.976172
5058.98  0.9835948
5059.55  0.9959553
5060.12  0.9934058
5060.69  0.9880276
5061.26  0.9943022
5061.83  1.002256
5062.40  1.00369
5062.97  1.00366
5063.54  1.004332
5064.11  1.001217
5064.68  0.9721794
5065.25  0.9159214
5065.82  0.8913859
5066.39  0.9244767
5066.96  0.9534742
5067.53  0.9537839
5068.10  0.9562563
5068.67  0.9529603
5069.24  0.9338753
5069.81  0.9385471
5070.38  0.966676
5070.95  0.9866303
5071.52  0.9913849
5072.09  0.9688927
5072.66  0.9249994
5073.23  0.9097054
5073.80  0.9413667
5074.37  0.9702139
5074.94  0.9575851
5075.51  0.9355784
5076.08  0.9410968
5076.65  0.9479364
5077.22  0.9565749
5077.79  0.9769188
5078.36  0.9902257
5078.93  0.9723375
5079.50  0.9101885
5080.07  0.8632147
5080.64  0.8578324
5081.21  0.862629
5081.78  0.8865346
5082.35  0.9271831
5082.92  0.9451211
5083.49  0.9423304
5084.06  0.9218128
5084.63  0.9128399
5085.20  0.9378305
5085.77  0.9696602
5086.34  0.9835095
5086.91  0.9899534
5087.48  0.9803265
5088.05  0.963505
5088.62  0.9614974
5089.19  0.9668631
5089.76  0.9783599
5090.33  0.9868086
5090.90  0.9762795
5091.47  0.9592738
5092.04  0.9685213
5092.61  0.9845994
5093.18  0.9936913
5093.75  0.9998643
5094.32  1.001294
5094.89  0.998455
5095.46  0.9980552
5096.03  1.001829
5096.60  0.9981632
5097.17  0.9708425
5097.74  0.9304575
5098.31  0.9220399
5098.88  0.9150262
5099.45  0.8749878
5100.02  0.864897
5100.59  0.8897383
5101.16  0.9246745
5101.73  0.9578714
5102.30  0.9861373
5102.87  1.001716
5103.44  0.9983749
5104.01  0.9946743
5104.58  0.9890685
5105.15  0.982887
5105.72  0.9835787
5106.29  0.9783222
5106.86  0.9864953
5107.43  0.9817892
5108.00  0.939871
5108.57  0.9112443
