6182.04  0.9927356
6182.32  0.9995275
6182.61  0.9985579
6182.89  0.9965166
6183.17  0.9970093
6183.46  0.9903184
6183.74  0.992852
6184.03  0.9892904
6184.31  0.993673
6184.59  0.9985395
6184.88  0.9993258
6185.16  0.9991759
6185.45  0.9919684
6185.73  0.9854273
6186.01  0.9808404
6186.30  0.9835004
6186.58  0.9794294
6186.87  0.975701
6187.15  0.9836506
6187.43  0.9867942
6187.72  0.9812237
6188.00  0.9686355
6188.29  0.9706694
6188.57  0.9826222
6188.85  0.9899056
6189.14  0.9953173
6189.42  0.9986325
6189.71  0.9997201
6189.99  0.9996833
6190.27  0.9994569
6190.56  0.994135
6190.84  0.9758324
6191.13  0.9345631
6191.41  0.88129
6191.69  0.8612543
6191.98  0.9031755
6192.26  0.9577896
6192.55  0.9868953
6192.83  0.9946468
6193.12  0.9977248
6193.40  0.9975539
6193.68  0.9946305
6193.97  0.9904446
6194.25  0.9854156
6194.54  0.9803618
6194.82  0.9809579
6195.10  0.9833544
6195.39  0.982587
6195.67  0.9788641
6195.96  0.9851598
6196.24  0.9942011
6196.52  0.9932799
6196.81  0.9981306
6197.09  0.9986162
6197.38  0.9935437
6197.66  0.9987663
6197.94  1.002175
6198.23  1.003826
6198.51  0.998888
6198.80  0.9960049
6199.08  0.9909732
6199.36  0.9910666
6199.65  0.9921697
6199.93  0.98192
6200.22  0.9606045
6200.50  0.9469506
6200.78  0.9612539
6201.07  0.9845787
6201.35  0.9968136
6201.64  0.9979072
6201.92  1.001022
6202.20  0.9989396
6202.49  0.9970725
6202.77  1.000272
6203.06  1.000007
6203.34  0.9994077
6203.62  1.000592
6203.91  1.000665
6204.19  0.9997867
6204.48  0.9911514
6204.76  0.987489
6205.04  0.9910397
6205.33  0.9966223
6205.61  0.997328
6205.90  1.00123
6206.18  1.00104
6206.47  0.995795
6206.75  1.000974
6207.03  1.001112
6207.32  0.9865491
6207.60  0.9967406
6207.89  1.000195
6208.17  0.9964721
6208.45  0.9953402
6208.74  0.9937611
6209.02  0.9994599
6209.31  1.001187
6209.59  1.006773
6209.87  1.001852
6210.16  1.003599
6210.44  0.9969715
6210.73  0.9971769
6211.01  0.9996143
6211.29  0.9992617
6211.58  1.004909
6211.86  1.003849
6212.15  1.002885
6212.43  0.9995618
6212.71  0.9963782
6213.00  0.9868589
6213.28  0.9594487
6213.57  0.9396771
6213.85  0.9535876
6214.13  0.9781902
6214.42  0.9865232
6214.70  0.9791194
6214.99  0.9563202
6215.27  0.9383658
6215.55  0.9510671
6215.84  0.9743526
6216.12  0.9805739
6216.41  0.9778159
6216.69  0.9814601
6216.97  0.9930732
6217.26  0.9981787
6217.54  0.998906
6217.83  1.000801
6218.11  1.00462
6218.39  1.002262
6218.68  0.9945221
6218.96  0.973534
6219.25  0.9383631
6219.53  0.9269679
6219.82  0.9512441
6220.10  0.973364
6220.38  0.978828
6220.67  0.9798917
6220.95  0.981699
6221.24  0.9837188
6221.52  0.9905206
6221.80  0.9953063
6222.09  0.9984443
6222.37  1.00143
6222.66  0.9998292
6222.94  0.9993556
6223.22  0.99967
6223.51  0.9975063
6223.79  0.9904299
6224.08  0.9830626
6224.36  0.9860705
6224.64  0.9928252
6224.93  0.9961336
6225.21  0.9985755
6225.50  0.998546
6225.78  0.9978263
6226.06  0.9973841
6226.35  0.9899586
6226.63  0.9834405
6226.92  0.9793188
6227.20  0.9847556
6227.48  0.9957353
6227.77  0.9983103
6228.05  0.9966659
6228.34  0.9996653
6228.62  1.000522
6228.90  0.9963744
6229.19  0.9845913
6229.47  0.9760309
6229.76  0.9838007
6230.04  0.9815431
6230.32  0.9514194
6230.61  0.902414
6230.89  0.8777463
6231.18  0.9089034
6231.46  0.9599786
6231.74  0.9926539
6232.03  0.9912717
6232.31  0.9750294
6232.60  0.9448254
6232.88  0.9355364
6233.17  0.957717
6233.45  0.9834041
6233.73  0.9947479
6234.02  0.9969782
6234.30  1.00136
6234.59  1.002204
6234.87  1.002759
6235.15  1.006567
6235.44  1.003413
6235.72  0.9996163
6236.01  1.000192
6236.29  0.9966854
6236.57  0.9918889
6236.86  0.9835988
6237.14  0.9579858
6237.43  0.9410965
6237.71  0.9459186
6237.99  0.9556987
6238.28  0.9429593
6238.56  0.9365352
6238.85  0.9535639
6239.13  0.9756233
6239.41  0.9863952
6239.70  0.9767558
6239.98  0.9719298
6240.27  0.9687303
6240.55  0.9675637
6240.83  0.9745681
6241.12  0.9873452
6241.40  0.9985176
6241.69  1.002323
6241.97  1.005786
6242.25  1.002022
6242.54  1.00189
6242.82  1.001502
6243.11  0.9960181
6243.39  0.9815764
6243.67  0.9641435
6243.96  0.9432617
6244.24  0.9383829
6244.53  0.9421315
6244.81  0.959944
6245.10  0.980112
6245.38  0.9764197
6245.66  0.9603709
6245.95  0.9407634
6246.23  0.9078164
6246.52  0.8972865
6246.80  0.9301198
6247.08  0.9533322
6247.37  0.9383065
6247.65  0.9142062
6247.94  0.9299524
6248.22  0.9684649
6248.50  0.9887419
6248.79  0.993552
6249.07  0.9931256
6249.36  0.9921506
6249.64  0.9995216
6249.92  0.9990399
6250.21  1.003068
6250.49  1.003324
6250.78  1.00288
6251.06  1.001991
6251.34  1.003471
6251.63  1.00065
6251.91  0.99247
6252.20  0.9630066
6252.48  0.916782
6252.76  0.9028387
6253.05  0.9322553
6253.33  0.9709558
6253.62  0.9771021
6253.90  0.9444034
6254.18  0.9002121
6254.47  0.8959571
6254.75  0.9365425
6255.04  0.9709694
6255.32  0.9893497
6255.60  0.9911482
6255.89  0.9761734
6256.17  0.9465724
6256.46  0.9262086
6256.74  0.9416032
6257.02  0.9707712
6257.31  0.987106
6257.59  0.9932477
6257.88  0.9866147
6258.16  0.9692752
6258.45  0.963603
6258.73  0.9549196
6259.01  0.9638492
6259.30  0.9778913
6259.58  0.9833367
6259.87  0.9872426
6260.15  0.9940493
6260.43  1.001048
6260.72  0.9915491
6261.00  0.9818576
6261.29  0.9762263
6261.57  0.9831142
6261.85  0.9981536
6262.14  0.9979877
6262.42  0.9956014
6262.71  0.9993624
6262.99  1.002748
6263.27  1.002649
6263.56  1.002349
6263.84  1.003913
6264.13  0.9983239
6264.41  0.9969143
6264.69  0.9860373
6264.98  0.9551455
6265.26  0.932954
6265.55  0.9471918
6265.83  0.9805813
6266.11  0.9927611
6266.40  1.000192
6266.68  1.002814
6266.97  1.001574
6267.25  0.9976856
6267.53  0.991961
6267.82  0.9959846
6268.10  0.9990391
6268.39  0.9969059
6268.67  0.9988238
6268.95  0.9994401
6269.24  1.001542
6269.52  0.9992603
6269.81  0.9835893
6270.09  0.9701048
6270.37  0.9653471
6270.66  0.9786623
6270.94  0.9885684
6271.23  0.988775
6271.51  0.9833757
6271.80  0.9869702
6272.08  0.9858546
6272.36  0.9864347
6272.65  0.994556
6272.93  0.9923955
6273.22  0.9968149
6273.50  1.000662
6273.78  1.001246
6274.07  0.9968684
6274.35  0.9976667
6274.64  0.9937943
6274.92  0.9956138
6275.20  0.9939038
6275.49  0.9970011
6275.77  0.9990835
6276.06  0.9869725
6276.34  0.9549558
6276.62  0.9197165
6276.91  0.9052533
6277.19  0.8839275
6277.48  0.8700137
6277.76  0.8616498
6278.04  0.8713971
6278.33  0.9049634
6278.61  0.9172769
6278.90  0.9114347
6279.18  0.917874
6279.46  0.9258686
6279.75  0.9141876
6280.03  0.9101106
6280.32  0.9139441
6280.60  0.9249704
6280.88  0.9287682
6281.17  0.9439499
6281.45  0.9559093
6281.74  0.9584473
6282.02  0.9585716
6282.30  0.9572085
6282.59  0.9514669
6282.87  0.9592264
6283.16  0.9729032
6283.44  0.9773942
6283.72  0.9794968
6284.01  0.9857407
6284.29  0.9923874
6284.58  0.9915345
6284.86  0.992566
6285.15  0.9939206
6285.43  0.9851609
6285.71  0.9790217
6286.00  0.977231
6286.28  0.9795874
6286.57  0.9885495
6286.85  0.9942191
6287.13  0.9945486
6287.42  0.9874302
6287.70  0.9804116
6287.99  0.986787
6288.27  0.9899343
6288.55  0.9925387
6288.84  0.9865805
6289.12  0.9749277
6289.41  0.9709765
6289.69  0.9756818
6289.97  0.9690405
6290.26  0.9612884
6290.54  0.9636573
6290.83  0.9482958
6291.11  0.9398791
6291.39  0.9522769
6291.68  0.9665985
6291.96  0.9638175
6292.25  0.9563286
6292.53  0.9508029
6292.81  0.9474564
6293.10  0.9646019
6293.38  0.9831751
6293.67  0.9885683
6293.95  0.9881717
6294.23  0.9825264
6294.52  0.9793761
6294.80  0.9689301
6295.09  0.9627719
6295.37  0.964339
6295.65  0.9558479
6295.94  0.9550941
6296.22  0.9688512
6296.51  0.984601
6296.79  0.987981
6297.07  0.9830599
6297.36  0.9755678
6297.64  0.9509376
6297.93  0.9273577
6298.21  0.9239631
6298.50  0.9463149
6298.78  0.9534479
6299.06  0.9439304
6299.35  0.9394012
6299.63  0.9519208
6299.92  0.9667537
6300.20  0.9765572
6300.48  0.9794931
6300.77  0.9801947
6301.05  0.9613269
6301.34  0.9161319
6301.62  0.8821056
6301.90  0.8871979
6302.19  0.9036141
6302.47  0.8983781
6302.76  0.9031688
6303.04  0.9427344
6303.32  0.9747776
6303.61  0.986815
6303.89  0.986914
6304.18  0.9933208
6304.46  0.9933682
6304.74  0.9916111
6305.03  0.9927514
6305.31  0.979968
6305.60  0.971539
6305.88  0.9727948
6306.16  0.9696177
6306.45  0.9694986
6306.73  0.9771381
6307.02  0.9916288
6307.30  0.9972118
6307.58  0.9997203
6307.87  0.9974229
6308.15  0.9938705
6308.44  0.9950746
6308.72  0.9933698
6309.00  0.991574
6309.29  0.9846081
6309.57  0.9698386
6309.86  0.9633651
6310.14  0.9587942
6310.42  0.9607065
6310.71  0.9641633
6310.99  0.9769114
6311.28  0.9784441
6311.56  0.9795036
6311.85  0.9840026
6312.13  0.9879167
6312.41  0.9926756
6312.70  0.9922851
6312.98  0.9939733
6313.27  0.9985198
6313.55  0.9961449
6313.83  0.9876187
6314.12  0.9772582
6314.40  0.9568191
6314.69  0.9340408
6314.97  0.9248204
6315.25  0.9203129
6315.54  0.9241364
6315.82  0.9345745
6316.11  0.9498965
6316.39  0.9658362
6316.67  0.9830018
6316.96  0.9797857
6317.24  0.9694126
6317.53  0.9573542
6317.81  0.9268234
6318.09  0.896455
6318.38  0.8982656
6318.66  0.9149734
6318.95  0.9323679
6319.23  0.9402315
6319.51  0.9456562
6319.80  0.9571803
6320.08  0.9759736
6320.37  0.9858687
6320.65  0.9861087
6320.93  0.985693
6321.22  0.9836771
6321.50  0.9896361
6321.79  0.9918399
6322.07  0.9799801
6322.35  0.9559978
6322.64  0.9360506
6322.92  0.9382627
6323.21  0.9606383
6323.49  0.9762377
6323.78  0.9784063
6324.06  0.9828539
6324.34  0.9895262
6324.63  0.9963582
6324.91  0.9951452
6325.20  1.001397
6325.48  0.9992123
6325.76  0.9985024
6326.05  0.9991802
6326.33  1.000063
6326.62  0.9966368
6326.90  0.9981295
6327.18  0.9937098
6327.47  0.9868806
6327.75  0.9858603
6328.04  0.9909363
6328.32  0.9967247
6328.60  0.9964154
6328.89  1.001845
6329.17  0.999007
6329.46  0.9925955
6329.74  0.994442
6330.02  0.9891273
6330.31  0.9842793
6330.59  0.9827691
6330.88  0.9760333
6331.16  0.9796485
6331.44  0.9856741
6331.73  0.9812573
6332.01  0.9765207
6332.30  0.9828837
6332.58  0.9920681
6332.86  0.9973234
6333.15  0.9959115
6333.43  0.9935813
6333.72  0.999179
6334.00  0.9978604
6334.28  0.9940961
6334.57  0.9934821
6334.85  0.9791103
6335.14  0.9465222
6335.42  0.9223999
6335.70  0.932277
6335.99  0.9608153
6336.27  0.9707275
6336.56  0.9460207
6336.84  0.9149609
6337.13  0.9164689
6337.41  0.9511805
6337.69  0.9808863
6337.98  0.9890009
6338.26  0.9873344
6338.55  0.9747981
6338.83  0.9543524
6339.11  0.9415622
6339.40  0.9531426
6339.68  0.9709479
6339.97  0.9845008
6340.25  0.9908282
6340.53  0.9915453
6340.82  0.9920495
6341.10  0.9894471
6341.39  0.9881896
6341.67  0.9867151
6341.95  0.9816554
6342.24  0.9757025
6342.52  0.9725421
6342.81  0.9755646
6343.09  0.9761716
6343.37  0.9736589
6343.66  0.969723
6343.94  0.9559839
6344.23  0.9500741
6344.51  0.9595668
6344.79  0.9721011
6345.08  0.9828189
6345.36  0.988477
6345.65  0.9910492
6345.93  0.9945906
6346.21  0.9907539
6346.50  0.9754589
6346.78  0.9406376
6347.07  0.9052737
6347.35  0.9066032
6347.63  0.9408124
6347.92  0.9751005
6348.20  0.9885615
6348.49  0.9944965
6348.77  0.9961013
6349.05  0.998812
6349.34  1.000808
6349.62  0.9980398
6349.91  0.9975505
6350.19  0.9904966
6350.48  0.9886672
6350.76  0.9877872
6351.04  0.9912252
6351.33  0.9990279
6351.61  0.9976894
6351.90  0.9968744
6352.18  0.9982433
6352.46  0.9999225
6352.75  0.997386
6353.03  0.9958673
6353.32  0.9978212
6353.60  0.9989017
6353.88  0.9977125
6354.17  0.9993628
6354.45  0.9927949
6354.74  0.9727418
6355.02  0.947632
6355.30  0.9477316
6355.59  0.9678587
6355.87  0.9887929
6356.16  0.997558
6356.44  0.9979754
6356.72  0.9958686
6357.01  0.9985051
6357.29  0.9970599
6357.58  0.9975644
6357.86  0.993514
6358.14  0.9878063
6358.43  0.9694754
6358.71  0.9503658
6359.00  0.956504
6359.28  0.9714661
6359.56  0.9877012
6359.85  0.9913685
6360.13  0.9871883
6360.42  0.9823446
6360.70  0.9762903
6360.98  0.9701503
6361.27  0.9674161
6361.55  0.9696578
6361.84  0.9702677
6362.12  0.9599564
6362.40  0.9524748
6362.69  0.950912
6362.97  0.9579144
6363.26  0.9699754
6363.54  0.9807045
6363.83  0.9850578
6364.11  0.979939
6364.39  0.9708592
6364.68  0.9754706
6364.96  0.980653
6365.25  0.9923054
6365.53  0.9977669
6365.81  0.9989444
6366.10  0.9905188
6366.38  0.9860935
6366.67  0.9857376
6366.95  0.9870501
6367.23  0.9938177
6367.52  0.9992236
6367.80  1.001188
6368.09  0.9979189
6368.37  0.9992065
6368.65  0.9982478
6368.94  0.9933781
6369.22  0.9844304
6369.51  0.9759423
6369.79  0.9766458
6370.07  0.9874742
6370.36  0.9956208
6370.64  0.9925393
6370.93  0.974937
6371.21  0.9460433
6371.49  0.9347178
6371.78  0.9542702
6372.06  0.9842728
6372.35  1.000795
6372.63  1.00427
6372.91  1.004011
6373.20  1.001372
6373.48  1.004658
6373.77  1.002753
6374.05  1.002908
6374.33  1.002847
6374.62  1.004733
6374.90  1.003288
6375.19  0.9995682
6375.47  1.002609
6375.75  1.000938
6376.04  0.9977605
6376.32  1.000336
6376.61  1.003162
6376.89  1.001856
6377.18  1.003955
6377.46  1.005321
6377.74  0.9986747
6378.03  0.9913751
6378.31  0.9855146
6378.60  0.9851434
6378.88  0.992381
6379.16  0.9971343
6379.45  0.9982828
6379.73  1.000338
6380.02  0.9979563
6380.30  0.9903122
6380.58  0.9754564
6380.87  0.968909
6381.15  0.9752318
6381.44  0.9874227
6381.72  0.9975029
6382.00  1.002346
6382.29  1.00068
6382.57  0.9988572
6382.86  0.9993438
6383.14  0.9983058
6383.42  0.9937717
6383.71  0.9861374
6383.99  0.9843895
6384.28  0.9877131
6384.56  0.9864148
6384.84  0.9853556
6385.13  0.9862339
6385.41  0.9842548
6385.70  0.9856253
6385.98  0.9922811
6386.26  0.9950493
6386.55  0.9965639
6386.83  1.001279
6387.12  1.001578
6387.40  1.001049
6387.68  1.003095
6387.97  1.003167
6388.25  0.9998127
6388.54  0.9996769
6388.82  1.002542
6389.11  0.9984673
6389.39  0.9976035
6389.67  0.9967341
6389.96  0.9961097
6390.24  0.9982289
6390.53  0.9978649
6390.81  0.9981085
6391.09  0.9963176
6391.38  0.9975877
6391.66  0.9995259
6391.95  0.9971746
6392.23  0.9935009
6392.51  0.9914905
6392.80  0.9877027
6393.08  0.9719657
6393.37  0.9300177
6393.65  0.8986372
6393.93  0.9065267
6394.22  0.9477733
6394.50  0.979641
6394.79  0.9880921
6395.07  0.9897786
6395.35  0.9939277
6395.64  0.9959756
6395.92  1.001117
6396.21  1.001811
6396.49  0.9995832
6396.77  0.9970396
6397.06  1.00044
6397.34  0.998042
6397.63  0.9972885
6397.91  0.9998437
6398.19  0.9940195
6398.48  0.9970603
6398.76  0.9963667
6399.05  0.9948944
6399.33  0.9822103
6399.61  0.9426966
6399.90  0.8837606
6400.18  0.8567573
6400.47  0.8888752
6400.75  0.9433668
6401.03  0.9797056
6401.32  0.9945645
6401.60  1.001183
6401.89  0.9995667
6402.17  0.9977825
6402.46  0.9996282
6402.74  0.9970591
6403.02  1.000294
6403.31  0.9985014
6403.59  0.9956877
6403.88  0.9953349
6404.16  0.9955001
6404.44  0.9975354
6404.73  0.9985809
6405.01  0.999326
6405.30  0.991742
6405.58  0.9838537
6405.86  0.9825929
6406.15  0.9862356
6406.43  0.9885251
6406.72  0.9817796
6407.00  0.9678646
6407.28  0.9564893
6407.57  0.9381859
6407.85  0.9128889
6408.14  0.9051541
6408.42  0.9270284
6408.70  0.9543537
6408.99  0.9803229
6409.27  0.9910318
6409.56  0.9953032
6409.84  0.9982443
6410.12  0.9971381
6410.41  0.9944103
6410.69  0.9935349
6410.98  0.983868
6411.26  0.950455
6411.54  0.9094714
6411.83  0.8996074
6412.11  0.9328145
6412.40  0.9714695
6412.68  0.992029
6412.96  0.9959585
6413.25  0.9932553
6413.53  0.9952817
6413.82  0.9964764
6414.10  0.9919838
6414.38  0.9804986
6414.67  0.96499
6414.95  0.9494284
6415.24  0.9519448
6415.52  0.9689894
6415.81  0.9839344
6416.09  0.9912363
6416.37  0.9842525
6416.66  0.966346
6416.94  0.948257
6417.23  0.9465726
6417.51  0.9643635
6417.79  0.9821492
6418.08  0.9909464
6418.36  0.9942213
6418.65  0.9946116
6418.93  0.9955828
6419.21  0.9909973
6419.50  0.9704487
6419.78  0.9388959
6420.07  0.9248747
6420.35  0.9427718
6420.63  0.9680796
6420.92  0.9607198
6421.20  0.9268962
6421.49  0.9111955
6421.77  0.9309695
6422.05  0.9660944
6422.34  0.9906266
6422.62  1.000737
6422.91  0.9992768
6423.19  1.000193
6423.47  1.00167
6423.76  1.002597
6424.04  1.003086
6424.33  0.9987373
6424.61  0.9963886
6424.89  0.9953168
6425.18  0.9957353
6425.46  0.9967322
6425.75  0.9987505
6426.03  1.000517
6426.31  0.9969739
6426.60  0.9979899
6426.88  0.9988316
6427.17  1.004333
6427.45  1.007079
6427.73  1.002793
6428.02  1.002554
6428.30  1.004221
6428.59  1.00246
6428.87  1.005009
6429.16  1.002959
6429.44  0.9973452
6429.72  0.9981121
6430.01  0.9960167
6430.29  0.9823679
6430.58  0.9465297
6430.86  0.9171886
6431.14  0.9257454
6431.43  0.9599412
6431.71  0.9847286
6432.00  0.9902893
6432.28  0.9745355
6432.56  0.9501953
6432.85  0.9374576
6433.13  0.9487908
6433.42  0.9715688
6433.70  0.9793788
6433.98  0.9880297
6434.27  0.9948964
6434.55  0.9970433
6434.84  0.9995516
6435.12  1.002785
6435.40  1.004087
6435.69  1.005419
6435.97  1.001254
6436.26  0.9995602
6436.54  1.001101
6436.82  1.00103
6437.11  1.001838
6437.39  1.000181
6437.68  0.9955656
6437.96  0.9942701
6438.24  0.992842
6438.53  0.9659363
6438.81  0.9082176
6439.10  0.8628182
6439.38  0.8760879
6439.66  0.9290531
6439.95  0.9776316
6440.23  0.9969329
6440.52  0.9984959
6440.80  0.9997399
6441.08  1.001582
6441.37  1.002523
6441.65  0.9993792
6441.94  1.004057
6442.22  1.007164
6442.51  1.004315
6442.79  1.00167
6443.07  0.998526
6443.36  1.000431
6443.64  1.002854
6443.93  1.003481
6444.21  1.001342
6444.49  1.002009
6444.78  1.003294
6445.06  1.003613
6445.35  1.003847
6445.63  1.006697
6445.91  1.004005
6446.20  0.9993703
6446.48  0.9973917
6446.77  1.001306
6447.05  1.002327
6447.33  1.004241
6447.62  1.002429
6447.90  0.9987772
6448.19  0.9980957
6448.47  0.9970962
6448.75  0.990433
6449.04  0.9775801
6449.32  0.9537992
6449.61  0.9165555
6449.89  0.9019405
6450.17  0.9203172
6450.46  0.9587784
6450.74  0.9869565
6451.03  0.9985322
6451.31  1.000432
6451.59  0.9968463
6451.88  0.9976703
6452.16  0.9999279
6452.45  1.001267
6452.73  0.9983409
6453.01  0.9985731
6453.30  1.000819
6453.58  0.9975992
6453.87  0.9944469
6454.15  0.9950611
6454.43  0.9926977
6454.72  0.9968754
6455.00  0.9943932
6455.29  0.9776958
6455.57  0.9608629
6455.86  0.9452059
6456.14  0.9203558
6456.42  0.8983988
6456.71  0.8967357
6456.99  0.9160162
6457.28  0.9531863
6457.56  0.9808571
6457.84  0.9952577
6458.13  0.9993582
6458.41  0.9921503
6458.70  0.9855294
6458.98  0.9877871
6459.26  0.9922187
6459.55  0.9914123
6459.83  0.9931536
6460.12  0.9955637
6460.40  0.9987425
6460.68  0.9979901
6460.97  0.9990027
6461.25  0.9954161
6461.54  0.9897547
6461.82  0.979113
6462.10  0.9442446
6462.39  0.8796205
6462.67  0.8330879
6462.96  0.8496315
6463.24  0.9127021
6463.52  0.9636451
6463.81  0.979009
6464.09  0.9811396
6464.38  0.9843073
6464.66  0.9876009
6464.94  0.9929544
6465.23  0.9958764
6465.51  0.9969941
6465.80  0.9930302
6466.08  0.9864278
6466.36  0.983512
6466.65  0.9882437
6466.93  0.9913985
6467.22  0.990463
6467.50  0.9851063
6467.79  0.9841617
6468.07  0.9868864
6468.35  0.9946619
6468.64  0.9895987
6468.92  0.9654307
6469.21  0.9414805
6469.49  0.9345898
6469.77  0.9540414
6470.06  0.9776844
6470.34  0.9910222
6470.63  0.9962278
6470.91  0.9913222
6471.19  0.977567
6471.48  0.9449074
6471.76  0.9237145
6472.05  0.9273925
6472.33  0.9436067
6472.61  0.9567893
6472.90  0.9660208
6473.18  0.9733269
6473.47  0.9867747
6473.75  0.9982001
6474.03  0.998067
6474.32  0.9910359
6474.60  0.9670578
6474.89  0.9394669
6475.17  0.9164692
6475.45  0.9026297
6475.74  0.9124506
6476.02  0.9449572
6476.31  0.9754505
6476.59  0.9852266
6476.87  0.983566
6477.16  0.9804847
6477.44  0.9883103
6477.73  0.9987138
6478.01  1.003683
6478.29  1.003354
6478.58  0.9990532
6478.86  0.9896232
6479.15  0.9782134
6479.43  0.9671331
6479.71  0.9538932
6480.00  0.9512299
6480.28  0.9689388
6480.57  0.9893063
6480.85  0.9973632
6481.14  0.9938562
6481.42  0.9824497
6481.70  0.967728
6481.99  0.9556864
6482.27  0.9563736
6482.56  0.9590726
6482.84  0.9455305
6483.12  0.9310129
6483.41  0.9248469
6483.69  0.9314855
6483.98  0.9512027
6484.26  0.9698604
6484.54  0.9793195
6484.83  0.9843712
6485.11  0.9870808
6485.40  0.9849388
6485.68  0.9894881
6485.96  0.992687
6486.25  0.9838908
6486.53  0.9736633
6486.82  0.9761262
6487.10  0.9840387
6487.38  0.9865635
6487.67  0.9891816
6487.95  0.992173
6488.24  0.9957342
6488.52  0.9985004
6488.80  0.9912456
6489.09  0.9876117
6489.37  0.9935872
6489.66  0.9979275
6489.94  0.9935583
6490.22  0.975208
6490.51  0.9463003
6490.79  0.9413869
6491.08  0.9504103
6491.36  0.9595381
6491.64  0.9564386
6491.93  0.9644563
6492.21  0.9765756
6492.50  0.9644348
6492.78  0.9472004
6493.06  0.9424889
6493.35  0.9339158
6493.63  0.9033873
6493.92  0.8824357
6494.20  0.8952386
6494.49  0.9093735
6494.77  0.8898034
6495.05  0.8655151
6495.34  0.8628986
6495.62  0.8719445
6495.91  0.8997509
6496.19  0.9153931
6496.47  0.8965242
6496.76  0.8601637
6497.04  0.8517678
6497.33  0.8871718
6497.61  0.9431896
6497.89  0.9836072
6498.18  0.9964794
6498.46  0.9946057
6498.75  0.9857243
6499.03  0.9755094
6499.31  0.9506547
6499.60  0.93272
6499.88  0.9359673
6500.17  0.961065
6500.45  0.9873945
6500.73  0.9989241
6501.02  0.9994057
6501.30  0.9903309
6501.59  0.986469
6501.87  0.9889791
6502.15  0.9963157
6502.44  0.9976491
6502.72  0.9992045
6503.01  1.003843
6503.29  0.9965969
6503.57  0.9928767
6503.86  0.9926544
6504.14  0.9908079
6504.43  0.9942685
6504.71  0.99999
6504.99  1.006315
6505.28  1.009631
6505.56  1.004557
6505.85  1.004133
6506.13  1.004844
6506.41  1.004202
6506.70  1.002244
6506.98  1.001005
6507.27  0.998337
6507.55  0.998651
6507.84  0.9996971
6508.12  0.9864174
6508.40  0.9739128
6508.69  0.9766005
6508.97  0.9891598
6509.26  0.9974964
6509.54  1.001395
6509.82  1.000871
6510.11  1.000957
6510.39  1.00273
6510.68  1.003854
6510.96  1.006208
6511.24  1.002177
6511.53  0.9904513
6511.81  0.9753591
6512.10  0.9767821
6512.38  0.9888988
6512.66  0.9998336
6512.95  1.001949
6513.23  0.9954836
6513.52  0.9930238
6513.80  0.9913282
6514.08  0.9771938
6514.37  0.9508878
6514.65  0.9395409
6514.94  0.9569953
6515.22  0.9767281
6515.50  0.9660211
6515.79  0.9252902
6516.07  0.8713505
6516.36  0.8445783
6516.64  0.8623976
6516.92  0.913111
6517.21  0.957653
6517.49  0.9712451
6517.78  0.9689562
6518.06  0.9580144
6518.34  0.9460669
6518.63  0.9418992
6518.91  0.9371074
6519.20  0.9360557
6519.48  0.9514855
6519.76  0.9761447
6520.05  0.9895616
6520.33  0.9935989
6520.62  0.9990575
6520.90  0.9964994
6521.19  0.9951425
6521.47  0.992826
6521.75  0.9887697
6522.04  0.9856784
6522.32  0.987573
6522.61  0.9911861
6522.89  0.9871891
6523.17  0.9758235
6523.46  0.9600415
6523.74  0.9536653
6524.03  0.9691115
6524.31  0.9872321
6524.59  0.9955223
6524.88  0.9975067
6525.16  0.9970594
6525.45  0.9935262
6525.73  0.9954948
6526.01  0.9951723
6526.30  0.987936
6526.58  0.9731648
6526.87  0.9613062
6527.15  0.951188
6527.43  0.954843
6527.72  0.9717548
6528.00  0.9874393
6528.29  0.9922792
6528.57  0.9937162
6528.85  0.9933949
6529.14  0.994422
6529.42  0.9955667
6529.71  0.9927059
6529.99  0.9897662
6530.27  0.9861043
6530.56  0.9852873
6530.84  0.9883051
6531.13  0.9905964
6531.41  0.989472
6531.69  0.9819055
6531.98  0.9617799
6532.26  0.9547355
6532.55  0.9616392
6532.83  0.9750928
6533.11  0.9845053
6533.40  0.9769236
6533.68  0.9540068
6533.97  0.9457486
6534.25  0.9524013
6534.54  0.9658377
6534.82  0.9778345
6535.10  0.9820238
6535.39  0.9878125
6535.67  0.9847459
6535.96  0.9819885
6536.24  0.9753313
6536.52  0.9732128
6536.81  0.9704796
6537.09  0.9752129
6537.38  0.9799035
6537.66  0.9802813
6537.94  0.9816751
6538.23  0.9817069
6538.51  0.9764613
6538.80  0.9771227
6539.08  0.9765964
6539.36  0.981032
6539.65  0.9810329
6539.93  0.9795219
6540.22  0.9799558
6540.50  0.9760078
6540.78  0.9778367
6541.07  0.9791759
6541.35  0.9794378
6541.64  0.9721363
6541.92  0.9641499
6542.20  0.9588805
6542.49  0.9601589
6542.77  0.9676813
6543.06  0.9667681
6543.34  0.9468542
6543.62  0.9188159
6543.91  0.9175456
6544.19  0.9380103
6544.48  0.9606302
6544.76  0.9658373
6545.04  0.9658329
6545.33  0.9609102
6545.61  0.9472386
6545.90  0.9201303
6546.18  0.8890576
6546.47  0.8924257
6546.75  0.915888
6547.03  0.9366103
6547.32  0.9392285
6547.60  0.9339701
6547.89  0.9360712
6548.17  0.9239626
6548.45  0.9125164
6548.74  0.9217945
6549.02  0.9361718
6549.31  0.9502764
6549.59  0.9562854
6549.87  0.9515778
6550.16  0.9468654
6550.44  0.9464722
6550.73  0.9439641
6551.01  0.9426628
6551.29  0.939568
6551.58  0.9310319
6551.86  0.9239395
6552.15  0.9001023
6552.43  0.8785842
6552.71  0.8814186
6553.00  0.9017033
6553.28  0.9060531
6553.57  0.8993602
6553.85  0.898472
6554.13  0.9010703
6554.42  0.8997238
6554.70  0.8961255
6554.99  0.8854062
6555.27  0.8720694
6555.55  0.8642145
6555.84  0.864268
6556.12  0.8691677
6556.41  0.8705124
6556.69  0.8604184
6556.97  0.8454086
6557.26  0.8426912
6557.54  0.8488714
6557.83  0.8468381
6558.11  0.8366016
6558.39  0.8337166
6558.68  0.8288577
6558.96  0.8201031
6559.25  0.8101661
6559.53  0.7946823
6559.82  0.7785908
6560.10  0.7607888
6560.38  0.7448217
6560.67  0.7265889
6560.95  0.7106646
6561.24  0.6957192
6561.52  0.6662123
6561.80  0.6130478
6562.09  0.5263808
6562.37  0.4219619
6562.66  0.3349274
6562.94  0.2978447
6563.22  0.3292591
6563.51  0.410485
6563.79  0.5027787
6564.08  0.5841319
6564.36  0.6474823
6564.64  0.694279
6564.93  0.7274532
6565.21  0.7479373
6565.50  0.7637497
6565.78  0.7774522
6566.06  0.7913567
6566.35  0.8079859
6566.63  0.8173497
6566.92  0.8268797
6567.20  0.8360814
6567.48  0.8425823
6567.77  0.8472489
6568.05  0.853654
6568.34  0.8553265
6568.62  0.8495198
6568.90  0.8402193
6569.19  0.8323706
6569.47  0.8430167
6569.76  0.8598963
6570.04  0.8809535
6570.32  0.8913649
6570.61  0.8929477
6570.89  0.8973531
6571.18  0.9025377
6571.46  0.900757
6571.74  0.8883864
6572.03  0.8834004
6572.31  0.8977073
6572.60  0.9120374
6572.88  0.9134886
6573.17  0.9201885
6573.45  0.9278264
6573.73  0.9318117
6574.02  0.9260677
6574.30  0.9060754
6574.59  0.8804067
6574.87  0.8698113
6575.15  0.8880003
6575.44  0.9152846
6575.72  0.9356241
6576.01  0.9442231
6576.29  0.9497193
6576.57  0.9528975
6576.86  0.9566925
6577.14  0.9568908
6577.43  0.9580814
6577.71  0.9605909
6577.99  0.9613297
6578.28  0.960499
6578.56  0.9586432
6578.85  0.9634263
6579.13  0.9619732
6579.41  0.9623655
6579.70  0.963617
6579.98  0.9609399
6580.27  0.9529725
6580.55  0.9466892
6580.83  0.9499576
6581.12  0.9546905
6581.40  0.9600814
6581.69  0.9645814
6581.97  0.9685146
6582.25  0.9679017
6582.54  0.96811
6582.82  0.9660177
6583.11  0.9607098
6583.39  0.9562559
6583.67  0.9559344
6583.96  0.9604967
6584.24  0.9637972
6584.53  0.963462
6584.81  0.9636371
6585.09  0.9694952
6585.38  0.9719767
6585.66  0.9674284
6585.95  0.9576858
6586.23  0.9417576
6586.52  0.9364786
6586.80  0.9458288
6587.08  0.9545183
6587.37  0.955433
6587.65  0.9462317
6587.94  0.9494749
6588.22  0.9602814
6588.50  0.9739131
6588.79  0.9767938
6589.07  0.9823809
6589.36  0.9830991
6589.64  0.9832513
6589.92  0.9851993
6590.21  0.9805673
6590.49  0.9861823
6590.78  0.984542
6591.06  0.979754
6591.34  0.9757852
6591.63  0.9803919
6591.91  0.9798104
6592.20  0.971558
6592.48  0.9414085
6592.76  0.9037061
6593.05  0.8854998
6593.33  0.9005031
6593.62  0.9176014
6593.90  0.9176627
6594.18  0.9262818
6594.47  0.9513477
6594.75  0.9727035
6595.04  0.9847053
6595.32  0.988492
6595.60  0.994087
6595.89  0.989617
6596.17  0.9890369
6596.46  0.9910858
6596.74  0.9894819
6597.02  0.9844408
6597.31  0.9746882
6597.59  0.9664075
6597.88  0.9680583
6598.16  0.972078
6598.44  0.9761178
6598.73  0.9734082
6599.01  0.9740565
6599.30  0.9751593
6599.58  0.9836653
6599.87  0.9954479
6600.15  0.9991792
6600.43  0.9980049
6600.72  0.9935597
6601.00  0.9964489
6601.29  0.9940555
6601.57  0.9899514
6601.85  0.9864845
6602.14  0.9875753
6602.42  0.9884062
6602.71  0.9926173
6602.99  0.9933774
6603.27  0.9957775
6603.56  0.9936868
6603.84  0.9937693
6604.13  0.9861768
6604.41  0.9753274
6604.69  0.9649951
6604.98  0.9694005
6605.26  0.977169
6605.55  0.9867758
6605.83  0.9882523
6606.11  0.987431
6606.40  0.9885269
6606.68  0.9883488
6606.97  0.9829756
6607.25  0.9803908
6607.53  0.9854345
6607.82  0.9894029
6608.10  0.9906914
6608.39  0.9848955
6608.67  0.9799937
6608.95  0.9634129
6609.24  0.9505558
6609.52  0.9572544
6609.81  0.9725689
6610.09  0.9875212
6610.37  0.9922032
6610.66  0.9925866
6610.94  0.9908787
6611.23  0.9887611
6611.51  0.9885048
6611.79  0.9831121
6612.08  0.9861848
6612.36  0.9886972
6612.65  0.9889852
6612.93  0.9872604
6613.22  0.9874445
6613.50  0.9835417
6613.78  0.9792958
6614.07  0.983322
6614.35  0.9860392
6614.64  0.9912255
6614.92  0.9936911
6615.20  0.9910087
6615.49  0.9895289
6615.77  0.9913004
6616.06  0.9954869
6616.34  0.9928166
6616.62  0.9893053
6616.91  0.9937716
6617.19  0.9907607
6617.48  0.9890958
6617.76  0.9898651
6618.04  0.9948346
6618.33  0.9918684
6618.61  0.9944968
6618.90  0.9969902
6619.18  0.9921245
6619.46  0.9950199
6619.75  0.9964414
6620.03  0.9979085
6620.32  0.9960208
6620.60  0.99425
6620.88  0.9965178
6621.17  0.9945077
6621.45  0.9954834
6621.74  0.9944465
6622.02  0.9976321
6622.30  0.9951988
6622.59  0.9997075
6622.87  1.000243
6623.16  0.996642
6623.44  0.9989058
6623.72  1.000213
6624.01  0.9974075
6624.29  0.9970888
6624.58  0.9988525
6624.86  0.9939741
6625.15  0.9942437
6625.43  0.9980546
6625.71  0.9980614
6626.00  0.9918224
6626.28  0.9953346
6626.57  0.9932769
6626.85  0.9923778
6627.13  0.989224
6627.42  0.984405
6627.70  0.9803812
6627.99  0.9864675
6628.27  0.9929159
6628.55  0.9961566
6628.84  0.9946667
6629.12  0.9953493
6629.41  0.9971232
6629.69  0.9960606
6629.97  0.99418
6630.26  0.9967378
6630.54  0.9942719
6630.83  0.9966408
6631.11  0.9948397
6631.39  0.9891516
6631.68  0.9875352
6631.96  0.9866002
6632.25  0.9871691
6632.53  0.9879539
6632.81  0.9861004
6633.10  0.9806867
6633.38  0.9579833
6633.67  0.9295778
6633.95  0.9214655
6634.23  0.9344023
6634.52  0.95837
6634.80  0.9664829
6635.09  0.9736982
6635.37  0.9785733
6635.65  0.978654
6635.94  0.983286
6636.22  0.9908204
6636.51  0.9931368
6636.79  0.9998977
6637.07  0.9979206
6637.36  0.9989061
6637.64  0.9963807
6637.93  0.9965957
6638.21  0.9947034
6638.50  0.9929963
6638.78  0.9949489
6639.06  0.9954452
6639.35  0.9918301
6639.63  0.980028
6639.92  0.9836736
6640.20  0.9890835
6640.48  0.9944339
6640.77  0.9973784
6641.05  0.9974152
6641.34  0.9973501
6641.62  1.00275
6641.90  0.9988948
6642.19  0.9978305
6642.47  0.9955555
6642.76  0.9966438
6643.04  0.9873088
6643.32  0.9687917
6643.61  0.9483063
6643.89  0.9451471
6644.18  0.9647381
6644.46  0.9830835
6644.74  0.9971167
6645.03  0.9956733
6645.31  0.9941297
6645.60  1.000188
6645.88  1.001954
6646.16  1.000673
6646.45  1.002887
6646.73  1.001671
6647.02  0.998049
6647.30  0.9985922
6647.58  1.002497
6647.87  1.000397
6648.15  0.9997946
6648.44  0.9988908
6648.72  0.9978369
6649.00  0.9980458
6649.29  1.001
6649.57  1.002575
6649.86  1.001533
6650.14  1.002878
6650.42  1.003052
6650.71  0.9985772
6650.99  0.9987579
6651.28  0.9976927
6651.56  0.9980371
6651.85  0.9976202
6652.13  1.002966
6652.41  0.9965327
6652.70  0.9969838
6652.98  1.000209
6653.27  0.999734
6653.55  0.9991496
6653.83  0.9938245
6654.12  0.9938889
6654.40  0.9969732
6654.69  0.9994067
6654.97  1.001593
6655.25  0.9955027
6655.54  0.9927967
6655.82  0.9939725
6656.11  0.9978686
6656.39  1.000381
6656.67  1.001934
6656.96  1.001814
6657.24  1.003528
6657.53  1.004337
6657.81  1.001973
6658.09  1.003113
6658.38  1.00699
6658.66  1.00757
6658.95  1.008084
6659.23  1.006335
6659.51  1.004308
6659.80  1.006253
6660.08  1.004818
6660.37  1.004887
6660.65  1.000049
6660.93  0.9959747
6661.22  0.9918155
6661.50  0.9919707
6661.79  0.9940945
6662.07  0.9997686
6662.35  1.00318
6662.64  0.9973453
6662.92  0.9770795
6663.21  0.9452778
6663.49  0.9259212
6663.77  0.9406736
6664.06  0.9733979
6664.34  0.9911888
6664.63  0.9962751
6664.91  0.9989299
6665.20  0.9957481
6665.48  0.9948087
6665.76  0.9990197
6666.05  1.000875
6666.33  1.000486
6666.62  0.9970024
6666.90  0.9985424
6667.18  0.9987522
6667.47  0.9954499
6667.75  1.000985
6668.04  0.9985374
6668.32  0.9932132
6668.60  0.9947155
6668.89  0.9946178
6669.17  0.9938421
6669.46  0.9951109
6669.74  0.998199
6670.02  0.9998342
6670.31  1.001115
6670.59  1.002198
6670.88  1.000451
6671.16  0.9964737
6671.44  0.9975904
6671.73  0.9977282
6672.01  0.9953653
6672.30  0.9965719
6672.58  0.9970515
6672.86  0.9970626
6673.15  0.9985336
6673.43  0.9981481
6673.72  0.9985095
6674.00  0.998657
6674.28  0.9992806
6674.57  1.001434
6674.85  1.000578
6675.14  0.9996288
6675.42  1.000329
6675.70  1.000157
6675.99  0.9997815
6676.27  0.9987558
6676.56  0.9992496
6676.84  0.9979831
6677.12  0.9945937
6677.41  0.9796072
6677.69  0.9478098
6677.98  0.9088783
6678.26  0.9032633
6678.55  0.9403928
6678.83  0.9760872
6679.11  0.9895673
6679.40  0.9950382
6679.68  0.9967093
6679.97  0.9934611
6680.25  0.9910286
6680.53  0.9950048
6680.82  1.001343
6681.10  1.002583
6681.39  1.000668
6681.67  0.9988898
6681.95  1.002406
6682.24  1.001766
6682.52  1.000114
6682.81  1.002851
6683.09  1.00205
6683.37  1.003776
6683.66  0.9970054
6683.94  0.9979892
6684.23  0.9993237
6684.51  0.9996578
6684.79  1.002287
6685.08  1.005565
6685.36  1.003115
6685.65  1.005586
6685.93  1.005196
6686.21  1.005077
6686.50  1.004894
6686.78  1.004283
6687.07  1.005174
6687.35  1.001235
6687.63  0.9996744
6687.92  0.9997002
6688.20  0.9994476
6688.49  1.000913
6688.77  0.9999917
6689.05  0.9997462
6689.34  0.9981276
6689.62  0.9996223
6689.91  1.000271
6690.19  0.9976762
6690.48  0.9989505
6690.76  0.99913
6691.04  0.9960325
6691.33  1.002082
6691.61  1.000539
6691.90  0.9980874
6692.18  0.995427
6692.46  0.9977189
6692.75  1.001464
6693.03  0.9970371
6693.32  0.9966459
6693.60  0.9996691
6693.88  1.000012
6694.17  0.998708
6694.45  1.000506
6694.74  1.001837
6695.02  1.003
6695.30  0.9973486
6695.59  0.9927993
6695.87  0.9859135
6696.16  0.9733321
6696.44  0.9751179
6696.72  0.980775
6697.01  0.9874582
6697.29  0.9952741
6697.58  0.9967847
6697.86  0.9941846
6698.14  0.9981254
6698.43  0.9925402
6698.71  0.987254
6699.00  0.9874462
6699.28  0.9911163
6699.56  0.9939362
6699.85  0.9979452
6700.13  0.9977072
6700.42  0.998898
6700.70  0.9961788
6700.98  0.9989598
6701.27  1.000285
6701.55  0.9977897
6701.84  0.9991649
6702.12  1.004415
6702.40  1.000829
6702.69  0.9987305
6702.97  1.000419
6703.26  0.994224
6703.54  0.9867979
6703.83  0.9848419
6704.11  0.9872023
6704.39  0.9916089
6704.68  0.9885743
6704.96  0.975091
6705.25  0.9662822
6705.53  0.9768565
6705.81  0.9924004
6706.10  0.9966477
6706.38  0.998557
6706.67  0.998093
6706.95  0.9990718
6707.23  0.9972906
6707.52  0.9942954
6707.80  0.9907089
6708.09  0.9870502
6708.37  0.9916112
6708.65  0.9982615
6708.94  0.9994406
6709.22  1.004101
6709.51  1.000419
6709.79  1.001289
6710.07  1.000743
6710.36  0.9994665
6710.64  0.9984667
6710.93  0.9993208
6711.21  1.001332
6711.49  1.000096
6711.78  0.9969801
6712.06  1.000935
6712.35  0.9992597
6712.63  0.9961457
6712.91  0.9859796
6713.20  0.9813193
6713.48  0.9799138
6713.77  0.9813809
6714.05  0.9864245
6714.33  0.9938578
6714.62  1.000133
6714.90  0.9971542
6715.19  0.9865516
6715.47  0.9865811
6715.75  0.9860124
6716.04  0.9811558
6716.32  0.9845194
6716.61  0.9898888
6716.89  0.987829
6717.18  0.9744722
6717.46  0.9391031
6717.74  0.9041173
6718.03  0.9100778
6718.31  0.948937
6718.60  0.9800724
6718.88  0.9906134
6719.16  0.9916735
6719.45  0.9881393
6719.73  0.9869608
6720.02  0.9880159
6720.30  0.9895965
6720.58  0.9895914
6720.87  0.994873
6721.15  0.9937182
6721.44  0.9824856
6721.72  0.9684496
6722.00  0.9613363
6722.29  0.9674706
6722.57  0.9820814
6722.86  0.9912019
6723.14  0.9943135
6723.42  0.9950504
6723.71  0.9966043
6723.99  0.9996093
6724.28  0.9988009
6724.56  0.9952248
6724.84  0.9962494
6725.13  0.9959161
6725.41  0.9917204
6725.70  0.9912766
6725.98  0.9935575
6726.26  0.991364
6726.55  0.9757119
6726.83  0.9670916
6727.12  0.9762307
6727.40  0.9907808
6727.68  1.000958
6727.97  1.004179
6728.25  1.002904
6728.54  1.005298
6728.82  1.002265
6729.10  0.9966332
6729.39  0.9980674
6729.67  0.9982323
6729.96  1.003234
6730.24  1.000118
6730.53  1.000948
6730.81  1.006979
6731.09  1.005099
6731.38  1.005012
6731.66  1.003403
6731.95  1.002229
6732.23  1.002701
6732.51  1.001743
6732.80  0.9991679
6733.08  0.9934574
6733.37  0.9905689
6733.65  0.9933007
6733.93  0.9945663
6734.22  0.9997329
6734.50  1.00094
6734.79  0.9999934
6735.07  0.9986401
6735.35  0.997789
6735.64  0.9976344
6735.92  0.9994992
6736.21  0.9979625
6736.49  1.001571
6736.77  1.000839
6737.06  0.9977466
6737.34  0.9988942
6737.63  0.9970537
6737.91  0.9938349
6738.19  0.9880382
6738.48  0.9885311
6738.76  0.9879821
6739.05  0.9905478
6739.33  0.9959284
6739.61  1.001536
6739.90  0.9995921
6740.18  0.9972883
6740.47  1.001658
6740.75  1.002966
6741.03  1.0014
6741.32  0.9949437
6741.60  0.9891836
6741.89  0.9932269
6742.17  0.9971319
6742.45  0.99725
6742.74  0.9959824
6743.02  0.9930782
6743.31  0.9877266
6743.59  0.9817247
6743.88  0.9819925
6744.16  0.9894511
6744.44  0.9968266
6744.73  0.9965208
6745.01  0.9939837
6745.30  0.9939104
6745.58  0.9931546
6745.86  0.9928721
6746.15  0.9949664
6746.43  0.9962319
6746.72  0.9974006
6747.00  0.9980261
6747.28  0.9954729
6747.57  0.9964466
6747.85  0.9945585
6748.14  0.9844604
6748.42  0.9768066
6748.70  0.9657562
6748.99  0.9648425
6749.27  0.9754746
6749.56  0.9826203
6749.84  0.9767458
6750.12  0.9590859
6750.41  0.9541638
6750.69  0.9685757
6750.98  0.9886513
6751.26  0.9987381
6751.54  0.9967085
6751.83  0.9975664
6752.11  0.9969389
6752.40  0.9897563
6752.68  0.9796987
6752.96  0.9788736
6753.25  0.9837957
6753.53  0.9940622
6753.82  0.9994737
6754.10  0.9997396
6754.38  1.002341
6754.67  0.9984764
6754.95  0.9977321
6755.24  0.9987101
6755.52  0.995527
6755.80  0.9959851
6756.09  0.9967462
6756.37  0.9981614
6756.66  0.9890393
6756.94  0.9738896
6757.23  0.9636781
6757.51  0.9665343
6757.79  0.9821083
6758.08  0.9929658
6758.36  0.9961559
6758.65  1.000095
6758.93  0.9988213
6759.21  0.9980994
6759.50  0.9960842
6759.78  0.9967414
6760.07  1.000827
6760.35  1.000106
6760.63  1.001307
6760.92  0.9986454
6761.20  0.9969315
6761.49  1.002798
6761.77  1.001027
6762.05  1.001311
6762.34  0.9986824
6762.62  1.00046
6762.91  0.9957601
6763.19  0.9968805
6763.47  0.9894715
