3941.90  0.9952919
3942.47  1.006281
3943.04  1.008537
3943.61  1.007182
3944.18  1.003872
3944.75  1.0014
3945.32  0.990854
3945.89  0.981783
3946.46  0.9860727
3947.03  0.9989473
3947.60  0.9972262
3948.17  0.9987888
3948.74  0.9982429
3949.31  0.9997739
3949.88  1.00238
3950.45  0.9983112
3951.02  0.9967418
3951.59  1.001974
3952.16  0.9937674
3952.73  0.9893578
3953.30  0.9918697
3953.87  0.9893096
3954.44  0.9760664
3955.01  0.95943
3955.58  0.9625512
3956.15  0.9736416
3956.72  0.9770976
3957.29  0.9831064
3957.86  0.9899852
3958.43  0.9920306
3959.00  0.9906341
3959.57  0.9887311
3960.14  0.9877945
3960.71  0.9826192
3961.28  0.9749797
3961.85  0.9661398
3962.42  0.9552283
3962.99  0.9472609
3963.56  0.9323732
3964.13  0.9065735
3964.70  0.8543639
3965.27  0.7964851
3965.84  0.7887073
3966.41  0.8123701
3966.98  0.8133088
3967.55  0.784367
3968.12  0.741716
3968.69  0.6836181
3969.26  0.6247296
3969.83  0.5756231
3970.40  0.5330223
3970.97  0.5240067
3971.54  0.563796
3972.11  0.6292343
3972.68  0.6904584
3973.25  0.7310546
3973.82  0.7648681
3974.39  0.8043516
3974.96  0.8392758
3975.53  0.8673563
3976.10  0.8920777
3976.67  0.9117813
3977.24  0.9233307
3977.81  0.9329543
3978.38  0.9444315
3978.95  0.9494631
3979.52  0.95843
3980.09  0.9620215
3980.66  0.9670103
3981.23  0.9720548
3981.80  0.9736077
3982.37  0.9758315
3982.94  0.9680638
3983.51  0.9607487
3984.08  0.967044
3984.65  0.9762406
3985.22  0.9843336
3985.79  0.9869989
3986.36  0.9870119
3986.93  0.9864629
3987.50  0.9934208
3988.07  0.9955949
3988.64  0.9956172
3989.21  0.9961374
3989.78  0.9982496
3990.35  1.000109
3990.92  1.001195
3991.49  1.002048
3992.06  0.995612
3992.63  1.000344
3993.20  1.000787
3993.77  0.999078
3994.34  0.9885679
3994.91  0.97063
3995.48  0.9466062
3996.05  0.9448609
3996.62  0.9735135
3997.19  0.9927542
3997.76  0.9987431
3998.33  0.9948989
3998.90  0.9921684
3999.47  0.996986
4000.04  0.996897
4000.61  0.9984292
4001.18  0.9999711
4001.75  0.9993209
4002.32  0.9991327
4002.89  1.001242
4003.46  1.000357
4004.03  0.9966327
4004.60  0.9964268
4005.17  0.9968812
4005.74  0.9859724
4006.31  0.9855073
4006.88  0.9857659
4007.45  0.9751964
4008.02  0.9570609
4008.59  0.9287478
4009.16  0.8821595
4009.73  0.8243048
4010.30  0.8043162
4010.87  0.8550168
4011.44  0.9211958
4012.01  0.964494
4012.58  0.9835386
4013.15  0.9897452
4013.72  0.9933417
4014.29  0.9943733
4014.86  0.994998
4015.43  0.9962929
4016.00  0.9991238
4016.57  0.9962744
4017.14  0.9984242
4017.71  1.001991
4018.28  0.9983404
4018.85  0.9995705
4019.42  0.9967215
4019.99  0.9964024
4020.56  0.9980109
4021.13  0.9926636
4021.70  0.9939885
4022.27  0.9881207
4022.84  0.9777195
4023.40  0.965663
4023.97  0.9455961
4024.54  0.9130418
4025.11  0.8733383
4025.68  0.8148733
4026.25  0.7328902
4026.82  0.6699038
4027.39  0.6960416
4027.96  0.793642
4028.53  0.8837082
4029.10  0.9354709
4029.67  0.9612718
4030.24  0.9820819
4030.81  0.9900099
4031.38  0.9933409
4031.95  0.9985431
4032.52  1.000529
4033.09  0.999503
4033.66  0.9996569
4034.23  0.9923435
4034.80  0.9938506
4035.37  0.9910249
4035.94  0.9819376
4036.51  0.9864842
4037.08  0.9983981
4037.65  1.004387
4038.22  1.00284
4038.79  1.009
4039.36  1.005015
4039.93  1.000912
4040.50  1.00093
4041.07  1.00026
4041.64  0.9911954
4042.21  0.9894288
4042.78  0.996962
4043.35  1.001762
4043.92  1.000061
4044.49  0.9974408
4045.06  1.003472
4045.63  1.00582
4046.20  1.005592
4046.77  1.010672
4047.34  1.012893
4047.91  1.010564
4048.48  1.00606
4049.05  1.007521
4049.62  1.007936
4050.19  1.013129
4050.76  1.013326
4051.33  1.008584
4051.90  1.008817
4052.47  1.009527
4053.04  1.009632
4053.61  1.000274
4054.18  1.000692
4054.75  1.002349
4055.32  1.000039
4055.89  1.003547
4056.46  1.00988
4057.03  1.010499
4057.60  1.005137
4058.17  1.00658
4058.74  1.009162
4059.31  1.005371
4059.88  1.006707
4060.45  1.006124
4061.02  1.001752
4061.59  0.9986615
4062.16  1.003883
4062.73  1.006611
4063.30  1.013619
4063.87  1.008088
4064.44  1.012739
4065.01  1.017635
4065.58  1.013753
4066.15  1.014301
4066.72  1.019559
4067.29  1.01746
4067.86  1.019795
4068.43  1.017842
4069.00  1.00975
4069.57  0.997865
4070.14  0.9698641
4070.71  0.9465907
4071.28  0.964189
4071.85  0.9831043
4072.42  0.9753363
4072.99  0.958658
4073.56  0.9710703
4074.13  0.9925013
4074.70  0.998059
4075.27  0.9843668
4075.84  0.9640813
4076.41  0.9386427
4076.98  0.9327203
4077.55  0.9657408
4078.12  0.9932498
4078.69  0.9995613
4079.26  0.9942265
4079.83  0.9908907
4080.40  0.9954635
4080.97  1.00143
4081.54  0.9954115
4082.11  0.994725
4082.68  0.9979799
4083.25  0.9998313
4083.82  0.9961647
4084.39  0.9945083
4084.96  0.9856352
4085.53  0.9738789
4086.10  0.9713832
4086.67  0.9844351
4087.24  0.9892363
4087.81  0.9819082
4088.38  0.9805198
4088.95  0.980398
4089.52  0.9673251
4090.09  0.9546725
4090.66  0.961826
4091.23  0.975018
4091.80  0.9760382
4092.37  0.9721105
4092.94  0.9611352
4093.51  0.9534062
4094.08  0.9467871
4094.65  0.9393698
4095.22  0.9309453
4095.79  0.9233957
4096.36  0.9075329
4096.93  0.8878632
4097.50  0.8675698
4098.07  0.8477455
4098.64  0.8262649
4099.21  0.8013281
4099.78  0.7699155
4100.35  0.7273776
4100.92  0.6762647
4101.49  0.6141004
4102.06  0.5479185
4102.63  0.5098855
4103.20  0.5368205
4103.77  0.6053916
4104.34  0.6722839
4104.91  0.7215773
4105.48  0.7605129
4106.05  0.7954674
4106.62  0.8300737
4107.19  0.8577991
4107.76  0.8816445
4108.33  0.9015946
4108.90  0.9138082
4109.47  0.9283385
4110.04  0.9405525
4110.61  0.9428821
4111.18  0.9449144
4111.75  0.9468449
4112.32  0.9515287
4112.89  0.9540877
4113.46  0.9614659
4114.03  0.9723555
4114.59  0.9770163
4115.16  0.9812543
4115.73  0.9853925
4116.30  0.9859754
4116.87  0.9863999
4117.44  0.9916528
4118.01  0.9921525
4118.58  0.9900346
4119.15  0.9780709
4119.72  0.9522254
4120.29  0.9281237
4120.86  0.8997363
4121.43  0.8538794
4122.00  0.8506098
4122.57  0.9053627
4123.14  0.9537337
4123.71  0.97754
4124.28  0.9943489
4124.85  0.9984921
4125.42  1.000486
4125.99  1.000558
4126.56  1.000266
4127.13  1.001272
4127.70  0.9948189
4128.27  0.9787074
4128.84  0.9611526
4129.41  0.9645181
4129.98  0.9774499
4130.55  0.9854807
4131.12  0.9798432
4131.69  0.9621781
4132.26  0.9622112
4132.83  0.9753927
4133.40  0.9795007
4133.97  0.9842061
4134.54  0.995303
4135.11  0.9961646
4135.68  0.9995744
4136.25  1.003603
4136.82  1.002993
4137.39  0.9994808
4137.96  0.9917568
4138.53  0.9845848
4139.10  0.981423
4139.67  0.9830698
4140.24  0.9773419
4140.81  0.9743595
4141.38  0.9695197
4141.95  0.9643803
4142.52  0.9542893
4143.09  0.9307416
4143.66  0.8791783
4144.23  0.8055567
4144.80  0.764585
4145.37  0.8090826
4145.94  0.8835073
4146.51  0.9353116
4147.08  0.9606648
4147.65  0.9763626
4148.22  0.9905565
4148.79  0.995378
4149.36  0.9985169
4149.93  0.9924729
4150.50  0.9841445
4151.07  0.9767479
4151.64  0.9873158
4152.21  0.9956153
4152.78  0.9949387
4153.35  0.9834787
4153.92  0.96272
4154.49  0.9587137
4155.06  0.9771231
4155.63  0.9914738
4156.20  0.9942395
4156.77  0.9908756
4157.34  0.9923846
4157.91  0.9928852
4158.48  0.9990437
4159.05  1.000305
4159.62  0.9987103
4160.19  0.9989127
4160.76  0.9989851
4161.33  1.003971
4161.90  0.9977483
4162.47  0.9924951
4163.04  0.9873833
4163.61  0.9797075
4164.18  0.9823246
4164.75  0.9859226
4165.32  0.9764535
4165.89  0.9707655
4166.46  0.9783028
4167.03  0.9874198
4167.60  0.9881289
4168.17  0.9843753
4168.74  0.9801922
4169.31  0.9603081
4169.88  0.9395032
4170.45  0.9502113
4171.02  0.9768285
4171.59  0.9900365
4172.16  0.9909359
4172.73  0.9901213
4173.30  0.9905151
4173.87  0.9914693
4174.44  0.9874032
4175.01  0.97974
4175.58  0.9791566
4176.15  0.9856148
4176.72  0.9851435
4177.29  0.9838089
4177.86  0.9857734
4178.43  0.9908652
4179.00  0.9962969
4179.57  0.9940418
4180.14  0.9892983
4180.71  0.9889713
4181.28  0.9916427
4181.85  0.9935315
4182.42  0.9930589
4182.99  0.9939123
4183.56  0.9969113
4184.13  0.9968561
4184.70  0.9934469
4185.27  0.9895774
4185.84  0.9849089
4186.41  0.9770915
4186.98  0.9784533
4187.55  0.9897546
4188.12  0.9953948
4188.69  0.9960537
4189.26  0.9947606
4189.83  0.9863094
4190.40  0.9721994
4190.97  0.9712261
4191.54  0.9837376
4192.11  0.9949663
4192.68  0.9954763
4193.25  0.991663
4193.82  0.9890448
4194.39  0.9917002
4194.96  0.9907702
4195.53  0.9926805
4196.10  0.9926417
4196.67  0.9911819
4197.24  0.9902512
4197.81  0.9899513
4198.38  0.9920944
4198.95  0.9917744
4199.52  0.9965968
4200.09  0.9979082
4200.66  0.9912894
4201.23  0.9925874
4201.80  0.9955614
4202.37  0.9970949
4202.94  0.9963961
4203.51  0.9963921
4204.08  0.9967737
4204.65  0.9969032
4205.22  0.9926616
4205.78  0.9939198
4206.35  0.9997444
4206.92  0.9977092
4207.49  0.9958401
4208.06  0.9969211
4208.63  0.9952407
4209.20  0.9970142
4209.77  0.9963932
4210.34  0.9960162
4210.91  0.9954689
4211.48  0.9933155
4212.05  0.9918046
4212.62  0.9944776
4213.19  0.9973127
4213.76  0.9956783
4214.33  0.9980718
4214.90  0.9985956
4215.47  0.9991553
4216.04  0.995152
4216.61  0.9965491
4217.18  0.9971635
4217.75  0.994637
4218.32  0.9947033
4218.89  0.9965159
4219.46  0.9964403
4220.03  0.9971617
4220.60  0.9956614
4221.17  0.9964594
4221.74  0.9988108
4222.31  0.9933923
4222.88  0.9854261
4223.45  0.9889387
4224.02  0.9947677
4224.59  0.999267
4225.16  0.9985217
4225.73  1.001398
4226.30  0.9997263
4226.87  0.9993063
4227.44  0.9979389
4228.01  0.9932723
4228.58  0.9880868
4229.15  0.9915738
4229.72  0.9987088
4230.29  1.00081
4230.86  1.001011
4231.43  1.002043
4232.00  0.9990894
4232.57  0.9996219
4233.14  0.9996361
4233.71  1.000227
4234.28  1.000872
4234.85  1.001289
4235.42  0.9994411
4235.99  0.9976567
4236.56  0.99348
4237.13  0.9900295
4237.70  0.9817902
4238.27  0.9821053
4238.84  0.9908645
4239.41  0.9933953
4239.98  0.9979233
4240.55  0.9996992
4241.12  0.9992321
4241.69  0.994885
4242.26  0.9821377
4242.83  0.9782335
4243.40  0.9853332
4243.97  0.9946438
4244.54  1.000389
4245.11  1.000514
4245.68  1.001433
4246.25  1.003093
4246.82  1.000863
4247.39  0.9998292
4247.96  0.9955295
4248.53  0.9993918
4249.10  0.9999222
4249.67  0.9984096
4250.24  0.9981547
4250.81  1.00175
4251.38  1.004502
4251.95  1.002619
4252.52  1.001591
4253.09  1.000309
4253.66  0.9867141
4254.23  0.967667
4254.80  0.9606606
4255.37  0.9755907
4255.94  0.9968334
4256.51  1.003996
4257.08  1.006251
4257.65  1.000239
4258.22  0.9992838
4258.79  1.003477
4259.36  1.001416
4259.93  1.002955
4260.50  1.002557
4261.07  1.003604
4261.64  1.003764
4262.21  1.000297
4262.78  1.001863
4263.35  1.004493
4263.92  1.004715
4264.49  1.000917
4265.06  1.001324
4265.63  1.003949
4266.20  0.9967666
4266.77  0.9790189
4267.34  0.930894
4267.91  0.8755738
4268.48  0.8785241
4269.05  0.9360505
4269.62  0.9796443
4270.19  0.9922017
4270.76  0.9943662
4271.33  0.9989841
4271.90  1.000611
4272.47  0.9972618
4273.04  0.9949571
4273.61  0.9941918
4274.18  0.9910114
4274.75  0.9870991
4275.32  0.989941
4275.89  0.9862009
4276.46  0.9786265
4277.03  0.9707809
4277.60  0.9716026
4278.17  0.9749346
4278.74  0.9783052
4279.31  0.9835601
4279.88  0.9934952
4280.45  0.9991293
4281.02  0.9986787
4281.59  0.9957204
4282.16  0.9943703
4282.73  0.9904163
4283.30  0.9880396
4283.87  0.9846165
4284.44  0.9811961
4285.01  0.9799032
4285.58  0.9759275
4286.15  0.9727817
4286.72  0.9792807
4287.29  0.9908918
4287.86  0.9961148
4288.43  1.00223
4289.00  1.000843
4289.57  0.9977844
4290.14  0.9990393
4290.71  0.9991328
4291.28  1.001463
4291.85  0.9957257
4292.42  0.9888297
4292.99  0.9902881
4293.56  0.9934826
4294.13  0.9960046
4294.70  0.9915252
4295.27  0.9850977
4295.84  0.9872925
4296.41  0.9950442
4296.98  1.000229
4297.54  0.9995753
4298.11  1.003169
4298.68  1.006336
4299.25  1.009904
4299.82  1.009711
4300.39  1.010182
4300.96  1.009043
4301.53  1.00936
4302.10  1.006314
4302.67  1.00334
4303.24  1.002067
4303.81  0.9922416
4304.38  0.9843805
4304.95  0.9811612
4305.52  0.9854967
4306.09  0.9918641
4306.66  0.994518
4307.23  1.00127
4307.80  1.001082
4308.37  0.9991562
4308.94  1.004152
4309.51  1.003217
4310.08  1.002731
4310.65  0.9991758
4311.22  0.9955667
4311.79  0.9977441
4312.36  0.9997346
4312.93  0.9984264
4313.50  0.9985553
4314.07  0.9965124
4314.64  0.9957862
4315.21  1.000928
4315.78  0.9973931
4316.35  0.9922866
4316.92  0.9866623
4317.49  0.9748098
4318.06  0.9593294
4318.63  0.9627017
4319.20  0.9779251
4319.77  0.9739208
4320.34  0.9572162
4320.91  0.9616054
4321.48  0.9798286
4322.05  0.9921651
4322.62  0.9956516
4323.19  0.994772
4323.76  0.9920457
4324.33  0.99227
4324.90  0.9899993
4325.47  0.9860276
4326.04  0.9823832
4326.61  0.9720536
4327.18  0.9708554
4327.75  0.9745557
4328.32  0.9783908
4328.89  0.9745532
4329.46  0.9688988
4330.03  0.9683684
4330.60  0.9630417
4331.17  0.957898
4331.74  0.949853
4332.31  0.9431304
4332.88  0.936528
4333.45  0.9288213
4334.02  0.9225852
4334.59  0.9177315
4335.16  0.9080949
4335.73  0.8945373
4336.30  0.8786033
4336.87  0.8538361
4337.44  0.8255545
4338.01  0.7955971
4338.58  0.7645933
4339.15  0.7273676
4339.72  0.6733816
4340.29  0.6082352
4340.86  0.543709
4341.43  0.5155979
4342.00  0.5456129
4342.57  0.6149351
4343.14  0.681955
4343.71  0.7342508
4344.28  0.7757281
4344.85  0.8075765
4345.42  0.8285469
4345.99  0.8417209
4346.56  0.8570383
4347.13  0.8763366
4347.70  0.8919389
4348.27  0.8960983
4348.84  0.8989105
4349.41  0.8985419
4349.98  0.8913238
4350.55  0.8964568
4351.12  0.9195238
4351.69  0.9313879
4352.26  0.9351938
4352.83  0.9474467
4353.40  0.9590077
4353.97  0.9640893
4354.54  0.9725481
4355.11  0.9778061
4355.68  0.9771216
4356.25  0.9803746
4356.82  0.9858897
4357.39  0.9890351
4357.96  0.9886777
4358.53  0.9881153
4359.10  0.9918188
4359.67  0.9920098
4360.24  0.9908733
4360.81  0.9951406
4361.38  0.993196
4361.95  0.9922386
4362.52  0.9867698
4363.09  0.9866902
4363.66  0.9941624
4364.23  0.9947602
4364.80  0.9961997
4365.37  0.9930454
4365.94  0.9895533
4366.51  0.987622
4367.08  0.9744322
4367.65  0.9615198
4368.22  0.9633778
4368.79  0.9801929
4369.36  0.9887986
4369.93  0.9887782
4370.50  0.991143
4371.07  0.9904014
4371.64  0.9858163
4372.21  0.9769194
4372.78  0.96578
4373.35  0.9611961
4373.92  0.9708979
4374.49  0.9793445
4375.06  0.9815535
4375.63  0.9881302
4376.20  0.993567
4376.77  0.9958507
4377.34  0.9969687
4377.91  0.9981811
4378.48  0.9962643
4379.05  0.9952826
4379.62  0.9911132
4380.19  0.9935535
4380.76  0.9957386
4381.33  0.9961935
4381.90  0.9971954
4382.47  0.9963484
4383.04  0.9924285
4383.61  0.989049
4384.18  0.9893355
4384.75  0.9873924
4385.32  0.9862539
4385.89  0.9816354
4386.46  0.9713094
4387.03  0.9424309
4387.60  0.8884788
4388.17  0.8077523
4388.73  0.7590768
4389.30  0.7853673
4389.87  0.8627075
4390.44  0.9294314
4391.01  0.9614115
4391.58  0.9741309
4392.15  0.9799775
4392.72  0.9879415
4393.29  0.9929415
4393.86  0.9951943
4394.43  0.9978717
4395.00  0.9947515
4395.57  0.9888186
4396.14  0.9807897
4396.71  0.9737188
4397.28  0.979267
4397.85  0.9913366
4398.42  0.9962689
4398.99  1.000186
4399.56  1.000622
4400.13  1.000016
4400.70  0.9992418
4401.27  1.000357
4401.84  0.9982517
4402.41  0.9996896
4402.98  0.9998202
4403.55  1.003287
4404.12  1.000369
4404.69  0.9984783
4405.26  0.9987912
4405.83  0.999728
4406.40  0.9973855
4406.97  0.9984948
4407.54  0.9968949
4408.11  0.9983187
4408.68  1.000013
4409.25  0.9988959
4409.82  0.9945523
4410.39  0.9885861
4410.96  0.9849191
4411.53  0.9778867
4412.10  0.973444
4412.67  0.9797522
4413.24  0.9887714
4413.81  0.9908949
4414.38  0.9873863
4414.95  0.9690737
4415.52  0.9456208
4416.09  0.9423004
4416.66  0.9563052
4417.23  0.9574671
4417.80  0.9514749
4418.37  0.9590827
4418.94  0.9764421
4419.51  0.9786341
4420.08  0.9711705
4420.65  0.9715455
4421.22  0.9809134
4421.79  0.9902308
4422.36  0.9947927
4422.93  0.9953766
4423.50  0.9942736
4424.07  0.9952017
4424.64  0.9941744
4425.21  0.9931171
4425.78  0.9883167
4426.35  0.9813328
4426.92  0.9793677
4427.49  0.9800895
4428.06  0.979845
4428.63  0.9809744
4429.20  0.9826359
4429.77  0.9848421
4430.34  0.9863217
4430.91  0.976399
4431.48  0.9702439
4432.05  0.9728066
4432.62  0.9743935
4433.19  0.9731928
4433.76  0.9743115
4434.33  0.9820652
4434.90  0.9881814
4435.47  0.9923575
4436.04  0.9894157
4436.61  0.9884959
4437.18  0.9763324
4437.75  0.9480395
4438.32  0.9317886
4438.89  0.9419771
4439.46  0.9692259
4440.03  0.9867867
4440.60  0.9902757
4441.17  0.9916529
4441.74  0.9944139
4442.31  0.9942246
4442.88  0.9895918
4443.45  0.9867874
4444.02  0.989244
4444.59  0.9941825
4445.16  0.9964228
4445.73  0.9951491
4446.30  0.9937923
4446.87  0.9866261
4447.44  0.9727038
4448.01  0.9652361
4448.58  0.9737097
4449.15  0.9820791
4449.72  0.9886715
4450.29  0.9943304
4450.86  0.9954772
4451.43  0.9961004
4452.00  0.9956188
4452.57  0.9879111
4453.14  0.9831321
4453.71  0.9872518
4454.28  0.9939225
4454.85  1.000636
4455.42  1.001659
4455.99  0.9996466
4456.56  1.000166
4457.13  0.9996423
4457.70  1.000758
4458.27  1.001355
4458.84  1.002598
4459.41  1.000883
4459.98  0.9987234
4460.55  0.9977683
4461.12  0.9964929
4461.69  0.9977145
4462.26  0.9966384
4462.83  0.9972066
4463.40  0.9954773
4463.97  0.9887192
4464.54  0.9866469
4465.11  0.986417
4465.68  0.9841315
4466.25  0.9819391
4466.82  0.9794211
4467.39  0.9752102
4467.96  0.9708467
4468.53  0.963537
4469.10  0.9493968
4469.67  0.9249106
4470.24  0.8894054
4470.81  0.8406403
4471.38  0.7737662
4471.95  0.7057015
4472.52  0.6940176
4473.09  0.7610422
4473.66  0.8540946
4474.23  0.9191955
4474.80  0.9532421
4475.37  0.9706809
4475.94  0.9814988
4476.51  0.9875901
4477.08  0.9906729
4477.65  0.9886249
4478.22  0.9859586
4478.79  0.9863139
4479.36  0.9852772
4479.93  0.9760545
4480.49  0.9584524
4481.06  0.9272488
4481.63  0.8945856
4482.20  0.891944
4482.77  0.9303175
4483.34  0.9672119
4483.91  0.9876812
4484.48  0.9952725
4485.05  0.9983638
4485.62  0.99721
4486.19  1.00034
4486.76  1.000981
4487.33  0.9969556
4487.90  0.9988829
4488.47  0.9984115
4489.04  0.9946756
4489.61  0.9960071
4490.18  0.9952379
4490.75  0.9932694
4491.32  0.9939997
4491.89  0.9939023
4492.46  0.9943084
4493.03  0.9976698
4493.60  1.000892
4494.17  0.9994593
4494.74  1.001834
4495.31  1.002297
4495.88  1.001016
4496.45  1.001321
4497.02  1.001677
4497.59  1.003281
4498.16  1.003552
4498.73  1.000879
4499.30  0.9992751
4499.87  1.001078
4500.44  1.000095
4501.01  0.9992937
4501.58  0.9983696
4502.15  0.9992949
4502.72  0.9972521
4503.29  0.9994839
4503.86  0.9986946
4504.43  0.9981595
4505.00  0.9983683
4505.57  0.9986333
4506.14  0.9976688
4506.71  0.9966455
4507.28  0.9984245
4507.85  0.9965683
4508.42  0.9963161
4508.99  0.9955553
4509.56  0.9984883
4510.13  0.9988458
4510.70  0.9999887
4511.27  0.9992669
4511.84  0.9964914
4512.41  0.98668
4512.98  0.9776238
4513.55  0.9734865
4514.12  0.9814146
4514.69  0.9935747
4515.26  0.9992594
4515.83  0.9988717
4516.40  0.9992537
4516.97  1.002674
4517.54  1.000432
4518.11  1.00041
4518.68  0.9999564
4519.25  0.9970253
4519.82  0.9990585
4520.39  1.000571
4520.96  1.0029
4521.53  1.001895
4522.10  1.00141
4522.67  1.001499
4523.24  1.000973
4523.81  0.9986311
4524.38  0.9979181
4524.95  0.9958066
4525.52  0.9938948
4526.09  0.9952193
4526.66  0.9980027
4527.23  1.000543
4527.80  1.000862
4528.37  0.9963643
4528.94  0.9840987
4529.51  0.9658195
4530.08  0.9598843
4530.65  0.9674628
4531.22  0.9776915
4531.79  0.9861366
4532.36  0.9936669
4532.93  0.9988043
4533.50  1.000983
4534.07  0.9995521
4534.64  1.000666
4535.21  1.003512
4535.78  1.0028
4536.35  0.9996411
4536.92  1.000978
4537.49  1.00482
4538.06  1.003825
4538.63  1.001347
4539.20  1.002545
4539.77  1.003289
4540.34  1.000437
4540.91  0.9982712
4541.48  0.9992025
4542.05  0.9993327
4542.62  0.9988497
4543.19  1.000404
4543.76  0.9998623
4544.33  0.9967511
4544.90  0.9953673
4545.47  0.9970573
4546.04  0.996557
4546.61  0.9985362
4547.18  0.9992455
4547.75  0.9991666
4548.32  0.9994773
4548.89  0.9996904
4549.46  0.998786
4550.03  0.994292
4550.60  0.994236
4551.17  0.9966043
4551.74  0.9850795
4552.31  0.9555917
4552.88  0.9056745
4553.45  0.8813841
4554.02  0.9103708
4554.59  0.9538437
4555.16  0.9845369
4555.73  0.9939549
4556.30  0.9999498
4556.87  0.9993327
4557.44  0.9994345
4558.01  0.9990171
4558.58  0.9964603
4559.15  0.9972042
4559.72  0.9990417
4560.29  0.9979662
4560.86  0.9995243
4561.43  1.000676
4562.00  0.9990861
4562.57  0.9985129
4563.14  0.9961384
4563.71  0.999106
4564.28  1.001098
4564.85  1.001409
4565.42  0.9974464
4565.99  0.9975958
4566.56  0.9956873
4567.13  0.9829977
4567.70  0.9513213
4568.27  0.9145192
4568.84  0.904508
4569.41  0.9375184
4569.98  0.9750799
4570.55  0.9905075
4571.12  0.9947187
4571.68  0.9974805
4572.25  0.99592
4572.82  0.997492
4573.39  0.9961471
4573.96  0.9894778
4574.53  0.9712386
4575.10  0.9479281
4575.67  0.9416535
4576.24  0.9609846
4576.81  0.9834611
4577.38  0.9956856
4577.95  0.9985207
4578.52  0.9950233
4579.09  0.9915546
4579.66  0.9945534
4580.23  0.9940848
4580.80  0.9950728
4581.37  0.9980641
4581.94  0.9972296
4582.51  0.9980137
4583.08  0.9954818
4583.65  0.9953991
4584.22  0.9972377
4584.79  0.9947633
4585.36  0.9947529
4585.93  0.9975762
4586.50  0.9952929
4587.07  0.998008
4587.64  0.9976212
4588.21  0.9935883
4588.78  0.9953136
4589.35  0.9973304
4589.92  0.9917092
4590.49  0.985222
4591.06  0.9730375
4591.63  0.9637202
4592.20  0.9699791
4592.77  0.9831402
4593.34  0.9916016
4593.91  0.9955466
4594.48  0.9951396
4595.05  0.9936866
4595.62  0.9885514
4596.19  0.9756148
4596.76  0.9641426
4597.33  0.9684884
4597.90  0.9840047
4598.47  0.9931881
4599.04  0.9944878
4599.61  0.9959403
4600.18  0.9975061
4600.75  0.9920869
4601.32  0.983319
4601.89  0.9725457
4602.46  0.9708602
4603.03  0.9773905
4603.60  0.986273
4604.17  0.9955093
4604.74  0.9988348
4605.31  0.9989015
4605.88  0.9976912
4606.45  0.9932107
4607.02  0.98408
4607.59  0.9766577
4608.16  0.9751357
4608.73  0.9816036
4609.30  0.985352
4609.87  0.978282
4610.44  0.9742197
4611.01  0.9787546
4611.58  0.9901935
4612.15  0.995564
4612.72  0.9950387
4613.29  0.994418
4613.86  0.9845163
4614.43  0.9768598
4615.00  0.9810089
4615.57  0.9904748
4616.14  0.99464
4616.71  0.9978573
4617.28  0.9973513
4617.85  0.9908558
4618.42  0.9858047
4618.99  0.9798852
4619.56  0.9745736
4620.13  0.9706994
4620.70  0.9696244
4621.27  0.9711226
4621.84  0.9715494
4622.41  0.9785581
4622.98  0.9859644
4623.55  0.9932232
4624.12  0.9985871
4624.69  0.9968209
4625.26  0.9952021
4625.83  0.9962068
4626.40  0.997966
4626.97  0.9962171
4627.54  0.9934631
4628.11  0.9921964
4628.68  0.9923878
4629.25  0.9937533
4629.82  0.9887362
4630.39  0.9713214
4630.96  0.9553235
4631.53  0.9553887
4632.10  0.9724282
4632.67  0.9896212
4633.24  0.995572
4633.81  0.9949068
4634.38  0.9990233
4634.95  0.9994006
4635.52  0.9964697
4636.09  0.9962477
4636.66  0.9989806
4637.23  0.9958971
4637.80  0.9923964
4638.37  0.9846151
4638.94  0.9652678
4639.51  0.9548554
4640.08  0.96432
4640.65  0.9778384
4641.22  0.9799778
4641.79  0.9567861
4642.36  0.9357445
4642.93  0.933109
4643.50  0.9455905
4644.07  0.9658268
4644.64  0.9826303
4645.21  0.9953054
4645.78  0.9999268
4646.35  0.999579
4646.92  0.9965131
4647.49  0.9928504
4648.06  0.9816285
4648.63  0.9698699
4649.20  0.9430139
4649.77  0.9147813
4650.34  0.9186613
4650.91  0.9339716
4651.48  0.9448662
4652.05  0.9602205
4652.62  0.9812796
4653.19  0.9943947
4653.76  0.9991572
4654.33  0.997178
4654.90  0.9963886
4655.47  0.9979122
4656.04  0.9994817
4656.61  1.000694
4657.18  1.000316
4657.75  1.000068
4658.32  0.9989133
4658.89  0.9982647
4659.46  1.000315
4660.03  0.9996108
4660.60  0.9998956
4661.17  0.9885254
4661.74  0.9719655
4662.31  0.9615687
4662.87  0.9690275
4663.44  0.9829796
4664.01  0.9952927
4664.58  0.9998892
4665.15  1.001275
4665.72  1.001632
4666.29  0.9989703
4666.86  0.9998147
4667.43  1.000373
4668.00  0.9996175
4668.57  0.9975383
4669.14  0.996408
4669.71  0.9995221
4670.28  0.9997808
4670.85  1.000764
4671.42  1.002362
4671.99  1.001555
4672.56  1.002144
4673.13  1.002028
4673.70  0.9969488
4674.27  0.9915766
4674.84  0.9886052
4675.41  0.9911777
4675.98  0.9881482
4676.55  0.9725224
4677.12  0.9683148
4677.69  0.9771727
4678.26  0.9871161
4678.83  0.9917322
4679.40  0.9941855
4679.97  0.9999003
4680.54  1.001004
4681.11  1.002543
4681.68  1.003624
4682.25  1.003202
4682.82  1.004728
4683.39  1.002746
4683.96  1.002288
4684.53  1.001009
4685.10  1.001296
4685.67  1.00207
4686.24  1.004435
4686.81  1.005614
4687.38  1.004691
4687.95  1.00567
4688.52  1.004236
4689.09  1.004951
4689.66  1.002381
4690.23  1.003347
4690.80  1.005303
4691.37  1.002953
4691.94  1.000381
4692.51  1.002037
4693.08  1.006324
4693.65  1.001377
4694.22  0.9986103
4694.79  0.9980392
4695.36  0.9996104
4695.93  0.9972007
4696.50  0.9953622
4697.07  0.9945461
4697.64  0.9961879
4698.21  0.9967304
4698.78  0.9898617
4699.35  0.9808042
4699.92  0.9747158
4700.49  0.9817544
4701.06  0.9893683
4701.63  0.9891296
4702.20  0.9911442
4702.77  0.9941142
4703.34  0.9915969
4703.91  0.989458
4704.48  0.9863792
4705.05  0.9852411
4705.62  0.9739917
4706.19  0.9716477
4706.76  0.9814371
4707.33  0.9921229
4707.90  0.9957375
4708.47  0.996426
4709.04  0.9950674
4709.61  0.9928306
4710.18  0.9830469
4710.75  0.9819327
4711.32  0.9853663
4711.89  0.9832318
4712.46  0.9629445
4713.03  0.9205108
4713.60  0.8700756
4714.17  0.865317
4714.74  0.9153991
4715.31  0.9661601
4715.88  0.9862369
4716.45  0.9853887
4717.02  0.9802477
4717.59  0.980351
4718.16  0.9873211
4718.73  0.9939891
4719.30  0.9973285
4719.87  0.9964098
4720.44  0.9996485
4721.01  0.9982342
4721.58  0.9950494
4722.15  0.998468
4722.72  0.9978355
4723.29  0.999338
4723.86  0.9987474
4724.43  0.9976552
4725.00  0.9987533
4725.57  1.000805
4726.14  1.001292
4726.71  0.997426
4727.28  0.9987013
4727.85  0.9971473
4728.42  1.001651
4728.99  0.9995632
4729.56  1.000565
4730.13  1.004348
4730.70  1.002617
4731.27  1.003162
4731.84  1.000226
4732.41  1.001791
4732.98  1.003973
4733.55  1.001195
4734.12  1.002834
4734.69  1.002681
4735.26  0.9994771
4735.83  0.9964629
4736.40  0.9929877
4736.97  0.9951317
4737.54  0.9973791
4738.11  0.9978619
4738.68  0.9990796
4739.25  0.9997188
4739.82  0.9990661
4740.39  1.000171
4740.96  1.000685
4741.53  0.998612
4742.10  0.9976025
4742.67  0.9977313
4743.24  0.9993039
4743.81  1.00215
4744.38  1.001536
4744.95  0.9993376
4745.52  0.997659
4746.09  0.9977129
4746.66  1.000289
4747.23  1.001509
4747.80  0.9993439
4748.37  1.000564
4748.94  1.001178
4749.51  0.9993648
4750.08  0.9992492
4750.65  0.9985136
4751.22  0.9966654
4751.79  0.9947172
4752.36  0.9939731
4752.93  0.9948558
4753.50  0.9963728
4754.07  0.9975677
4754.63  0.9964983
4755.20  0.9956425
4755.77  0.9967692
4756.34  0.9957244
4756.91  0.9943947
4757.48  0.9943979
4758.05  0.9957524
4758.62  0.9956893
4759.19  0.9971107
4759.76  0.9984577
4760.33  0.9979215
4760.90  0.9957891
4761.47  0.9942526
4762.04  0.9938771
4762.61  0.9916821
4763.18  0.9924611
4763.75  0.9932159
4764.32  0.9921878
4764.89  0.9911857
4765.46  0.9947454
4766.03  0.9941451
4766.60  0.9952663
4767.17  0.9989132
4767.74  0.996895
4768.31  0.995515
4768.88  0.9978988
4769.45  0.9985207
4770.02  0.9953718
4770.59  0.9960293
4771.16  0.997596
4771.73  0.998151
4772.30  0.9971517
4772.87  0.9948399
4773.44  0.9950966
4774.01  0.994457
4774.58  0.9953024
4775.15  0.9961486
4775.72  0.9974876
4776.29  0.9971298
4776.86  0.9991739
4777.43  0.9968836
4778.00  0.9940374
4778.57  0.9973421
4779.14  0.9951373
4779.71  0.991792
4780.28  0.9910876
4780.85  0.9929224
4781.42  0.9917808
4781.99  0.9963276
4782.56  0.9989566
4783.13  0.9972085
4783.70  1.00156
4784.27  0.9990689
4784.84  0.9990137
4785.41  0.9984123
4785.98  0.999566
4786.55  0.998863
4787.12  0.998689
4787.69  0.9965602
4788.26  0.9941363
4788.83  0.9911095
4789.40  0.9914414
4789.97  0.9961455
4790.54  0.9979323
4791.11  0.998654
4791.68  0.9983043
4792.25  0.9970399
4792.82  0.9981036
4793.39  0.9956893
4793.96  0.9945962
4794.53  0.9960784
4795.10  0.9946753
4795.67  0.9969152
4796.24  1.000063
4796.81  0.9980296
4797.38  0.9984329
4797.95  1.000402
4798.52  1.000332
4799.09  0.9991118
4799.66  1.001022
4800.23  1.000137
4800.80  0.9992175
4801.37  0.9991989
4801.94  1.001989
4802.51  0.9941189
4803.08  0.9840655
4803.65  0.979386
4804.22  0.9833925
4804.79  0.9904836
4805.36  0.9973679
4805.93  0.9942374
4806.50  0.9897964
4807.07  0.9909822
4807.64  0.9954258
4808.21  0.9989582
4808.78  1.002889
4809.35  1.003656
4809.92  1.0018
4810.49  0.9971019
4811.06  0.9974517
4811.63  0.9993063
4812.20  1.001329
4812.77  0.9989552
4813.34  0.9937578
4813.91  0.987649
4814.48  0.9888039
4815.05  0.9926692
4815.62  0.9877056
4816.19  0.9832612
4816.76  0.9908928
4817.33  0.9940197
4817.90  0.9995321
4818.47  1.001374
4819.04  0.9980616
4819.61  0.9898013
4820.18  0.9798285
4820.75  0.9819357
4821.32  0.9906223
4821.89  0.997085
4822.46  1.000683
4823.03  0.9991696
4823.60  1.000881
4824.17  1.000439
4824.74  0.9977982
4825.31  0.9959533
4825.88  0.9992282
4826.45  1.002114
4827.02  1.00086
4827.59  1.002072
4828.16  0.9980563
4828.73  0.9929077
4829.30  0.9858701
4829.87  0.9811136
4830.44  0.9891187
4831.01  0.9976876
4831.58  1.001537
4832.15  1.000052
4832.72  1.00111
4833.29  1.00002
4833.86  1.001482
4834.43  1.003049
4835.00  1.001355
4835.57  1.001307
4836.14  0.9999276
4836.71  0.999433
4837.28  0.9987342
4837.85  0.9994322
4838.42  1.00001
4838.99  0.9984667
4839.56  0.9975835
4840.13  0.9979721
4840.70  0.9979771
4841.27  0.9948651
4841.84  0.994011
4842.41  0.9944545
4842.98  0.994161
4843.55  0.993827
4844.12  0.9897195
4844.69  0.9874234
4845.26  0.9895629
4845.82  0.9899477
4846.39  0.9864662
4846.96  0.9848934
4847.53  0.983669
4848.10  0.9799766
4848.67  0.9750996
4849.24  0.974812
4849.81  0.9745582
4850.38  0.9715808
4850.95  0.9689127
4851.52  0.9652518
4852.09  0.9595206
4852.66  0.9532382
4853.23  0.9484439
4853.80  0.9426303
4854.37  0.9347034
4854.94  0.9239379
4855.51  0.9109539
4856.08  0.8977222
4856.65  0.8830137
4857.22  0.8638487
4857.79  0.843918
4858.36  0.8192618
4858.93  0.7908654
4859.50  0.7583665
4860.07  0.7162795
4860.64  0.6590607
4861.21  0.5892615
4861.78  0.5366356
4862.35  0.5400103
4862.92  0.5955067
4863.49  0.6649082
4864.06  0.7223451
4864.63  0.7631058
4865.20  0.7952236
4865.77  0.8223422
4866.34  0.8469107
4866.91  0.8694147
4867.48  0.8864695
4868.05  0.900834
4868.62  0.914388
4869.19  0.9252253
4869.76  0.9338506
4870.33  0.9418439
4870.90  0.9471591
4871.47  0.9515137
4872.04  0.9565454
4872.61  0.9593993
4873.18  0.9648235
4873.75  0.9700508
4874.32  0.97014
4874.89  0.9734334
4875.46  0.9758803
4876.03  0.9775226
4876.60  0.9802164
4877.17  0.981266
4877.74  0.9838958
4878.31  0.9812309
4878.88  0.9838371
4879.45  0.9854299
4880.02  0.9815218
4880.59  0.9786201
4881.16  0.9811518
4881.73  0.9862485
4882.30  0.9879252
4882.87  0.9878542
4883.44  0.9884322
4884.01  0.9905208
4884.58  0.990353
4885.15  0.9877702
4885.72  0.9837921
4886.29  0.9814606
4886.86  0.9827911
4887.43  0.9885783
4888.00  0.9929034
4888.57  0.9923007
4889.14  0.9912893
4889.71  0.9906074
4890.28  0.993221
4890.85  0.9916792
4891.42  0.9875429
4891.99  0.9881418
4892.56  0.9899668
4893.13  0.9915991
4893.70  0.9936895
4894.27  0.9947519
4894.84  0.9932468
4895.41  0.9927374
4895.98  0.9916367
4896.55  0.9928603
4897.12  0.9930143
4897.69  0.9938505
4898.26  0.9927899
4898.83  0.995594
4899.40  0.993675
4899.97  0.993916
4900.54  0.996579
4901.11  0.9942915
4901.68  0.9935464
4902.25  0.9957997
4902.82  0.9955457
4903.39  0.994328
4903.96  0.9949044
4904.53  0.9949598
4905.10  0.994064
4905.67  0.9945939
4906.24  0.9937382
4906.81  0.9896127
4907.38  0.9857109
4907.95  0.9849225
4908.52  0.9904501
4909.09  0.99541
4909.66  0.9976968
4910.23  0.9949657
4910.80  0.9942546
4911.37  0.9932721
4911.94  0.996689
4912.51  0.9958261
4913.08  0.9955029
4913.65  0.9973844
4914.22  0.9967365
4914.79  1.000309
4915.36  0.9985533
4915.93  0.9964892
4916.50  0.9930808
4917.07  0.9853485
4917.64  0.9782173
4918.21  0.9739984
4918.78  0.979515
4919.35  0.9812338
4919.92  0.9699194
4920.49  0.9510821
4921.06  0.9152578
4921.63  0.8571042
4922.20  0.7843925
4922.77  0.7501251
4923.34  0.7961303
4923.91  0.8709413
4924.48  0.9203782
4925.05  0.9384202
4925.62  0.9528598
4926.19  0.968658
4926.76  0.981532
4927.33  0.9913631
4927.90  0.996223
4928.47  0.9965166
4929.04  0.9954414
4929.61  0.9958338
4930.18  0.9924271
4930.75  0.9975734
4931.32  0.9974394
4931.89  0.9987009
4932.46  0.9981027
4933.03  0.9961526
4933.60  0.9944102
4934.17  0.9934381
4934.74  0.9968202
4935.31  0.9976045
4935.88  0.9968887
4936.45  0.9962844
4937.01  0.9950995
4937.58  0.9947083
4938.15  0.998525
4938.72  0.9971249
4939.29  0.9947309
4939.86  0.9953859
4940.43  0.9940682
4941.00  0.9904498
4941.57  0.9858826
4942.14  0.9816897
4942.71  0.9816535
4943.28  0.9827473
4943.85  0.9779632
4944.42  0.9817563
4944.99  0.9927852
4945.56  0.9935754
4946.13  0.994857
4946.70  0.9947273
4947.27  0.9939778
4947.84  0.9937221
4948.41  0.9956993
4948.98  0.9929228
4949.55  0.9960716
4950.12  0.9978264
4950.69  0.9980462
4951.26  0.9955317
4951.83  0.9973786
4952.40  0.9982142
4952.97  0.9998271
4953.54  0.999141
4954.11  0.9974455
4954.68  0.9973155
4955.25  0.9972205
4955.82  0.9955234
4956.39  0.9936917
4956.96  0.9935499
4957.53  0.996528
4958.10  0.9962882
4958.67  0.9965034
4959.24  0.9980452
4959.81  0.9989133
4960.38  0.9992446
4960.95  0.9998461
4961.52  1.000265
4962.09  0.9997763
4962.66  0.9997002
4963.23  0.997084
4963.80  0.9994217
4964.37  0.9999186
4964.94  0.9964023
4965.51  0.9938257
4966.08  0.9932989
4966.65  0.9969983
4967.22  0.9979607
4967.79  0.9971721
4968.36  0.9980242
4968.93  0.9977292
4969.50  0.9976646
4970.07  0.9981612
4970.64  0.9996365
4971.21  1.000204
4971.78  0.9992958
4972.35  0.9985065
4972.92  0.9996641
4973.49  1.000952
4974.06  1.001812
4974.63  1.001366
4975.20  1.002224
4975.77  1.002993
4976.34  1.003877
4976.91  1.001181
4977.48  0.9995066
4978.05  1.002052
4978.62  1.003656
4979.19  1.0038
4979.76  1.003404
4980.33  1.000686
4980.90  1.000669
4981.47  1.000375
4982.04  1.000564
4982.61  1.000403
4983.18  1.001285
4983.75  1.002199
4984.32  1.003607
4984.89  1.003632
4985.46  1.002924
4986.03  1.001355
4986.60  1.001553
4987.17  1.000044
4987.74  0.9990459
4988.31  0.996473
4988.88  1.001516
4989.45  1.002204
4990.02  1.003303
4990.59  1.002712
4991.16  1.003463
4991.73  1.002263
4992.30  0.9988407
4992.87  0.996585
4993.44  0.9921414
4994.01  0.9921882
4994.58  0.9915221
4995.15  0.9876968
4995.72  0.988381
4996.29  0.995426
4996.86  0.9971198
4997.43  0.9990553
4998.00  1.001563
4998.57  1.002021
4999.14  1.002136
4999.71  1.001461
5000.28  1.003123
5000.85  0.9976528
5001.42  0.9757197
5001.99  0.9511686
5002.56  0.9484805
5003.13  0.9670976
5003.70  0.9817094
5004.27  0.9909592
5004.84  0.9918702
5005.41  0.9786412
5005.98  0.9656648
5006.55  0.9696079
5007.12  0.981802
5007.69  0.9834215
5008.26  0.9852526
5008.83  0.9902589
5009.40  0.9931598
5009.97  0.9884979
5010.54  0.9831018
5011.11  0.9805017
5011.68  0.9804094
5012.25  0.9877093
5012.82  0.9945483
5013.39  0.9949828
5013.96  0.9880453
5014.53  0.9716455
5015.10  0.9503974
5015.67  0.9104941
5016.24  0.8589065
5016.81  0.839431
5017.38  0.887455
5017.95  0.9474316
5018.52  0.9772709
5019.09  0.9879199
5019.66  0.9892121
5020.23  0.9936845
5020.80  0.9975973
5021.37  0.9999408
5021.94  1.002056
5022.51  1.000313
5023.08  1.00084
5023.65  1.000918
5024.22  1.000959
5024.79  1.000235
5025.36  0.9992229
5025.93  0.9933234
5026.50  0.9898638
5027.07  0.9904527
5027.64  0.9893066
5028.21  0.9873254
5028.77  0.9915269
5029.34  0.9970637
5029.91  0.9979604
5030.48  0.9977598
5031.05  0.997664
5031.62  0.9959859
5032.19  0.9873096
5032.76  0.9778889
5033.33  0.9690541
5033.90  0.9749712
5034.47  0.9872497
5035.04  0.9928398
5035.61  0.9932927
5036.18  0.9919038
5036.75  0.992454
5037.32  0.9900842
5037.89  0.9933069
5038.46  0.9948442
5039.03  0.9933927
5039.60  0.9912214
5040.17  0.9913017
5040.74  0.9943935
5041.31  0.9864274
5041.88  0.9797354
5042.45  0.9817875
5043.02  0.9872875
5043.59  0.9911691
5044.16  0.9934035
5044.73  0.9911164
5045.30  0.9810155
5045.87  0.9700783
5046.44  0.9688196
5047.01  0.9757332
5047.58  0.9604412
5048.15  0.9242303
5048.72  0.9013615
5049.29  0.9186796
5049.86  0.958036
5050.43  0.9845383
5051.00  0.9934588
5051.57  0.9953576
5052.14  0.9959348
5052.71  0.9977323
5053.28  0.9961965
5053.85  0.9961213
5054.42  0.9962556
5054.99  0.9941203
5055.56  0.9909571
5056.13  0.9851986
5056.70  0.9780552
5057.27  0.9761796
5057.84  0.9825948
5058.41  0.9889341
5058.98  0.9910524
5059.55  0.994426
5060.12  0.9949219
5060.69  0.9939103
5061.26  0.9975836
5061.83  0.9969224
5062.40  0.9975142
5062.97  0.9942874
5063.54  0.991737
5064.11  0.9908974
5064.68  0.992137
5065.25  0.9930161
5065.82  0.9934506
5066.39  0.9956862
5066.96  0.9980401
5067.53  0.9954423
5068.10  0.9942747
5068.67  0.9966221
5069.24  0.9968901
5069.81  0.9969487
5070.38  0.9969417
5070.95  0.997385
5071.52  0.9969373
5072.09  0.9986379
5072.66  0.9978225
5073.23  0.9958116
5073.80  0.994978
5074.37  0.9902532
5074.94  0.9872897
5075.51  0.9903418
5076.08  0.9926264
5076.65  0.9958577
5077.22  0.9973318
5077.79  0.9993007
5078.36  0.9980853
5078.93  0.996065
5079.50  0.9959717
5080.07  0.9966903
5080.64  0.9984583
5081.21  0.9998489
5081.78  0.9984759
5082.35  0.9984713
5082.92  1.001003
5083.49  1.000631
5084.06  0.9985802
5084.63  0.998918
5085.20  0.9990276
5085.77  0.9986123
5086.34  0.9980491
5086.91  0.9954274
5087.48  0.9906725
5088.05  0.9908172
5088.62  0.9917818
5089.19  0.9993265
5089.76  1.000871
5090.33  0.9984349
5090.90  1.000056
5091.47  1.002018
5092.04  0.9972029
5092.61  0.9946541
5093.18  0.9945775
5093.75  0.9960198
5094.32  0.9946101
5094.89  0.9950348
5095.46  0.9957826
5096.03  0.9992023
5096.60  0.9991435
5097.17  0.998219
5097.74  0.999446
5098.31  1.001601
5098.88  1.001167
5099.45  1.002222
5100.02  0.9987348
5100.59  0.9995332
5101.16  0.9991251
5101.73  0.9987676
5102.30  0.9987859
5102.87  0.9999708
5103.44  1.000917
5104.01  0.9963105
5104.58  0.994233
5105.15  0.9958805
5105.72  0.996734
5106.29  0.999379
5106.86  1.000496
5107.43  1.001724
5108.00  1.002047
5108.57  0.9975334
