6300.84  0.9556522
6301.27  0.9532863
6301.70  0.9721277
6302.13  1.000687
6302.56  1.00962
6302.99  1.005575
6303.41  1.007496
6303.84  0.9965537
6304.27  0.966731
6304.70  0.952247
6305.13  0.9498983
6305.56  0.9673436
6305.99  0.9908222
6306.42  0.9993654
6306.85  1.004916
6307.28  1.005579
6307.71  0.9998143
6308.14  0.9832296
6308.57  0.9678532
6309.00  0.9633029
6309.43  0.9695414
6309.86  0.9894127
6310.28  1.00331
6310.71  1.002981
6311.14  1.002128
6311.57  0.9919127
6312.00  0.9888006
6312.43  0.9855643
6312.86  0.9730691
6313.29  0.9718023
6313.72  0.9781654
6314.15  0.9874765
6314.58  0.9955934
6315.01  0.9725767
6315.44  0.9715454
6315.87  0.9956221
6316.30  0.9966633
6316.73  0.9984706
6317.15  0.9863158
6317.58  0.9779847
6318.01  0.9708415
6318.44  0.9731466
6318.87  0.9927487
6319.30  0.9997827
6319.73  0.9952047
6320.16  0.9959635
6320.59  0.9979684
6321.02  0.9982816
6321.45  0.9987239
6321.88  0.9940069
6322.31  0.9798511
6322.74  0.9831393
6323.17  0.9873753
6323.60  0.9941087
6324.02  0.9982379
6324.45  0.9953556
6324.88  0.9976661
6325.31  0.9993435
6325.74  0.9975385
6326.17  0.9949428
6326.60  0.9974231
6327.03  0.9945521
6327.46  0.9899232
6327.89  0.9929212
6328.32  0.9892597
6328.75  0.9913804
6329.18  0.9973799
6329.61  1.001432
6330.04  1.000761
6330.47  0.9923611
6330.89  0.9888892
6331.32  0.9972913
6331.75  0.9954867
6332.18  0.9935361
6332.61  0.9972644
6333.04  0.9972453
6333.47  0.9875297
6333.90  0.9882166
6334.33  0.9849545
6334.76  0.9836157
6335.19  0.9869527
6335.62  0.9943172
6336.05  0.996395
6336.48  0.9942563
6336.91  0.9930165
6337.34  0.9918682
6337.76  0.9959139
6338.19  1.000095
6338.62  0.9926941
6339.05  0.9904124
6339.48  0.9949391
6339.91  0.9929151
6340.34  0.9905698
6340.77  0.9868417
6341.20  0.9888272
6341.63  0.9967995
6342.06  0.9964067
6342.49  0.993663
6342.92  0.9969702
6343.35  0.9964094
6343.78  0.9964842
6344.21  0.9960598
6344.64  0.9920325
6345.06  0.9904988
6345.49  0.9850823
6345.92  0.9798465
6346.35  0.9712487
6346.78  0.9594352
6347.21  0.9544327
6347.64  0.9631953
6348.07  0.9818782
6348.50  0.9921306
6348.93  0.9896639
6349.36  0.9903154
6349.79  0.9934171
6350.22  0.9904641
6350.65  0.995132
6351.08  0.9980202
6351.51  1.000051
6351.93  1.000859
6352.36  0.9988106
6352.79  0.9963935
6353.22  0.9939733
6353.65  0.9955822
6354.08  0.9945624
6354.51  0.9961827
6354.94  0.9951462
6355.37  1.000733
6355.80  0.9968985
6356.23  0.9961075
6356.66  0.9952941
6357.09  0.9947171
6357.52  0.994131
6357.95  0.99668
6358.38  0.9996242
6358.80  0.9974056
6359.23  0.9961362
6359.66  0.9901628
6360.09  0.9911793
6360.52  0.9961492
6360.95  0.9952799
6361.38  0.9964783
6361.81  0.9968959
6362.24  1.000625
6362.67  1.002959
6363.10  0.9987094
6363.53  0.9981038
6363.96  1.00165
6364.39  1.003773
6364.82  0.9996628
6365.25  0.9970877
6365.67  0.9999899
6366.10  0.9963169
6366.53  0.9949123
6366.96  1.000347
6367.39  0.9966107
6367.82  0.9992902
6368.25  0.9951942
6368.68  0.9980299
6369.11  0.9948537
6369.54  0.9882642
6369.97  0.9891728
6370.40  0.9882116
6370.83  0.9849107
6371.26  0.9739598
6371.69  0.9777123
6372.12  0.9895347
6372.54  1.000564
6372.97  0.9964488
6373.40  1.003516
6373.83  1.002454
6374.26  1.001524
6374.69  0.9977109
6375.12  1.000018
6375.55  0.997028
6375.98  0.9981086
6376.41  1.004751
6376.84  1.00349
6377.27  0.9993368
6377.70  1.002412
6378.13  1.000037
6378.56  0.9986134
6378.99  1.002301
6379.41  0.9938452
6379.84  0.9927525
6380.27  0.996977
6380.70  0.9988356
6381.13  1.002045
6381.56  0.999518
6381.99  0.9980319
6382.42  0.9977582
6382.85  0.9893977
6383.28  0.9835094
6383.71  0.989935
6384.14  0.9969813
6384.57  0.9943915
6385.00  0.9930335
6385.43  0.9965436
6385.86  0.9997789
6386.28  1.002941
6386.71  1.005249
6387.14  1.004418
6387.57  0.9992064
6388.00  0.996549
6388.43  0.9938365
6388.86  0.9952521
6389.29  0.9972919
6389.72  0.9984199
6390.15  0.9983568
6390.58  0.9975373
6391.01  0.9966409
6391.44  0.9983268
6391.87  1.001158
6392.30  1.000944
6392.73  0.9985464
6393.15  0.9944838
6393.58  0.9951248
6394.01  0.9958507
6394.44  0.9934324
6394.87  0.9987499
6395.30  1.00129
6395.73  1.003178
6396.16  1.000621
6396.59  0.994091
6397.02  0.992627
6397.45  0.9917755
6397.88  0.989645
6398.31  0.9941331
6398.74  0.9988138
6399.17  0.9970852
6399.60  0.9994599
6400.02  0.9993034
6400.45  0.9994857
6400.88  1.001193
6401.31  0.9918451
6401.74  0.9688283
6402.17  0.9580243
6402.60  0.9590189
6403.03  0.9720659
6403.46  0.9866772
6403.89  0.9915019
6404.32  0.9949797
6404.75  0.9990484
6405.18  1.003523
6405.61  1.003819
6406.04  1.002145
6406.47  0.9976502
6406.89  0.9954496
6407.32  0.9996111
6407.75  0.9982111
6408.18  0.9964086
6408.61  1.004727
6409.04  1.000206
6409.47  0.9966019
6409.90  0.9990418
6410.33  0.9991666
6410.76  0.9960985
6411.19  0.9964396
6411.62  0.9987752
6412.05  0.9985682
6412.48  1.002683
6412.91  1.00045
6413.34  0.9968006
6413.76  1.000585
6414.19  0.9985993
6414.62  1.003505
6415.05  1.006375
6415.48  0.9984223
6415.91  0.9962701
6416.34  0.9972274
6416.77  0.9950781
6417.20  0.9994082
6417.63  1.000486
6418.06  0.997213
6418.49  1.000066
6418.92  0.9964166
6419.35  1.001657
6419.78  0.9992718
6420.21  1.00123
6420.63  1.003903
6421.06  1.003224
6421.49  0.9972462
6421.92  0.9962134
6422.35  0.9995255
6422.78  0.9999269
6423.21  0.9969535
6423.64  0.9915986
6424.07  0.9799812
6424.50  0.9795662
6424.93  0.9934682
6425.36  0.9990081
6425.79  1.000413
6426.22  0.9993014
6426.65  0.9981958
6427.08  0.9973772
6427.50  0.9959422
6427.93  1.000953
6428.36  1.000214
6428.79  0.9944361
6429.22  0.9929445
6429.65  0.9963317
6430.08  0.9943463
6430.51  0.9900131
6430.94  0.9931215
6431.37  0.9932787
6431.80  0.9900413
6432.23  0.9993775
6432.66  1.00074
6433.09  0.9949791
6433.52  0.9975753
6433.95  0.9997917
6434.37  1.000176
6434.80  0.9994972
6435.23  1.001074
6435.66  0.9934583
6436.09  0.9972401
6436.52  0.9967632
6436.95  0.9973382
6437.38  0.9960237
6437.81  0.9973182
6438.24  0.9980282
6438.67  0.9888505
6439.10  0.9946435
6439.53  0.9968337
6439.96  0.9985935
6440.39  0.9961329
6440.82  0.9966812
6441.24  0.9946548
6441.67  0.9921094
6442.10  0.9953747
6442.53  0.9961766
6442.96  0.9993305
6443.39  0.9975422
6443.82  0.9911093
6444.25  0.9961741
6444.68  0.9949396
6445.11  0.9933699
6445.54  0.9945155
6445.97  0.9927845
6446.40  0.9886558
6446.83  0.9900119
6447.26  0.9953424
6447.69  0.9907897
6448.11  0.9871973
6448.54  0.993619
6448.97  0.9985094
6449.40  0.9918365
6449.83  0.9896701
6450.26  0.9979753
6450.69  0.9965
6451.12  0.9946498
6451.55  0.9993178
6451.98  0.9964277
6452.41  0.9915998
6452.84  0.9928519
6453.27  0.992825
6453.70  0.9924229
6454.13  0.9952703
6454.56  0.9936759
6454.98  0.9922522
6455.41  0.9892682
6455.84  0.9893372
6456.27  0.9887435
6456.70  0.9877002
6457.13  0.9818214
6457.56  0.9744406
6457.99  0.9806532
6458.42  0.9768045
6458.85  0.9802654
6459.28  0.9877329
6459.71  0.9889509
6460.14  0.9897426
6460.57  0.986696
6461.00  0.9935935
6461.43  0.9877563
6461.85  0.9722289
6462.28  0.9694315
6462.71  0.9742694
6463.14  0.97768
6463.57  0.9889355
6464.00  0.9857945
6464.43  0.9873539
6464.86  0.9805875
6465.29  0.9801857
6465.72  0.9822186
6466.15  0.9749559
6466.58  0.977962
6467.01  0.9818069
6467.44  0.9854348
6467.87  0.9725801
6468.30  0.9613882
6468.72  0.9727721
6469.15  0.9885397
6469.58  0.9900048
6470.01  0.9905915
6470.44  0.9917963
6470.87  0.9720119
6471.30  0.9579386
6471.73  0.9602146
6472.16  0.9716793
6472.59  0.983845
6473.02  0.9798781
6473.45  0.9433879
6473.88  0.9138387
6474.31  0.9185548
6474.74  0.9488187
6475.17  0.9698264
6475.59  0.967723
6476.02  0.9747818
6476.45  0.989293
6476.88  0.9934927
6477.31  0.9825893
6477.74  0.9629056
6478.17  0.945747
6478.60  0.9432051
6479.03  0.9609911
6479.46  0.9807631
6479.89  0.9855212
6480.32  0.9840535
6480.75  0.9891591
6481.18  0.9764318
6481.61  0.9357795
6482.04  0.8987847
6482.47  0.909317
6482.89  0.9439053
6483.32  0.9679272
6483.75  0.9803245
6484.18  0.9815298
6484.61  0.9825341
6485.04  0.9767393
6485.47  0.967904
6485.90  0.9747735
6486.33  0.9814861
6486.76  0.9841683
6487.19  0.98295
6487.62  0.9786917
6488.05  0.9817604
6488.48  0.9895399
6488.91  0.9685965
6489.34  0.9425827
6489.76  0.9609484
6490.19  0.9866367
6490.62  0.9912344
6491.05  0.9687338
6491.48  0.9446277
6491.91  0.9596488
6492.34  0.985742
6492.77  0.9837965
6493.20  0.9821689
6493.63  0.9878649
6494.06  0.964474
6494.49  0.9457126
6494.92  0.9693821
6495.35  0.9906491
6495.78  0.9847438
6496.21  0.9772529
6496.63  0.9855153
6497.06  0.9953795
6497.49  1.00076
6497.92  0.999639
6498.35  0.9986634
6498.78  0.9973924
6499.21  0.9990556
6499.64  0.9966564
6500.07  0.9990593
6500.50  0.9955701
6500.93  0.9902648
6501.36  0.9935763
6501.79  0.9899271
6502.22  0.9890608
6502.65  0.9853899
6503.08  0.990407
6503.50  1.006264
6503.93  1.00549
6504.36  1.001299
6504.79  0.999586
6505.22  1.000092
6505.65  0.9971001
6506.08  0.9837767
6506.51  0.9732316
6506.94  0.9665745
6507.37  0.9678863
6507.80  0.9871213
6508.23  0.9978672
6508.66  0.9972744
6509.09  0.9996845
6509.52  1.000673
6509.95  0.9926332
6510.37  0.9766151
6510.80  0.9738917
6511.23  0.9901869
6511.66  0.9903157
6512.09  0.9851055
6512.52  0.9791377
6512.95  0.947979
6513.38  0.9390848
6513.81  0.9628737
6514.24  0.9660491
6514.67  0.9299465
6515.10  0.8925068
6515.53  0.9151475
6515.96  0.9621009
6516.39  0.9722477
6516.82  0.9747132
6517.24  0.976561
6517.67  0.9590931
6518.10  0.9573143
6518.53  0.983595
6518.96  0.9943053
6519.39  0.9991056
6519.82  0.9862352
6520.25  0.9725273
6520.68  0.9888484
6521.11  0.9970433
6521.54  0.9901687
6521.97  0.9652837
6522.40  0.9557321
6522.83  0.9763412
6523.26  0.9927542
6523.69  1.001078
6524.11  0.9978017
6524.54  0.9961839
6524.97  1.00218
6525.40  0.9985746
6525.83  1.000958
6526.26  1.000463
6526.69  1.002442
6527.12  1.002098
6527.55  1.002099
6527.98  1.000217
6528.41  1.002549
6528.84  0.9960986
6529.27  0.9950613
6529.70  0.9947764
6530.13  0.986079
6530.56  0.9673913
6530.98  0.9701991
6531.41  0.9913589
6531.84  0.9967538
6532.27  0.9844279
6532.70  0.9748632
6533.13  0.980997
6533.56  0.9901479
6533.99  0.991996
6534.42  0.9965618
6534.85  0.9905676
6535.28  0.9862357
6535.71  0.9889305
6536.14  0.9951053
6536.57  0.9956315
6537.00  0.9956474
6537.43  0.9979897
6537.85  0.9987134
6538.28  1.000794
6538.71  0.9989235
6539.14  1.00022
6539.57  1.000097
6540.00  0.9931003
6540.43  0.9843699
6540.86  0.9753062
6541.29  0.985764
6541.72  0.9849476
6542.15  0.9532132
6542.58  0.9451962
6543.01  0.9807537
6543.44  0.9864271
6543.87  0.9874235
6544.30  0.9901813
6544.72  0.9885404
6545.15  0.9900776
6545.58  0.9822874
6546.01  0.9702392
6546.44  0.9609517
6546.87  0.9470972
6547.30  0.9422789
6547.73  0.9469289
6548.16  0.9793156
6548.59  0.9852713
6549.02  0.9850262
6549.45  0.9836277
6549.88  0.9753563
6550.31  0.9639269
6550.74  0.937524
6551.17  0.9166243
6551.59  0.9356066
6552.02  0.9559017
6552.45  0.9488136
6552.88  0.9525079
6553.31  0.9553006
6553.74  0.9561182
6554.17  0.956164
6554.60  0.9518753
6555.03  0.9397543
6555.46  0.9250116
6555.89  0.9141194
6556.32  0.9144384
6556.75  0.9092624
6557.18  0.9044211
6557.61  0.9023099
6558.04  0.8938236
6558.46  0.8798627
6558.89  0.8570603
6559.32  0.8464747
6559.75  0.8394907
6560.18  0.8205668
6560.61  0.7937204
6561.04  0.7582665
6561.47  0.7152042
6561.90  0.6475653
6562.33  0.5843577
6562.76  0.5524691
6563.19  0.5768437
6563.62  0.6359976
6564.05  0.6985368
6564.48  0.755073
6564.91  0.7952992
6565.33  0.825247
6565.76  0.847726
6566.19  0.8598578
6566.62  0.8699509
6567.05  0.8771546
6567.48  0.8887927
6567.91  0.900925
6568.34  0.9119622
6568.77  0.9226353
6569.20  0.9296342
6569.63  0.9296923
6570.06  0.9310357
6570.49  0.9212115
6570.92  0.93414
6571.35  0.9519579
6571.78  0.9557374
6572.20  0.9575141
6572.63  0.9628568
6573.06  0.9415753
6573.49  0.933467
6573.92  0.9591724
6574.35  0.9771185
6574.78  0.9757274
6575.21  0.972168
6575.64  0.9818283
6576.07  0.9849972
6576.50  0.9777179
6576.93  0.9569059
6577.36  0.9064342
6577.79  0.8562683
6578.22  0.8385897
6578.65  0.871752
6579.07  0.9148301
6579.50  0.9521886
6579.93  0.9873732
6580.36  0.9967149
6580.79  0.9935257
6581.22  0.9844107
6581.65  0.9661868
6582.08  0.9275295
6582.51  0.8904704
6582.94  0.8735405
6583.37  0.8880448
6583.80  0.934489
6584.23  0.9673675
6584.66  0.9730761
6585.09  0.972223
6585.52  0.9843891
6585.94  0.999649
6586.37  1.000486
6586.80  0.9974759
6587.23  0.9952213
6587.66  0.9984242
6588.09  1.000677
6588.52  1.005279
6588.95  1.003868
6589.38  0.9994443
6589.81  0.9973786
6590.24  1.00424
6590.67  1.004566
6591.10  1.003201
6591.53  0.9960899
6591.96  0.9983
6592.39  1.001294
6592.81  0.9910037
6593.24  0.9984458
6593.67  0.9988338
6594.10  1.00195
6594.53  1.001274
6594.96  1.004541
6595.39  0.9995247
6595.82  1.007435
6596.25  1.001789
6596.68  1.007286
6597.11  1.000205
6597.54  0.9941413
6597.97  0.9913957
6598.40  0.9888924
6598.83  0.9914907
6599.26  0.9958048
6599.68  0.9928014
6600.11  0.9965165
6600.54  0.9902073
6600.97  0.9934021
6601.40  1.001102
6601.83  0.9999161
6602.26  0.993328
6602.69  0.9991666
6603.12  0.9945087
6603.55  0.9880838
6603.98  0.995356
6604.41  0.9944366
6604.84  0.9906261
6605.27  0.9960862
6605.70  0.999567
6606.13  0.9974024
6606.55  0.9936863
6606.98  0.9932092
6607.41  0.9974748
6607.84  1.000296
6608.27  0.9999611
6608.70  0.9950503
6609.13  0.9978591
6609.56  0.9966241
6609.99  0.9929781
6610.42  0.9833356
6610.85  0.986608
6611.28  0.9891956
6611.71  0.992314
6612.14  0.9975898
6612.57  0.9902866
6613.00  0.9889591
6613.42  0.990655
6613.85  0.9881007
6614.28  0.9888153
6614.71  0.9873708
6615.14  0.9864344
6615.57  0.990603
6616.00  0.9887192
6616.43  0.9891573
6616.86  0.9922166
6617.29  0.992237
6617.72  0.9896303
6618.15  0.9863527
6618.58  0.9876236
6619.01  0.990512
6619.44  0.9976416
6619.87  0.9945611
6620.29  0.9842619
6620.72  0.9869111
6621.15  0.9935578
6621.58  0.9918461
6622.01  0.9918547
6622.44  0.994678
6622.87  0.9924551
6623.30  0.995428
6623.73  0.9906569
6624.16  0.9840621
6624.59  0.9919602
6625.02  0.9944629
6625.45  0.9881991
6625.88  0.9934527
6626.31  0.9918984
6626.74  0.9842713
6627.17  0.9881818
6627.59  0.989834
6628.02  0.9911289
6628.45  0.9911386
6628.88  0.9896426
6629.31  0.9890632
6629.74  0.9910255
6630.17  0.9914843
6630.60  0.9959728
6631.03  0.9959978
6631.46  0.9933654
6631.89  0.9919146
6632.32  0.9944952
6632.75  0.9948549
6633.18  0.9854256
6633.61  0.9856829
6634.04  0.9979298
6634.46  0.9926978
6634.89  0.9943909
6635.32  0.9935626
6635.75  0.9926607
6636.18  0.989911
6636.61  0.9934624
6637.04  0.9906616
6637.47  0.9968176
6637.90  0.9928074
6638.33  0.9929411
6638.76  0.9984398
6639.19  0.9943718
6639.62  0.9983778
6640.05  0.9945552
6640.48  0.9844691
6640.91  0.9833071
6641.33  0.9924827
6641.76  0.9923859
6642.19  0.9955708
6642.62  1.000618
6643.05  0.9980531
6643.48  0.9966667
6643.91  0.9922376
6644.34  0.9948739
6644.77  0.9973852
6645.20  0.9989557
6645.63  0.9998721
6646.06  0.9953043
6646.49  0.9910504
6646.92  0.993316
6647.35  0.9959757
6647.78  0.9918008
6648.20  0.9873216
6648.63  0.990079
6649.06  0.9993271
6649.49  0.9981698
6649.92  0.9927713
6650.35  0.9926627
6650.78  0.9955543
6651.21  1.00054
6651.64  0.998507
6652.07  0.9916905
6652.50  0.992061
6652.93  0.9926265
6653.36  0.9911289
6653.79  0.9964189
6654.22  0.9907479
6654.65  0.9887553
6655.07  0.9952384
6655.50  0.997345
6655.93  0.9999447
6656.36  0.995181
6656.79  0.9934173
6657.22  0.9959965
6657.65  0.9959086
6658.08  0.9942902
6658.51  0.9926542
6658.94  0.9938324
6659.37  0.989792
6659.80  0.9950641
6660.23  0.9938347
6660.66  0.9935452
6661.09  0.9958078
6661.52  0.9949474
6661.94  0.9909665
6662.37  0.9938749
6662.80  0.9904113
6663.23  0.998459
6663.66  0.9885753
6664.09  0.9884064
6664.52  0.9926528
6664.95  0.9897887
6665.38  0.9926048
6665.81  0.9944381
6666.24  0.9898746
6666.67  0.9930204
6667.10  0.9899091
6667.53  0.996171
6667.96  1.000025
6668.39  0.9987683
6668.81  1.000004
6669.24  0.9984939
6669.67  0.9974979
6670.10  0.9934342
6670.53  0.9943472
6670.96  0.990554
6671.39  0.9821457
6671.82  0.9850773
6672.25  0.9869384
6672.68  0.9926791
6673.11  0.9919783
6673.54  0.9939618
6673.97  0.9929488
6674.40  0.9901266
6674.83  0.9909723
6675.26  0.9837179
6675.68  0.977844
6676.11  0.9647097
6676.54  0.9287835
6676.97  0.877131
6677.40  0.8036844
6677.83  0.7269766
6678.26  0.6873087
6678.69  0.7206054
6679.12  0.7990893
6679.55  0.8826594
6679.98  0.941992
6680.41  0.969431
6680.84  0.9786174
6681.27  0.9838585
6681.70  0.9864284
6682.13  0.9909233
6682.55  0.991483
6682.98  0.9959708
6683.41  0.9946653
6683.84  0.9950861
6684.27  0.9942062
6684.70  0.9964868
6685.13  0.9958035
6685.56  0.9986519
6685.99  1.001097
6686.42  1.000013
6686.85  0.9982458
6687.28  0.995725
6687.71  0.9966208
6688.14  0.9963863
6688.57  1.00176
6689.00  1.000981
6689.42  0.9972011
6689.85  0.9998304
6690.28  0.9947693
6690.71  0.996796
6691.14  1.003187
6691.57  0.9984537
6692.00  0.9971433
6692.43  1.000235
6692.86  1.003154
6693.29  0.994718
6693.72  0.9919119
6694.15  0.9894453
6694.58  0.995271
6695.01  0.9962217
6695.44  1.001449
6695.87  1.001612
6696.29  0.9989514
6696.72  1.005034
6697.15  1.004723
6697.58  1.006206
6698.01  1.003832
6698.44  1.002124
6698.87  1.003271
6699.30  0.9987917
6699.73  0.9964755
6700.16  1.001816
6700.59  1.005221
6701.02  1.001413
6701.45  0.9980711
6701.88  1.002453
6702.31  1.005645
6702.74  1.004981
6703.16  1.001071
6703.59  1.007185
6704.02  1.00469
6704.45  0.9985073
6704.88  0.9968426
6705.31  0.9946231
6705.74  0.9957038
6706.17  0.9968798
6706.60  1.000484
6707.03  0.9993584
6707.46  0.9961195
6707.89  0.9946818
6708.32  1.001842
6708.75  1.002757
6709.18  0.9982728
6709.61  0.9965825
6710.03  0.9989917
6710.46  0.9974595
6710.89  0.9963002
6711.32  0.9967748
6711.75  1.001386
6712.18  1.000491
6712.61  1.003714
6713.04  1.007353
6713.47  1.0052
6713.90  1.005686
6714.33  1.003976
6714.76  0.9965087
6715.19  0.9988334
6715.62  1.001297
6716.05  1.003975
6716.48  0.9974722
6716.90  0.9911947
6717.33  0.9926847
6717.76  0.9956518
6718.19  0.9883394
6718.62  0.9901047
6719.05  0.9958496
6719.48  1.000251
6719.91  0.9950936
6720.34  0.9893414
6720.77  0.991163
6721.20  0.9876427
6721.63  0.9870633
6722.06  0.9856941
6722.49  0.9900892
6722.92  0.9950054
6723.35  0.9952721
6723.77  0.9965668
6724.20  0.9980033
6724.63  0.9943973
6725.06  0.989406
6725.49  0.9965678
6725.92  0.999599
6726.35  0.9970432
6726.78  0.998411
6727.21  0.9951201
6727.64  0.9970325
6728.07  0.993533
6728.50  0.994634
6728.93  1.003675
6729.36  1.012277
6729.79  1.010489
6730.22  1.001672
6730.64  0.9988069
6731.07  0.9995921
6731.50  0.9995232
6731.93  1.00029
6732.36  0.9979906
6732.79  0.9925659
6733.22  0.9987072
6733.65  0.9995321
6734.08  1.00074
6734.51  0.9991542
6734.94  0.9999534
6735.37  0.9986496
6735.80  0.9969784
6736.23  1.00926
6736.66  1.005463
6737.09  0.9908581
6737.51  0.9936848
6737.94  0.9967314
6738.37  0.9955168
6738.80  0.9995515
6739.23  0.998695
6739.66  1.004299
6740.09  1.006385
