6179.84  0.9855973
6180.12  0.9943398
6180.41  0.9907434
6180.69  0.9877969
6180.98  0.9845762
6181.26  0.9879561
6181.55  0.9920079
6181.83  0.9982015
6182.11  0.998139
6182.40  0.9943045
6182.68  0.9932345
6182.97  0.9909942
6183.25  0.9914201
6183.53  0.9951806
6183.82  0.9860368
6184.10  0.9866707
6184.39  0.9942518
6184.67  0.9927391
6184.96  0.9923178
6185.24  0.9930267
6185.52  0.9892342
6185.81  0.9918629
6186.09  0.9951596
6186.38  0.9953977
6186.66  0.9949452
6186.94  0.9927028
6187.23  0.9957439
6187.51  0.9985163
6187.80  0.9953545
6188.08  0.9970929
6188.36  0.9990584
6188.65  0.9943808
6188.93  0.9917027
6189.22  0.9960467
6189.50  0.9973856
6189.79  0.999463
6190.07  1.000296
6190.35  0.9996678
6190.64  0.9944069
6190.92  0.9950877
6191.21  0.9976688
6191.49  1.001168
6191.77  0.9965921
6192.06  0.9972904
6192.34  1.002473
6192.63  0.9950314
6192.91  0.9943345
6193.20  1.001717
6193.48  1.004291
6193.76  0.9941972
6194.05  0.9945331
6194.33  0.9963878
6194.62  1.001857
6194.90  1.001519
6195.18  0.9928954
6195.47  0.9944431
6195.75  0.994347
6196.04  0.9913071
6196.32  1.001158
6196.60  1.005225
6196.89  1.001059
6197.17  0.9978337
6197.46  0.9963225
6197.74  0.9923345
6198.03  0.9953591
6198.31  1.002376
6198.59  0.9918128
6198.88  0.9899065
6199.16  0.9978696
6199.45  0.9960821
6199.73  0.9981111
6200.01  0.9948401
6200.30  0.9952272
6200.58  0.9919497
6200.87  0.9938877
6201.15  0.9893073
6201.44  0.9888788
6201.72  0.9865689
6202.00  0.9856471
6202.29  0.9900159
6202.57  0.985283
6202.86  0.9851416
6203.14  0.9922389
6203.42  0.9944717
6203.71  0.987481
6203.99  0.9896022
6204.28  0.9990569
6204.56  1.001614
6204.85  0.9813494
6205.13  0.8820053
6205.41  0.9823109
6205.70  0.9958791
6205.98  0.9932448
6206.27  0.9941946
6206.55  1.001479
6206.83  1.000081
6207.12  1.000784
6207.40  0.9934551
6207.69  0.9949238
6207.97  0.989082
6208.25  0.9875784
6208.54  0.9982001
6208.82  0.9998577
6209.11  0.9947148
6209.39  0.9919883
6209.68  1.000245
6209.96  0.9980475
6210.24  0.9947843
6210.53  0.9982252
6210.81  1.007229
6211.10  1.001648
6211.38  1.005466
6211.66  1.005375
6211.95  0.9933215
6212.23  0.9907929
6212.52  0.9936328
6212.80  0.9983951
6213.09  0.9945949
6213.37  1.002337
6213.65  0.9962422
6213.94  0.9924151
6214.22  0.9980321
6214.51  1.000655
6214.79  0.995598
6215.07  1.001711
6215.36  1.002795
6215.64  1.003788
6215.93  1.00043
6216.21  1.00308
6216.49  0.9992098
6216.78  0.9913986
6217.06  0.9946146
6217.35  0.9969544
6217.63  0.9945596
6217.92  0.996833
6218.20  0.9976511
6218.48  0.9947109
6218.77  0.9926844
6219.05  1.001378
6219.34  1.003874
6219.62  1.006564
6219.90  0.9973244
6220.19  0.9947609
6220.47  1.002933
6220.76  1.00343
6221.04  0.9989247
6221.33  0.9963984
6221.61  1.003704
6221.89  1.006491
6222.18  1.007892
6222.46  1.001949
6222.75  0.9946001
6223.03  0.997503
6223.31  0.9973733
6223.60  0.9927656
6223.88  0.9988599
6224.17  1.003388
6224.45  1.007287
6224.73  1.002706
6225.02  0.9967275
6225.30  1.001116
6225.59  1.000054
6225.87  0.9969103
6226.16  0.9988329
6226.44  0.9998099
6226.72  1.002385
6227.01  1.006296
6227.29  0.9987632
6227.58  0.9950797
6227.86  0.9953309
6228.14  0.9987675
6228.43  0.9983892
6228.71  1.000126
6229.00  1.006956
6229.28  1.000502
6229.57  1.001411
6229.85  1.000644
6230.13  0.9986113
6230.42  0.9996407
6230.70  1.005988
6230.99  1.00401
6231.27  0.9944263
6231.55  0.9964678
6231.84  1.008438
6232.12  0.9995888
6232.41  0.9998869
6232.69  1.002392
6232.97  0.9981635
6233.26  0.9976428
6233.54  1.00404
6233.83  1.005209
6234.11  0.9969943
6234.40  1.0014
6234.68  1.002946
6234.96  1.001848
6235.25  1.001223
6235.53  1.003599
6235.82  1.003258
6236.10  1.006243
6236.38  1.001359
6236.67  1.00068
6236.95  1.001379
6237.24  1.003507
6237.52  1.005971
6237.81  1.000812
6238.09  1.006632
6238.37  1.008656
6238.66  1.005156
6238.94  1.010089
6239.23  1.005621
6239.51  1.008995
6239.79  1.014371
6240.08  1.008667
6240.36  1.00717
6240.65  1.00752
6240.93  1.005038
6241.21  1.004287
6241.50  1.004488
6241.78  1.001293
6242.07  0.9981355
6242.35  0.997166
6242.64  0.994234
6242.92  0.99464
6243.20  0.9990703
6243.49  0.9974872
6243.77  0.9973615
6244.06  1.00649
6244.34  1.011011
6244.62  1.00091
6244.91  1.002945
6245.19  1.001881
6245.48  1.005944
6245.76  1.004025
6246.05  0.9983736
6246.33  0.996806
6246.61  0.9951201
6246.90  0.9934303
6247.18  0.9952003
6247.47  0.9959701
6247.75  0.9936817
6248.03  0.9992259
6248.32  1.004625
6248.60  0.9914463
6248.89  0.9979445
6249.17  1.007146
6249.46  1.000766
6249.74  1.000442
6250.02  0.9979699
6250.31  1.002905
6250.59  1.000832
6250.88  1.0052
6251.16  0.9977583
6251.44  0.9972335
6251.73  0.9940954
6252.01  0.9944761
6252.30  0.9954113
6252.58  0.9946389
6252.86  1.000898
6253.15  0.9965509
6253.43  0.9963534
6253.72  0.9910411
6254.00  1.000269
6254.29  0.9916794
6254.57  1.003966
6254.85  1.000517
6255.14  1.001449
6255.42  1.000524
6255.71  0.9999749
6255.99  0.9964767
6256.27  0.9956756
6256.56  0.9890886
6256.84  0.995391
6257.13  0.995423
6257.41  0.9955131
6257.70  0.9935544
6257.98  0.9947464
6258.26  0.9954044
6258.55  1.000522
6258.83  0.9996251
6259.12  0.9927726
6259.40  0.996327
6259.68  1.000421
6259.97  0.9983317
6260.25  0.9944412
6260.54  0.9950739
6260.82  0.9892859
6261.10  0.9936392
6261.39  0.9998745
6261.67  0.9959138
6261.96  0.9975238
6262.24  1.004143
6262.53  0.9942459
6262.81  0.9952928
6263.09  0.9938617
6263.38  0.997131
6263.66  1.000141
6263.95  0.9947525
6264.23  0.9940212
6264.51  0.9937758
6264.80  0.9892117
6265.08  0.9971382
6265.37  0.993451
6265.65  0.9903173
6265.94  0.9835327
6266.22  0.9885624
6266.50  0.9852194
6266.79  0.9906419
6267.07  0.9853053
6267.36  0.9904887
6267.64  0.9934384
6267.92  0.9864581
6268.21  0.9927598
6268.49  0.9886774
6268.78  0.9982509
6269.06  0.99752
6269.34  1.000427
6269.63  0.9952081
6269.91  0.993975
6270.20  0.9870763
6270.48  0.9982352
6270.77  1.003723
6271.05  0.9972404
6271.33  0.9871907
6271.62  0.9895355
6271.90  0.9849715
6272.19  0.9869974
6272.47  0.98816
6272.75  0.9906994
6273.04  0.9919658
6273.32  0.9964561
6273.61  0.9961995
6273.89  0.9935713
6274.18  0.9938563
6274.46  0.9900438
6274.74  0.9844318
6275.03  0.994307
6275.31  0.993772
6275.60  0.9813095
6275.88  0.9515773
6276.16  0.9100882
6276.45  0.9061627
6276.73  0.8750451
6277.02  0.8647742
6277.30  0.8712347
6277.58  0.8654433
6277.87  0.9209959
6278.15  0.9252214
6278.44  0.8949025
6278.72  0.9262355
6279.01  0.9501246
6279.29  0.9337632
6279.57  0.9385284
6279.86  0.9322023
6280.14  0.9558196
6280.43  0.9582539
6280.71  0.9450644
6280.99  0.9689271
6281.28  0.9596657
6281.56  0.956655
6281.85  0.9581686
6282.13  0.9488009
6282.42  0.9629942
6282.70  0.9814905
6282.98  0.9681537
6283.27  0.9634287
6283.55  0.9761488
6283.84  0.9760655
6284.12  0.9732918
6284.40  0.9869601
6284.69  0.9855296
6284.97  0.9812067
6285.26  0.9795798
6285.54  0.9733831
6285.82  0.9816643
6286.11  0.9894562
6286.39  0.9895065
6286.68  0.9802044
6286.96  0.9781568
6287.25  0.962194
6287.53  0.9776476
6287.81  0.9907194
6288.10  0.981924
6288.38  0.9826938
6288.67  0.9692466
6288.95  0.9608786
6289.23  0.9707912
6289.52  0.9615817
6289.80  0.9623549
6290.09  0.9823912
6290.37  0.9886423
6290.66  0.9958617
6290.94  0.9884722
6291.22  0.9787548
6291.51  0.9626279
6291.79  0.9540856
6292.08  0.9624806
6292.36  0.932593
6292.64  0.9540402
6292.93  0.9898812
6293.21  0.9928259
6293.50  0.993619
6293.78  0.9926035
6294.07  0.9779226
6294.35  0.9717504
6294.63  0.9470121
6294.92  0.9579217
6295.20  0.9570997
6295.49  0.9371158
6295.77  0.9712721
6296.05  0.9949695
6296.34  0.9958987
6296.62  0.9832884
6296.91  0.9835566
6297.19  0.9963657
6297.47  0.986351
6297.76  0.9606267
6298.04  0.9548433
6298.33  0.9627072
6298.61  0.9449039
6298.90  0.9517817
6299.18  0.9750075
6299.46  0.9920143
6299.75  0.9974122
6300.03  0.9953231
6300.32  0.992157
6300.60  0.9941599
6300.88  0.992994
6301.17  0.9756731
6301.45  0.9582815
6301.74  0.9733926
6302.02  0.9585572
6302.31  0.9534835
6302.59  0.9742488
6302.87  0.9912713
6303.16  0.9892839
6303.44  0.9875537
6303.73  0.9901075
6304.01  0.9910542
6304.29  0.9928932
6304.58  0.9824573
6304.86  0.9858982
6305.15  0.9641311
6305.43  0.9526308
6305.71  0.960252
6306.00  0.9529194
6306.28  0.9716272
6306.57  0.9848375
6306.85  0.9878867
6307.14  0.9907928
6307.42  0.9930688
6307.70  0.99492
6307.99  0.9980904
6308.27  0.9969845
6308.56  0.9912642
6308.84  0.9849597
6309.12  0.9796454
6309.41  0.9759176
6309.69  0.9799077
6309.98  0.973313
6310.26  0.9765175
6310.55  0.9874881
6310.83  0.997654
6311.11  0.9919382
6311.40  0.9895384
6311.68  0.9903682
6311.97  0.9862676
6312.25  0.9991354
6312.53  0.9935242
6312.82  0.9941977
6313.10  0.9861028
6313.39  0.9887571
6313.67  0.981797
6313.95  0.9818766
6314.24  0.9714009
6314.52  0.9756688
6314.81  0.9842492
6315.09  0.9869295
6315.38  0.9888303
6315.66  0.9895904
6315.94  0.9898157
6316.23  0.9869567
6316.51  0.9878564
6316.80  0.9917815
6317.08  0.988323
6317.36  0.9939057
6317.65  0.9952589
6317.93  0.9911662
6318.22  0.9813229
6318.50  0.9868035
6318.79  0.9837327
6319.07  0.9773972
6319.35  0.9829568
6319.64  1.000778
6319.92  0.9942328
6320.21  0.994636
6320.49  0.9960669
6320.77  0.9958704
6321.06  0.9997358
6321.34  0.9977015
6321.63  0.9987896
6321.91  1.004346
6322.19  0.9937574
6322.48  1.00146
6322.76  1.001611
6323.05  0.9824365
6323.33  0.9827363
6323.62  0.9851745
6323.90  0.9853418
6324.18  0.98817
6324.47  0.9859289
6324.75  0.9957878
6325.04  0.9976417
6325.32  0.9999416
6325.60  0.9968998
6325.89  0.9974954
6326.17  0.9975587
6326.46  0.9893788
6326.74  0.9970044
6327.03  0.9880531
6327.31  0.9938637
6327.59  0.994773
6327.88  0.9949434
6328.16  0.9894525
6328.45  0.9874539
6328.73  0.9915977
6329.01  0.9970567
6329.30  1.002378
6329.58  0.9945561
6329.87  0.9921013
6330.15  0.9956383
6330.43  0.9984322
6330.72  0.9955857
6331.00  0.9941909
6331.29  0.9911709
6331.57  0.9912122
6331.86  0.9915975
6332.14  0.9948598
6332.42  0.9963315
6332.71  0.9875938
6332.99  0.9884332
6333.28  0.983972
6333.56  0.9864803
6333.84  0.9894757
6334.13  0.9816698
6334.41  0.9829208
6334.70  0.9925832
6334.98  0.9887745
6335.27  0.9858418
6335.55  0.9943663
6335.83  0.9907063
6336.12  0.98405
6336.40  0.9962866
6336.69  0.9943018
6336.97  0.9816655
6337.25  0.9947895
6337.54  0.9944334
6337.82  0.9850069
6338.11  0.9927501
6338.39  0.9966319
6338.68  0.9959575
6338.96  0.9907148
6339.24  0.9922833
6339.53  0.9986408
6339.81  0.9906872
6340.10  0.9903361
6340.38  0.9922308
6340.66  0.9911448
6340.95  0.9904044
6341.23  0.9901022
6341.52  0.9901726
6341.80  0.9925696
6342.08  0.9936517
6342.37  0.9928439
6342.65  0.992952
6342.94  0.9944161
6343.22  1.000339
6343.51  0.9935356
6343.79  0.9989697
6344.07  1.004284
6344.36  0.9925209
6344.64  0.9948918
6344.93  0.9906732
6345.21  0.988452
6345.49  0.9924914
6345.78  0.9822202
6346.06  0.9700778
6346.35  0.9667591
6346.63  0.9614171
6346.92  0.9616734
6347.20  0.9691252
6347.48  0.9706603
6347.77  0.9745093
6348.05  0.9770729
6348.34  0.9821022
6348.62  0.9862989
6348.90  0.990799
6349.19  0.9956869
6349.47  0.9960396
6349.76  1.001215
6350.04  0.9957219
6350.32  0.9879547
6350.61  0.9908357
6350.89  1.001181
6351.18  0.9953883
6351.46  0.9932871
6351.75  0.9945579
6352.03  0.9998693
6352.31  0.9977077
6352.60  0.9937379
6352.88  0.9944189
6353.17  0.9909691
6353.45  0.9959874
6353.73  0.9917982
6354.02  0.9916847
6354.30  0.9951352
6354.59  0.9973926
6354.87  1.001346
6355.16  0.9962599
6355.44  0.9950016
6355.72  0.9990019
6356.01  1.000541
6356.29  1.002474
6356.58  1.001794
6356.86  0.9970794
6357.14  0.9957615
6357.43  0.999704
6357.71  0.9981251
6358.00  0.9957195
6358.28  0.9918036
6358.56  0.9871289
6358.85  0.9929155
6359.13  1.002255
6359.42  0.9979626
6359.70  0.9989773
6359.99  0.998779
6360.27  0.9966362
6360.55  0.9981279
6360.84  0.9916269
6361.12  0.9964181
6361.41  0.9960609
6361.69  0.994923
6361.97  1.001721
6362.26  0.9998634
6362.54  1.007474
6362.83  1.004147
6363.11  1.001784
6363.40  0.9953982
6363.68  0.9931274
6363.96  1.002148
6364.25  1.002034
6364.53  1.002148
6364.82  0.9950752
6365.10  1.004805
6365.38  0.9963158
6365.67  0.9960504
6365.95  0.997175
6366.24  0.9955446
6366.52  1.000369
6366.80  1.002011
6367.09  1.000007
6367.37  0.9951953
6367.66  0.9983814
6367.94  0.9979165
6368.23  0.9988541
6368.51  0.9983463
6368.79  1.003959
6369.08  0.9977676
6369.36  0.9933588
6369.65  0.9914974
6369.93  0.9831077
6370.21  0.9904565
6370.50  0.9813877
6370.78  0.9728577
6371.07  0.9834341
6371.35  0.9758993
6371.64  0.985781
6371.92  0.9816269
6372.20  0.9796178
6372.49  0.9919222
6372.77  0.9955264
6373.06  0.9958024
6373.34  1.000268
6373.62  0.9944214
6373.91  0.9944673
6374.19  1.004172
6374.48  1.000111
6374.76  0.9925893
6375.05  0.9942026
6375.33  1.003558
6375.61  1.002367
6375.90  1.000212
6376.18  1.001793
6376.47  1.001708
6376.75  1.003202
6377.03  1.001805
6377.32  1.000313
6377.60  0.9951263
6377.89  0.996529
6378.17  0.9993466
6378.45  0.9960289
6378.74  0.9918645
6379.02  0.9907592
6379.31  0.9955831
6379.59  0.9941024
6379.88  0.9936468
6380.16  1.008184
6380.44  1.004625
6380.73  0.9954517
6381.01  0.9960325
6381.30  0.9909378
6381.58  0.9887977
6381.86  0.9936674
6382.15  0.9933448
6382.43  0.990584
6382.72  0.9925851
6383.00  0.9885581
6383.29  0.9896771
6383.57  0.9961779
6383.85  0.9949942
6384.14  0.9852821
6384.42  0.9848994
6384.71  0.98826
6384.99  0.9932491
6385.27  0.9918561
6385.56  0.9914836
6385.84  0.9886287
6386.13  0.9927089
6386.41  0.987904
6386.69  0.9881163
6386.98  0.9883095
6387.26  0.9885339
6387.55  0.9841102
6387.83  0.9783463
6388.12  0.9875205
6388.40  0.9909453
6388.68  0.9876068
6388.97  0.9873484
6389.25  0.9921839
6389.54  0.9826789
6389.82  0.9919246
6390.10  1.000215
6390.39  0.9927587
6390.67  0.9956252
6390.96  0.9935891
6391.24  0.9892909
6391.53  0.9885591
6391.81  0.993442
6392.09  0.9887801
6392.38  0.9913607
6392.66  0.9865659
6392.95  0.9884428
6393.23  1.001203
6393.51  0.9925956
6393.80  0.9872795
6394.08  0.9928977
6394.37  0.9894189
6394.65  0.9883035
6394.93  0.996224
6395.22  0.9914857
6395.50  0.988489
6395.79  0.9846163
6396.07  0.9913937
6396.36  0.9926209
6396.64  0.9902971
6396.92  0.9804277
6397.21  0.9827539
6397.49  0.984722
6397.78  0.985809
6398.06  0.9869266
6398.34  0.9810051
6398.63  0.9799228
6398.91  0.9886516
6399.20  0.9893967
6399.48  0.9885834
6399.77  0.9846095
6400.05  0.9884356
6400.33  0.9764382
6400.62  0.9736796
6400.90  0.9661494
6401.19  0.9659104
6401.47  0.9701071
6401.75  0.9657314
6402.04  0.9680403
6402.32  0.9641847
6402.61  0.9632329
6402.89  0.9652523
6403.17  0.9735117
6403.46  0.97212
6403.74  0.9781403
6404.03  0.9795452
6404.31  0.9742572
6404.60  0.9866994
6404.88  0.9846752
6405.16  0.9817005
6405.45  0.9915497
6405.73  0.9848194
6406.02  0.9884125
6406.30  0.9868224
6406.58  0.9837013
6406.87  0.9883411
6407.15  0.9846478
6407.44  0.9825369
6407.72  0.9856151
6408.01  0.9850193
6408.29  0.9836636
6408.57  0.9908788
6408.86  0.9868133
6409.14  0.9915954
6409.43  0.9942186
6409.71  0.9926223
6409.99  0.9877195
6410.28  0.9867319
6410.56  0.9906668
6410.85  0.9891877
6411.13  0.9943581
6411.41  0.9918637
6411.70  0.994141
6411.98  0.9978451
6412.27  0.9908577
6412.55  0.9869996
6412.84  0.9876007
6413.12  0.9876369
6413.40  0.9866675
6413.69  0.98417
6413.97  0.9915909
6414.26  0.9889339
6414.54  0.9876291
6414.82  0.9933337
6415.11  0.9930794
6415.39  0.9892558
6415.68  0.9951125
6415.96  0.9949176
6416.25  0.9917029
6416.53  0.9968818
6416.81  0.9922679
6417.10  0.9861326
6417.38  0.9882807
6417.67  0.990164
6417.95  0.9914836
6418.23  0.9934069
6418.52  0.9893833
6418.80  0.9960669
6419.09  0.9925282
6419.37  0.9898132
6419.66  0.99679
6419.94  0.9960235
6420.22  1.001047
6420.51  0.9943811
6420.79  0.9904714
6421.08  0.9914657
6421.36  0.9938065
6421.64  0.9967595
6421.93  0.9878265
6422.21  0.9934302
6422.50  0.9970817
6422.78  0.9888359
6423.06  0.9930301
6423.35  1.00035
6423.63  1.001692
6423.92  0.9996159
6424.20  0.9957958
6424.49  1.000614
6424.77  1.000364
6425.05  0.9927738
6425.34  0.9938661
6425.62  1.001937
6425.91  0.9999022
6426.19  0.9946307
6426.47  1.001714
6426.76  0.9963331
6427.04  0.9992247
6427.33  0.9974751
6427.61  0.9927698
6427.90  0.9934645
6428.18  0.9930595
6428.46  0.9922312
6428.75  0.9917431
6429.03  0.9908907
6429.32  0.9980847
6429.60  0.9943614
6429.88  0.9935934
6430.17  0.9971367
6430.45  0.9994139
6430.74  0.9941353
6431.02  0.9910944
6431.30  1.002798
6431.59  1.002518
6431.87  0.9907515
6432.16  0.989487
6432.44  0.9925479
6432.73  0.9971511
6433.01  0.9970743
6433.29  0.9938843
6433.58  0.9918416
6433.86  0.994689
6434.15  0.997329
6434.43  0.9977474
6434.71  0.9980572
6435.00  0.997479
6435.28  0.9923136
6435.57  0.9934564
6435.85  0.9966524
6436.14  0.9929976
6436.42  0.9988751
6436.70  1.001295
6436.99  1.001889
6437.27  0.9998569
6437.56  0.9985077
6437.84  0.99426
6438.12  0.9994008
6438.41  0.9983986
6438.69  0.9988288
6438.98  0.9996744
6439.26  0.9991274
6439.54  0.9952158
6439.83  0.9917318
6440.11  0.9976718
6440.40  0.9976378
6440.68  0.9986563
6440.97  0.9997593
6441.25  1.001275
6441.53  0.9988706
6441.82  0.9983482
6442.10  0.99837
6442.39  1.001891
6442.67  0.9989845
6442.95  0.9948125
6443.24  0.9972952
6443.52  0.9984385
6443.81  0.993913
6444.09  0.9954205
6444.38  1.002818
6444.66  0.9976416
6444.94  0.9985503
6445.23  1.002254
6445.51  0.9979851
6445.80  0.9949561
6446.08  0.9960142
6446.36  0.9964713
6446.65  0.9969597
6446.93  0.9994148
6447.22  1.002978
6447.50  1.003456
6447.78  0.9982557
6448.07  0.9989533
6448.35  0.9985377
6448.64  0.9964136
6448.92  1.004494
6449.21  1.005058
6449.49  1.00218
6449.77  1.000362
6450.06  0.9981302
6450.34  0.9984537
6450.63  0.999509
6450.91  1.005403
6451.19  1.002247
6451.48  0.9999225
6451.76  1.004897
6452.05  1.003242
6452.33  0.9973791
6452.62  0.9963833
6452.90  0.9977984
6453.18  0.9943326
6453.47  0.9923623
6453.75  0.9964253
6454.04  0.9891463
6454.32  0.9919251
6454.60  0.9979579
6454.89  0.9989209
6455.17  0.9974934
6455.46  0.9986407
6455.74  1.002142
6456.02  1.000081
6456.31  0.9982929
6456.59  1.001352
6456.88  0.9988414
6457.16  1.000131
6457.45  1.006428
6457.73  1.002494
6458.01  0.9912307
6458.30  0.987422
6458.58  0.9869021
6458.87  1.000188
6459.15  0.9953941
6459.43  1.000355
6459.72  1.00331
6460.00  0.9985526
6460.29  0.9962164
6460.57  0.9958369
6460.86  0.9919001
6461.14  0.9906415
6461.42  0.9943939
6461.71  0.997365
6461.99  1.001561
6462.28  0.9992765
6462.56  0.9951715
6462.84  0.9882225
6463.13  0.9956886
6463.41  0.9956132
6463.70  0.9944268
6463.98  0.9926863
6464.27  0.9976991
6464.55  0.9980487
6464.83  0.9938146
6465.12  0.998352
6465.40  0.9942917
6465.69  0.9969081
6465.97  0.9935269
6466.25  1.003071
6466.54  0.9924439
6466.82  0.9949224
6467.11  0.9884147
6467.39  0.9923617
6467.67  0.9948951
6467.96  0.997605
6468.24  1.004088
6468.53  0.9947628
6468.81  0.9935822
6469.10  0.9888104
6469.38  0.9838306
6469.66  0.9948233
6469.95  1.007697
6470.23  1.003505
6470.52  1.003136
6470.80  1.001393
6471.08  1.007638
6471.37  1.002084
6471.65  1.000699
6471.94  0.9929532
6472.22  0.9871061
6472.51  0.9833686
6472.79  0.994963
6473.07  1.004155
6473.36  1.003224
6473.64  1.007675
6473.93  1.006653
6474.21  0.9787365
6474.49  0.954493
6474.78  0.9647577
6475.06  0.9597742
6475.35  0.9612187
6475.63  0.9836549
6475.91  0.9944755
6476.20  0.9906184
6476.48  0.9934771
6476.77  0.9971604
6477.05  1.001354
6477.34  0.9981018
6477.62  1.004581
6477.90  1.011365
6478.19  0.9985679
6478.47  0.9986295
6478.76  0.9880123
6479.04  0.9790702
6479.32  0.9684634
6479.61  0.9701563
6479.89  0.98957
6480.18  0.9998478
6480.46  1.00135
6480.75  0.9989229
6481.03  0.9937031
6481.31  0.9854963
6481.60  0.9944408
6481.88  0.9956689
6482.17  0.9815906
6482.45  0.9665719
6482.73  0.9586312
6483.02  0.9559414
6483.30  0.956148
6483.59  0.974737
6483.87  0.9862884
6484.15  0.9939786
6484.44  1.002173
6484.72  1.002486
6485.01  0.9972348
6485.29  0.9956201
6485.58  1.001085
6485.86  1.001597
6486.14  0.98779
6486.43  0.9898071
6486.71  1.002939
6487.00  0.9915487
6487.28  0.9878722
6487.56  0.9938402
6487.85  1.002876
6488.13  1.002214
6488.42  0.9942049
6488.70  0.9898381
6488.99  0.9974237
6489.27  1.002183
6489.55  1.006507
6489.84  0.98864
6490.12  0.9591839
6490.41  0.9691507
6490.69  0.9979547
6490.97  1.011939
6491.26  1.004062
6491.54  1.000603
6491.83  0.9981489
6492.11  0.9772545
6492.39  0.9717888
6492.68  0.9835527
6492.96  0.9970992
6493.25  1.00949
6493.53  0.9997833
6493.82  0.9952279
6494.10  0.9979321
6494.38  0.995524
6494.67  0.9955928
6494.95  0.9812026
6495.24  0.9661793
6495.52  0.9860071
6495.80  0.9984736
6496.09  1.000033
6496.37  1.001268
6496.66  0.9967837
6496.94  0.9941164
6497.23  1.000654
6497.51  1.003643
6497.79  1.002315
6498.08  1.009962
6498.36  1.005039
6498.65  1.005765
6498.93  1.011495
6499.21  1.005358
6499.50  1.017852
6499.78  1.01299
6500.07  1.007744
6500.35  1.005127
6500.63  0.9995028
6500.92  1.000193
6501.20  0.9988717
6501.49  1.010609
6501.77  1.003191
6502.06  1.00013
6502.34  1.007088
6502.62  1.0076
6502.91  1.003362
6503.19  0.9998105
6503.48  0.9941356
6503.76  1.000212
6504.04  1.006598
6504.33  1.006252
6504.61  0.9984445
6504.90  1.004937
6505.18  0.9942575
6505.47  0.9921484
6505.75  1.000545
6506.03  0.9972191
6506.32  0.9904332
6506.60  0.9927495
6506.89  1.002732
6507.17  0.9981949
6507.45  0.9980395
6507.74  0.9907906
6508.02  0.9875508
6508.31  0.9957255
6508.59  1.004297
6508.88  1.001954
6509.16  1.000548
6509.44  1.007086
6509.73  1.01076
6510.01  1.009828
6510.30  1.014476
6510.58  1.010431
6510.86  1.000749
6511.15  1.000367
6511.43  0.9889435
6511.72  0.9932404
6512.00  0.9996374
6512.28  0.9979259
6512.57  0.9992685
6512.85  1.009605
6513.14  1.009343
6513.42  1.007685
6513.71  0.9951648
6513.99  0.9606066
6514.27  0.9649009
6514.56  0.9854504
6514.84  0.9892421
6515.13  0.9875893
6515.41  0.9783812
6515.69  0.9531295
6515.98  0.9268247
6516.26  0.9473112
6516.55  0.9732724
6516.83  0.9856861
6517.12  0.989745
6517.40  0.9887124
6517.68  0.9907305
6517.97  0.9893855
6518.25  0.9923571
6518.54  0.9759587
6518.82  0.9656091
6519.10  0.9857272
6519.39  0.99436
6519.67  0.9962716
6519.96  1.003469
6520.24  0.9985239
6520.52  0.9977697
6520.81  0.9978226
6521.09  0.995894
6521.38  0.9894321
6521.66  0.9861488
6521.95  0.9969623
6522.23  0.9952814
6522.51  0.9857223
6522.80  0.985347
6523.08  0.9759259
6523.37  0.9733036
6523.65  0.9747606
6523.93  0.9865727
6524.22  0.9955495
6524.50  0.9960505
6524.79  0.9957106
6525.07  1.00552
6525.36  1.005635
6525.64  1.009287
6525.92  1.006845
6526.21  0.9944342
6526.49  0.9992568
6526.78  1.00458
6527.06  0.9937411
6527.34  0.9932367
6527.63  0.998715
6527.91  1.006349
6528.20  1.001283
6528.48  0.9999632
6528.76  1.00504
6529.05  1.006457
6529.33  1.004669
6529.62  1.001566
6529.90  0.994055
6530.19  0.9982792
6530.47  1.000716
6530.75  1.009967
6531.04  1.007525
6531.32  0.9885488
6531.61  0.979486
6531.89  0.9747691
6532.17  0.9892979
6532.46  0.9930169
6532.74  0.9950699
6533.03  0.9989429
6533.31  0.9842923
6533.60  0.9807829
6533.88  0.9921432
6534.16  0.9925925
6534.45  0.9922033
6534.73  0.9957374
6535.02  1.003063
6535.30  0.9961171
6535.58  0.9959668
6535.87  0.9829457
6536.15  0.9875628
6536.44  0.9949185
6536.72  0.9975687
6537.00  0.9999521
6537.29  1.002608
6537.57  1.004505
6537.86  1.001922
6538.14  0.9976637
6538.43  0.9976563
6538.71  1.000946
6538.99  1.000417
6539.28  0.9972873
6539.56  0.9929436
6539.85  0.9996335
6540.13  0.9981624
6540.41  1.006278
6540.70  1.004076
6540.98  0.9992471
6541.27  0.9932957
6541.55  0.9841931
6541.84  0.9817796
6542.12  0.9891417
6542.40  0.996282
6542.69  0.9995926
6542.97  0.9767629
6543.26  0.9593336
6543.54  0.9632111
6543.82  0.9837344
6544.11  0.9902692
6544.39  0.9933428
6544.68  0.9896132
6544.96  0.972971
6545.25  0.9846346
6545.53  0.9908561
6545.81  0.9883089
6546.10  0.9813759
6546.38  0.9855088
6546.67  0.9810553
6546.95  0.9736334
6547.23  0.9693363
6547.52  0.97601
6547.80  0.9587282
6548.09  0.9529048
6548.37  0.9683905
6548.65  0.9841715
6548.94  0.9871745
6549.22  0.9886565
6549.51  0.9904069
6549.79  0.9844117
6550.08  0.9762402
6550.36  0.9723207
6550.64  0.9803997
6550.93  0.9780887
6551.21  0.9725114
6551.50  0.9623548
6551.78  0.9558846
6552.06  0.9397689
6552.35  0.9416948
6552.63  0.9567612
6552.92  0.9529628
6553.20  0.9579256
6553.49  0.9587509
6553.77  0.9529474
6554.05  0.9553829
6554.34  0.9515447
6554.62  0.9432384
6554.91  0.9477301
6555.19  0.9533291
6555.47  0.940985
6555.76  0.9334121
6556.04  0.9293187
6556.33  0.9195963
6556.61  0.9093087
6556.89  0.9133486
6557.18  0.9066355
6557.46  0.8967332
6557.75  0.8975272
6558.03  0.889065
6558.32  0.8817797
6558.60  0.8789032
6558.88  0.869459
6559.17  0.8603582
6559.45  0.8434535
6559.74  0.8215528
6560.02  0.8072289
6560.30  0.7854794
6560.59  0.7641867
6560.87  0.7475764
6561.16  0.7261961
6561.44  0.6956214
6561.73  0.669444
6562.01  0.6489692
6562.29  0.6429778
6562.58  0.6379051
6562.86  0.6351158
6563.15  0.6435142
6563.43  0.6505452
6563.71  0.6680889
6564.00  0.6937757
6564.28  0.7245954
6564.57  0.7537449
6564.85  0.7808229
6565.13  0.8068449
6565.42  0.8207284
6565.70  0.8333179
6565.99  0.8547988
6566.27  0.8683654
6566.56  0.8721462
6566.84  0.8783235
6567.12  0.8872452
6567.41  0.8959848
6567.69  0.8989143
6567.98  0.8965005
6568.26  0.9028814
6568.54  0.9147462
6568.83  0.9234677
6569.11  0.9259508
6569.40  0.9331432
6569.68  0.9374871
6569.97  0.9394974
6570.25  0.9473236
6570.53  0.9510207
6570.82  0.9462484
6571.10  0.9435166
6571.39  0.9359807
6571.67  0.9382083
6571.95  0.9521453
6572.24  0.9641842
6572.52  0.9680631
6572.81  0.963488
6573.09  0.9708878
6573.37  0.9701126
6573.66  0.9697647
6573.94  0.9596561
6574.23  0.9465972
6574.51  0.9632019
6574.80  0.9674013
6575.08  0.9689928
6575.36  0.9728467
6575.65  0.9664447
6575.93  0.9606714
6576.22  0.9498745
6576.50  0.9328407
6576.78  0.9292585
6577.07  0.9208986
6577.35  0.9148054
6577.64  0.8999885
6577.92  0.8994254
6578.21  0.9107308
6578.49  0.9126551
6578.77  0.9133039
6579.06  0.9204533
6579.34  0.9333348
6579.63  0.9461472
6579.91  0.9612141
6580.19  0.9574792
6580.48  0.9640739
6580.76  0.9743845
6581.05  0.9649802
6581.33  0.9536015
6581.61  0.945987
6581.90  0.9422085
6582.18  0.9397678
6582.47  0.9315805
6582.75  0.9109782
6583.04  0.9155512
6583.32  0.9337044
6583.60  0.936805
6583.89  0.9460847
6584.17  0.9554242
6584.46  0.9612967
6584.74  0.9804683
6585.02  0.9819331
6585.31  0.9864054
6585.59  0.9889158
6585.88  0.9820522
6586.16  0.9834876
6586.45  0.9946762
6586.73  0.9920883
6587.01  0.9954724
6587.30  0.9962652
6587.58  0.9978731
6587.87  0.9969153
6588.15  0.9989675
6588.43  0.9985713
6588.72  0.9959174
6589.00  0.998548
6589.29  0.9940983
6589.57  1.000518
6589.86  1.001434
6590.14  0.9991942
6590.42  0.9930133
6590.71  0.99168
6590.99  1.000618
6591.28  1.003483
6591.56  0.9974533
6591.84  0.9950717
6592.13  0.9915217
6592.41  0.9951101
6592.70  0.987509
6592.98  0.9959884
6593.26  1.000093
6593.55  0.9909055
6593.83  0.9896122
6594.12  0.9846459
6594.40  0.9897165
6594.69  0.9988952
6594.97  0.9943751
6595.25  0.9957736
6595.54  0.993926
6595.82  0.993193
6596.11  0.9881319
6596.39  1.001164
6596.67  0.9961288
6596.96  0.9898036
6597.24  0.9895191
6597.53  0.9942293
6597.81  0.9853567
6598.10  0.9889619
6598.38  0.9882436
6598.66  0.9777341
6598.95  0.9855967
6599.23  0.9787582
6599.52  0.9828105
6599.80  0.989243
6600.08  0.9906294
6600.37  0.9860988
6600.65  0.9888977
6600.94  0.9895093
6601.22  0.9863612
6601.50  0.9916926
6601.79  0.9899337
6602.07  0.9962072
6602.36  0.9962674
6602.64  0.9942588
6602.93  0.992455
6603.21  0.9904507
6603.49  0.9980177
6603.78  0.9957154
6604.06  0.9972095
6604.35  0.991918
6604.63  0.9799373
6604.91  0.9856479
6605.20  0.9915
6605.48  0.9894193
6605.77  0.9932162
6606.05  0.9895792
6606.34  0.9974648
6606.62  0.9972304
6606.90  0.9928302
6607.19  0.9944836
6607.47  0.9912614
6607.76  0.9921796
6608.04  0.9903972
6608.32  0.9918102
6608.61  0.9935527
6608.89  0.9938017
6609.18  0.9949517
6609.46  0.9944831
6609.74  0.9944221
6610.03  0.9883326
6610.31  0.9880885
6610.60  0.9942209
6610.88  0.9857407
6611.17  0.9874606
6611.45  0.9924652
6611.73  0.9824122
6612.02  0.9922363
6612.30  0.9957903
6612.59  0.9960067
6612.87  0.9839193
6613.15  0.9935325
6613.44  1.001977
6613.72  0.9885874
6614.01  0.994567
6614.29  1.003536
6614.58  0.9948692
6614.86  0.9920827
6615.14  0.9975852
6615.43  0.9948772
6615.71  0.9959366
6616.00  0.9960881
6616.28  1.001122
6616.56  0.9915224
6616.85  0.991143
6617.13  0.995355
6617.42  0.9913034
6617.70  0.9914298
6617.98  0.9938733
6618.27  0.9936095
6618.55  0.9935634
6618.84  0.9938496
6619.12  0.9902322
6619.41  0.9992158
6619.69  0.9944982
6619.97  0.9991923
6620.26  0.9933887
6620.54  0.9915406
6620.83  0.9986058
6621.11  0.993083
6621.39  0.9979792
6621.68  0.994054
6621.96  0.9887562
6622.25  0.9971738
6622.53  0.9951099
6622.82  0.9972317
6623.10  0.988104
6623.38  0.9899519
6623.67  0.9943563
6623.95  0.9882686
6624.24  0.9853291
6624.52  0.9977638
6624.80  0.9944885
6625.09  0.983951
6625.37  0.9976717
6625.66  0.9921741
6625.94  0.9911144
6626.22  0.9863847
6626.51  0.9946555
6626.79  1.00393
6627.08  0.9983081
6627.36  0.995125
6627.65  1.001003
6627.93  0.9946207
6628.21  0.9981946
6628.50  0.99423
6628.78  1.000046
6629.07  0.9874858
6629.35  0.9994158
6629.63  1.006276
6629.92  1.001548
6630.20  0.9828244
6630.49  0.9952875
6630.77  0.9925019
6631.06  0.9924462
6631.34  0.9978566
6631.62  0.9963425
6631.91  0.9982126
6632.19  0.9890686
6632.48  0.9888001
6632.76  0.9962618
6633.04  0.9921302
6633.33  0.9990566
6633.61  0.9954434
6633.90  0.9973989
6634.18  0.9983946
6634.47  0.9951361
6634.75  0.9940398
6635.03  0.9931627
6635.32  1.005632
6635.60  0.9952429
6635.89  0.9984607
6636.17  0.997131
6636.45  1.001191
6636.74  0.9948191
6637.02  1.003165
6637.31  0.9996809
6637.59  1.002782
6637.87  0.9968998
6638.16  1.005786
6638.44  1.004111
6638.73  0.9953554
6639.01  0.9903126
6639.30  0.9911816
6639.58  0.9885925
6639.86  1.003175
6640.15  0.9924691
6640.43  0.9975334
6640.72  0.9990695
6641.00  0.9997348
6641.28  0.9868463
6641.57  0.9895633
6641.85  0.9879456
6642.14  0.9970522
6642.42  0.9928544
6642.71  0.9961294
6642.99  0.9979316
6643.27  0.9922866
6643.56  1.002489
6643.84  1.00474
6644.13  1.000475
6644.41  1.00345
6644.69  1.005689
6644.98  0.9995112
6645.26  0.9994348
6645.55  1.002379
6645.83  1.004253
6646.11  0.9959864
6646.40  0.9964273
6646.68  0.9993955
6646.97  1.00423
6647.25  1.003306
6647.54  1.003274
6647.82  0.9951354
6648.10  0.9987377
6648.39  0.9985165
6648.67  0.9940652
6648.96  0.9949304
6649.24  0.9959834
6649.52  0.9986664
6649.81  1.003404
6650.09  1.004295
6650.38  1.009955
6650.66  1.004641
6650.95  1.003726
6651.23  1.007501
6651.51  1.000173
6651.80  1.000769
6652.08  0.9912959
6652.37  1.001045
6652.65  1.001198
6652.93  0.9980807
6653.22  0.9964925
6653.50  1.000832
6653.79  0.9949958
6654.07  0.9912118
6654.35  0.9890537
6654.64  0.9930489
6654.92  0.9985132
6655.21  1.00151
6655.49  1.002764
6655.78  0.9897252
6656.06  0.9946975
6656.34  0.9905409
6656.63  0.9923205
6656.91  1.00189
6657.20  0.9989636
6657.48  0.9999846
6657.76  0.9944217
6658.05  0.9953517
6658.33  1.001263
6658.62  0.9984483
6658.90  0.9912962
6659.19  0.9917859
6659.47  0.9946046
6659.75  0.9923238
6660.04  0.9920398
6660.32  0.9973338
6660.61  0.9951532
6660.89  0.9945387
6661.17  1.002635
6661.46  0.9972499
6661.74  0.9941967
6662.03  0.9933014
6662.31  0.9951276
6662.59  0.9956516
6662.88  0.9967909
6663.16  1.003097
6663.45  0.9999533
6663.73  0.9953216
6664.02  0.9965692
6664.30  0.9963647
6664.58  1.00649
6664.87  1.008851
6665.15  0.9983826
6665.44  0.9896675
6665.72  0.9946585
6666.00  0.9943255
6666.29  0.9946908
6666.57  1.00334
6666.86  0.9965414
6667.14  0.9923797
6667.43  0.9947289
6667.71  0.9981607
6667.99  0.9966609
6668.28  0.9934442
6668.56  0.9981947
6668.85  0.9936
6669.13  0.9840398
6669.41  0.9844081
6669.70  0.9936234
6669.98  0.9878296
6670.27  0.9816732
6670.55  0.9906335
6670.83  0.9877732
6671.12  0.9806424
6671.40  0.9786116
6671.69  0.9793921
6671.97  0.9848275
6672.26  0.97934
6672.54  0.9733196
6672.82  0.9813371
6673.11  0.9804363
6673.39  0.9748928
6673.68  0.9791982
6673.96  0.9875418
6674.24  0.9824053
6674.53  0.9809757
6674.81  0.980207
6675.10  0.9663091
6675.38  0.9577293
6675.67  0.9502323
6675.95  0.9190383
6676.23  0.901357
6676.52  0.8784595
6676.80  0.8520676
6677.09  0.8301008
6677.37  0.8056884
6677.65  0.7996756
6677.94  0.7943065
6678.22  0.7796395
6678.51  0.7858541
6678.79  0.7912543
6679.08  0.8134508
6679.36  0.8303182
6679.64  0.8674383
6679.93  0.8944656
6680.21  0.912509
6680.50  0.9309512
6680.78  0.9553965
6681.06  0.9637356
6681.35  0.979225
6681.63  0.9876079
6681.92  0.9863256
6682.20  0.9857665
6682.48  0.983784
6682.77  0.9907051
6683.05  0.9843072
6683.34  0.9869105
6683.62  0.9865655
6683.91  0.9944607
6684.19  0.9953606
6684.47  1.000746
6684.76  1.00425
6685.04  1.002094
6685.33  0.9874897
6685.61  0.9859555
6685.89  1.001847
6686.18  1.002983
6686.46  0.9986073
6686.75  1.001716
6687.03  0.9918292
6687.32  0.9970281
6687.60  0.9983444
6687.88  1.003531
6688.17  0.9994709
6688.45  0.9998477
6688.74  0.9937124
6689.02  0.9895954
6689.30  0.9901861
6689.59  0.9989104
6689.87  1.006349
6690.16  0.9993666
6690.44  0.9960145
6690.72  0.9969246
6691.01  0.9946367
6691.29  1.001794
6691.58  1.000814
6691.86  1.001032
6692.15  0.998255
6692.43  0.9992448
6692.71  1.003563
6693.00  1.001607
6693.28  1.001643
6693.57  0.9976134
6693.85  0.9879932
6694.13  0.994197
6694.42  1.003
6694.70  0.9959535
6694.99  0.9985978
6695.27  1.002672
6695.56  0.994364
6695.84  0.9930499
6696.12  0.9887965
6696.41  0.9907443
6696.69  0.9952551
6696.98  0.9963648
6697.26  0.9999293
6697.54  0.9980074
6697.83  0.9917705
6698.11  0.9932034
6698.40  0.9979408
6698.68  0.997278
6698.96  1.001312
6699.25  1.002064
6699.53  0.9982265
6699.82  0.9977082
6700.10  0.9953658
6700.39  0.9961821
6700.67  0.9962487
6700.95  0.9938632
6701.24  0.9979826
6701.52  1.001227
6701.81  0.9950801
6702.09  0.9987944
6702.37  0.9971758
6702.66  0.9959719
6702.94  1.002344
6703.23  0.994217
6703.51  0.9926901
6703.80  0.9971038
6704.08  0.9964392
6704.36  0.9988911
6704.65  1.004085
6704.93  0.9927344
6705.22  0.9936087
6705.50  1.002159
6705.78  1.001395
6706.07  0.9968093
6706.35  0.9917962
6706.64  0.9994348
6706.92  0.9936426
6707.20  0.993403
6707.49  0.9930076
6707.77  1.004882
6708.06  1.000665
6708.34  0.9993396
6708.63  0.9979531
6708.91  0.9958565
6709.19  1.000133
6709.48  1.001164
6709.76  1.007965
6710.05  0.9979776
6710.33  0.9979701
6710.61  0.993131
6710.90  0.9966138
6711.18  1.002641
6711.47  0.9948602
6711.75  0.9983748
6712.04  0.9982753
6712.32  0.9944023
6712.60  0.9951908
6712.89  0.9974106
6713.17  0.9981972
6713.46  1.001479
6713.74  0.9918886
6714.02  0.9992758
6714.31  0.9963374
6714.59  1.004793
6714.88  0.9989944
6715.16  0.9980699
6715.45  0.9898304
6715.73  1.001418
6716.01  0.998179
6716.30  0.9992434
6716.58  1.002681
6716.87  0.9928483
6717.15  0.9910476
6717.43  0.9993536
6717.72  0.9941204
6718.00  0.9858813
6718.29  0.9916258
6718.57  1.002892
6718.85  0.9944385
6719.14  1.002365
6719.42  1.004681
6719.71  0.997386
6719.99  0.9888396
6720.28  0.9916798
6720.56  0.994198
6720.84  0.9891902
6721.13  0.9917513
6721.41  0.995112
6721.70  0.9866062
6721.98  0.9837474
6722.26  0.9912498
6722.55  0.983428
6722.83  0.9903302
6723.12  0.9962857
6723.40  0.9906247
6723.69  0.9933373
6723.97  1.001832
6724.25  0.9960076
6724.54  0.9932047
6724.82  0.9960231
6725.11  0.9943624
6725.39  0.9973328
6725.67  0.9942126
6725.96  1.000331
6726.24  0.9947175
6726.53  0.9917961
6726.81  0.9966785
6727.09  0.9896092
6727.38  0.9892098
6727.66  0.9908632
6727.95  0.9969212
6728.23  0.9939907
6728.52  0.9877411
6728.80  0.9936427
6729.08  0.9971623
6729.37  0.9925668
6729.65  0.994761
6729.94  0.9981991
6730.22  1.000276
6730.50  0.9954783
6730.79  0.9879457
6731.07  0.9943833
6731.36  0.9912834
6731.64  1.001827
6731.93  0.9992275
6732.21  0.990518
6732.49  0.9887563
6732.78  1.002519
6733.06  1.005541
6733.35  0.9985005
6733.63  0.9914125
6733.91  0.9994515
6734.20  0.9978094
6734.48  0.9922358
6734.77  0.9906783
6735.05  0.996224
6735.33  0.993398
6735.62  0.9956435
6735.90  0.9980536
6736.19  0.9936134
6736.47  0.9904381
6736.76  0.9911779
6737.04  0.9959707
6737.32  0.9912452
6737.61  0.9870431
6737.89  0.9938123
6738.18  0.9893184
6738.46  0.9910217
6738.74  0.9787936
6739.03  0.9832993
6739.31  0.9937025
6739.60  0.9905614
6739.88  0.9950228
6740.17  0.9921802
6740.45  0.9863456
6740.73  0.9878461
6741.02  0.9941695
6741.30  0.9932395
6741.59  0.9912639
6741.87  0.9880547
6742.15  0.9919816
6742.44  0.9846056
6742.72  0.9881257
6743.01  0.985844
6743.29  0.9892199
6743.57  0.984077
6743.86  0.9862906
6744.14  0.9904803
6744.43  0.983012
6744.71  0.9837928
6745.00  0.9967462
6745.28  0.9913936
6745.56  0.9842097
6745.85  0.9859366
6746.13  0.9824353
6746.42  0.9865335
6746.70  0.9926658
6746.98  0.9953827
6747.27  0.9902282
6747.55  0.9949229
6747.84  0.9972658
6748.12  0.9821504
6748.41  0.9959906
6748.69  0.994363
6748.97  0.990092
6749.26  0.990033
6749.54  0.9939003
6749.83  0.9890584
6750.11  0.9898918
6750.39  0.9994
6750.68  0.9929237
6750.96  0.9879124
6751.25  0.9974333
6751.53  0.9945444
6751.81  0.9950005
6752.10  0.9881795
6752.38  1.005397
6752.67  1.00165
6752.95  0.9998116
6753.24  0.9912036
6753.52  0.9862453
6753.80  0.99088
6754.09  0.9987537
6754.37  0.9928184
6754.66  0.9977245
6754.94  0.9995975
6755.22  0.9943728
6755.51  0.9974734
6755.79  0.9949591
6756.08  0.9967381
6756.36  0.9977947
6756.65  1.000136
6756.93  1.00096
6757.21  1.000453
6757.50  1.003611
6757.78  0.9998919
6758.07  0.9986186
6758.35  1.001352
6758.63  0.9967278
6758.92  1.000472
6759.20  0.9911914
6759.49  0.9909975
6759.77  0.9904029
6760.06  0.9923255
6760.34  1.000508
6760.62  1.000269
6760.91  1.002797
6761.19  1.005349
6761.48  0.9770861
