3949.55  1.010124
3950.12  1.03077
3950.69  1.022642
3951.26  1.022518
3951.83  1.018192
3952.40  1.018335
3952.97  1.010345
3953.54  0.9927508
3954.11  0.9822212
3954.67  0.9881913
3955.24  0.9866974
3955.81  0.9922488
3956.38  0.9982455
3956.95  0.9966708
3957.52  0.9947572
3958.09  1.000072
3958.66  0.9930347
3959.23  0.9869726
3959.80  0.9934243
3960.37  0.9856924
3960.94  0.9742325
3961.51  0.9686577
3962.08  0.9585324
3962.65  0.9389822
3963.22  0.9107689
3963.79  0.8736101
3964.36  0.8352457
3964.93  0.8163727
3965.50  0.80835
3966.07  0.8115902
3966.64  0.7969055
3967.21  0.7649915
3967.78  0.7215337
3968.35  0.6633443
3968.92  0.6053358
3969.49  0.5662399
3970.06  0.550319
3970.63  0.5695899
3971.20  0.6098824
3971.77  0.6607916
3972.34  0.7161227
3972.91  0.7500528
3973.48  0.7932652
3974.05  0.820297
3974.62  0.855306
3975.19  0.8837156
3975.76  0.9041708
3976.33  0.9144251
3976.90  0.9233493
3977.47  0.9376038
3978.04  0.9493508
3978.61  0.9575061
3979.18  0.9557627
3979.75  0.9574166
3980.32  0.971945
3980.89  0.9728788
3981.46  0.9734071
3982.03  0.9699932
3982.60  0.9676782
3983.17  0.9771295
3983.74  0.9836925
3984.31  0.9944156
3984.88  1.002557
3985.45  0.997233
3986.02  0.9952164
3986.59  1.003728
3987.16  1.006614
3987.73  1.009757
3988.30  1.015143
3988.87  1.013988
3989.44  1.010742
3990.01  1.005869
3990.57  1.010246
3991.14  1.007746
3991.71  1.001169
3992.28  1.01344
3992.85  1.009037
3993.42  0.9968691
3993.99  0.9782992
3994.56  0.9657995
3995.13  0.9571033
3995.70  0.968971
3996.27  0.9887542
3996.84  0.9977848
3997.41  1.0068
3997.98  1.009279
3998.55  0.9971294
3999.12  0.9963133
3999.69  0.9871906
4000.26  0.9950455
4000.83  0.9895489
4001.40  1.000692
4001.97  0.9941723
4002.54  0.9951233
4003.11  0.9962894
4003.68  0.9953135
4004.25  0.9906551
4004.82  0.984633
4005.39  0.980393
4005.96  0.9774845
4006.53  0.9727975
4007.10  0.9649103
4007.67  0.9382631
4008.24  0.9056808
4008.81  0.8585436
4009.38  0.8353977
4009.95  0.8466259
4010.52  0.8856348
4011.09  0.9363754
4011.66  0.9700359
4012.23  0.9875749
4012.80  0.9865847
4013.37  0.9859393
4013.94  0.9871438
4014.51  0.9911174
4015.08  0.9968498
4015.65  0.9944163
4016.22  0.9939385
4016.79  0.9915476
4017.36  0.9958915
4017.93  0.988707
4018.50  0.990769
4019.07  0.9988538
4019.64  0.9952515
4020.21  0.9933973
4020.78  0.9916011
4021.35  0.9827186
4021.92  0.9786777
4022.49  0.9747327
4023.06  0.9593136
4023.63  0.9278584
4024.20  0.8877
4024.77  0.8318918
4025.34  0.7689875
4025.91  0.7271708
4026.48  0.721795
4027.04  0.7575423
4027.61  0.8356801
4028.18  0.9023582
4028.75  0.941267
4029.32  0.963872
4029.89  0.9836655
4030.46  0.9912395
4031.03  0.9998708
4031.60  1.000839
4032.17  0.9984232
4032.74  0.9943982
4033.31  0.9980927
4033.88  0.9964052
4034.45  0.9904708
4035.02  0.9934455
4035.59  0.9858394
4036.16  0.9925694
4036.73  1.011951
4037.30  1.010177
4037.87  1.002498
4038.44  0.9943982
4039.01  1.003257
4039.58  0.9907526
4040.15  0.9912452
4040.72  0.9903111
4041.29  0.9861223
4041.86  0.9794034
4042.43  0.9842122
4043.00  0.988057
4043.57  0.9861089
4044.14  0.9867073
4044.71  0.9940335
4045.28  0.9967307
4045.85  0.9969628
4046.42  0.9954578
4046.99  0.9932994
4047.56  0.9902437
4048.13  0.991863
4048.70  1.002
4049.27  0.9997544
4049.84  0.9971871
4050.41  0.9985799
4050.98  0.9934493
4051.55  0.9994254
4052.12  1.00091
4052.69  0.9967068
4053.26  0.9970861
4053.83  0.9920573
4054.40  0.9919229
4054.97  1.004949
4055.54  1.004794
4056.11  1.004513
4056.68  1.008342
4057.25  1.006305
4057.82  1.011703
4058.39  1.013896
4058.96  1.002323
4059.53  0.9992697
4060.10  1.003761
4060.67  1.003212
4061.24  0.9983806
4061.81  0.998188
4062.38  1.002803
4062.95  1.000502
4063.51  0.9989752
4064.08  1.009225
4064.65  1.011306
4065.22  1.007025
4065.79  1.009856
4066.36  1.019247
4066.93  1.015103
4067.50  1.012066
4068.07  1.002712
4068.64  0.988664
4069.21  0.9802086
4069.78  0.9647806
4070.35  0.9642671
4070.92  0.9694564
4071.49  0.96855
4072.06  0.9686751
4072.63  0.9698414
4073.20  0.9720175
4073.77  0.9745915
4074.34  0.9738733
4074.91  0.9640592
4075.48  0.9545488
4076.05  0.9449897
4076.62  0.9522724
4077.19  0.9737065
4077.76  0.9833375
4078.33  0.9912006
4078.90  0.9906386
4079.47  0.9857235
4080.04  0.9930472
4080.61  0.9877293
4081.18  0.9908801
4081.75  0.9917328
4082.32  0.9922144
4082.89  0.9902657
4083.46  0.9877627
4084.03  0.9835972
4084.60  0.9762705
4085.17  0.9733114
4085.74  0.9709603
4086.31  0.9765793
4086.88  0.9796818
4087.45  0.9825331
4088.02  0.9713959
4088.59  0.9717867
4089.16  0.9684829
4089.73  0.9623052
4090.30  0.9683556
4090.87  0.9733084
4091.44  0.9732451
4092.01  0.9685237
4092.58  0.9620289
4093.15  0.9520174
4093.72  0.9413072
4094.29  0.9453847
4094.86  0.9377
4095.43  0.9223551
4096.00  0.9026797
4096.57  0.8868836
4097.14  0.8650613
4097.71  0.8447621
4098.28  0.8196919
4098.85  0.7948359
4099.41  0.7531682
4099.98  0.7077536
4100.55  0.6454795
4101.12  0.5894415
4101.69  0.5559793
4102.26  0.5507103
4102.83  0.5791662
4103.40  0.6351164
4103.97  0.6898356
4104.54  0.734302
4105.11  0.771465
4105.68  0.8083802
4106.25  0.8399899
4106.82  0.8657764
4107.39  0.8888353
4107.96  0.9058864
4108.53  0.9220581
4109.10  0.9357595
4109.67  0.9363162
4110.24  0.9367863
4110.81  0.9445659
4111.38  0.9525763
4111.95  0.9524823
4112.52  0.9576601
4113.09  0.9660606
4113.66  0.9704878
4114.23  0.9772217
4114.80  0.9810164
4115.37  0.9767056
4115.94  0.9800003
4116.51  0.9820178
4117.08  0.9801139
4117.65  0.9837268
4118.22  0.9826252
4118.79  0.9663371
4119.36  0.9351229
4119.93  0.9107347
4120.50  0.8847194
4121.07  0.8775867
4121.64  0.892515
4122.21  0.9217348
4122.78  0.9625039
4123.35  0.9883757
4123.92  1.000724
4124.49  1.006784
4125.06  1.004319
4125.63  1.003104
4126.20  1.004434
4126.77  1.002079
4127.34  0.9890418
4127.91  0.9785802
4128.48  0.9781712
4129.05  0.9765602
4129.62  0.9789751
4130.19  0.9792677
4130.76  0.9721241
4131.33  0.9619452
4131.90  0.965857
4132.47  0.9717867
4133.04  0.977961
4133.61  0.9840119
4134.18  0.991573
4134.75  0.9929629
4135.32  0.9953024
4135.88  0.9974877
4136.45  1.000929
4137.02  0.9972415
4137.59  0.989728
4138.16  0.9855414
4138.73  0.9891881
4139.30  0.9856029
4139.87  0.9817743
4140.44  0.9748896
4141.01  0.9708397
4141.58  0.9583638
4142.15  0.9385974
4142.72  0.9006707
4143.29  0.8524395
4143.86  0.8161188
4144.43  0.8180844
4145.00  0.855857
4145.57  0.9072281
4146.14  0.9522415
4146.71  0.9737073
4147.28  0.9858443
4147.85  0.99323
4148.42  1.001022
4148.99  1.000664
4149.56  0.997495
4150.13  0.9909851
4150.70  0.9938552
4151.27  0.9969084
4151.84  0.9988236
4152.41  0.9938669
4152.98  0.9834937
4153.55  0.9727669
4154.12  0.9737011
4154.69  0.9819424
4155.26  0.9980899
4155.83  1.002233
4156.40  0.9992768
4156.97  0.9987169
4157.54  1.003228
4158.11  1.006608
4158.68  1.005195
4159.25  1.009219
4159.82  1.00475
4160.39  1.003508
4160.96  1.006958
4161.53  0.9965352
4162.10  0.9965555
4162.67  0.9972867
4163.24  0.9940959
4163.81  0.9964397
4164.38  0.9891331
4164.95  0.9865938
4165.52  0.984423
4166.09  0.9860874
4166.66  0.9945353
4167.23  0.9891187
4167.80  0.984967
4168.37  0.9721675
4168.94  0.9593732
4169.51  0.9605302
4170.08  0.9693875
4170.65  0.9851759
4171.22  0.9920955
4171.78  0.9996728
4172.35  0.9989529
4172.92  1.000774
4173.49  0.997401
4174.06  0.9930381
4174.63  0.9930248
4175.20  0.9922699
4175.77  0.9916363
4176.34  0.9923571
4176.91  0.987637
4177.48  0.9929944
4178.05  0.9995502
4178.62  1.001267
4179.19  0.9997045
4179.76  0.9968566
4180.33  0.994473
4180.90  0.9981286
4181.47  0.9995925
4182.04  1.003567
4182.61  1.003574
4183.18  1.004025
4183.75  1.001667
4184.32  0.9994323
4184.89  0.9929157
4185.46  0.991807
4186.03  0.9890815
4186.60  0.9924596
4187.17  0.9944199
4187.74  0.9991025
4188.31  0.9950923
4188.88  0.9915909
4189.45  0.9880486
4190.02  0.9810458
4190.59  0.9835063
4191.16  0.9933643
4191.73  0.9997002
4192.30  0.9963917
4192.87  0.995629
4193.44  0.9999411
4194.01  0.9963351
4194.58  0.9953498
4195.15  1.000031
4195.72  1.001313
4196.29  1.003074
4196.86  1.002076
4197.43  1.002492
4198.00  1.003992
4198.57  1.003253
4199.14  1.004128
4199.71  1.00128
4200.28  1.002247
4200.85  1.003609
4201.42  1.000973
4201.99  1.004112
4202.56  1.0044
4203.13  1.002885
4203.70  1.005378
4204.27  0.9998258
4204.84  0.9989682
4205.41  1.000949
4205.98  0.9966034
4206.55  0.9969164
4207.12  0.9988847
4207.69  0.9948156
4208.25  0.9950913
4208.82  0.9959137
4209.39  0.9970174
4209.96  0.9965306
4210.53  0.9988328
4211.10  1.002617
4211.67  1.000289
4212.24  0.9990214
4212.81  1.000388
4213.38  1.001844
4213.95  1.001625
4214.52  0.9999973
4215.09  1.00643
4215.66  1.007451
4216.23  1.002369
4216.80  1.003996
4217.37  1.001447
4217.94  1.001738
4218.51  1.004504
4219.08  1.005158
4219.65  1.005153
4220.22  0.9994703
4220.79  1.002075
4221.36  0.9985584
4221.93  0.9934054
4222.50  0.9929789
4223.07  0.9959658
4223.64  0.9973968
4224.21  1.00142
4224.78  1.006196
4225.35  1.001659
4225.92  1.004019
4226.49  1.001893
4227.06  0.9969923
4227.63  0.9993241
4228.20  0.9980969
4228.77  1.000559
4229.34  1.002184
4229.91  1.003019
4230.48  1.001931
4231.05  0.9997762
4231.62  0.9997144
4232.19  1.00135
4232.76  1.004372
4233.33  1.005089
4233.90  1.004267
4234.47  1.004951
4235.04  1.000615
4235.61  0.9960786
4236.18  0.9945248
4236.75  0.9852573
4237.32  0.9835335
4237.89  0.989828
4238.46  0.9939919
4239.03  0.9943776
4239.60  0.9947527
4240.17  0.9962692
4240.74  0.9953655
4241.31  0.9867774
4241.88  0.9822408
4242.45  0.9817405
4243.02  0.9836373
4243.59  0.9887064
4244.16  0.9978471
4244.72  0.9991332
4245.29  0.9938384
4245.86  0.9943138
4246.43  0.9921852
4247.00  0.996982
4247.57  0.9978445
4248.14  0.9955563
4248.71  0.997142
4249.28  0.9947085
4249.85  0.9989411
4250.42  0.9977435
4250.99  0.9965092
4251.56  0.9964074
4252.13  0.9940986
4252.70  0.9933173
4253.27  0.9849206
4253.84  0.9718221
4254.41  0.9710959
4254.98  0.9827698
4255.55  0.9924434
4256.12  1.002222
4256.69  1.000124
4257.26  1.000801
4257.83  1.001748
4258.40  1.00018
4258.97  1.001151
4259.54  0.9977041
4260.11  0.9984484
4260.68  0.9988826
4261.25  1.003947
4261.82  1.003288
4262.39  0.9981077
4262.96  1.000523
4263.53  1.000759
4264.10  1.000965
4264.67  0.9975235
4265.24  0.996282
4265.81  0.9822027
4266.38  0.9480004
4266.95  0.9193859
4267.52  0.9032172
4268.09  0.91409
4268.66  0.9452738
4269.23  0.9734675
4269.80  0.9940633
4270.37  0.9970337
4270.94  0.9971576
4271.51  0.9944564
4272.08  0.9941262
4272.65  0.9964908
4273.22  0.9922476
4273.79  0.9930786
4274.36  0.9909125
4274.93  0.9842814
4275.50  0.976866
4276.07  0.974832
4276.64  0.9718949
4277.21  0.9690886
4277.78  0.9770529
4278.35  0.9839693
4278.92  0.9859396
4279.49  0.9928788
4280.06  0.9914419
4280.62  0.9885256
4281.19  0.9882833
4281.76  0.9891034
4282.33  0.9856626
4282.90  0.9789423
4283.47  0.98066
4284.04  0.9756157
4284.61  0.9740444
4285.18  0.972638
4285.75  0.9743507
4286.32  0.9786713
4286.89  0.9824836
4287.46  0.9866056
4288.03  0.9929286
4288.60  0.9980094
4289.17  0.9966723
4289.74  0.9938009
4290.31  0.9896227
4290.88  0.9893419
4291.45  0.9890434
4292.02  0.9886938
4292.59  0.9895583
4293.16  0.9874749
4293.73  0.986325
4294.30  0.9852383
4294.87  0.9844157
4295.44  0.9882091
4296.01  0.9853725
4296.58  0.9876813
4297.15  0.9914542
4297.72  0.9958591
4298.29  0.9973676
4298.86  0.9963745
4299.43  0.9988493
4300.00  1.002616
4300.57  0.9988025
4301.14  0.997532
4301.71  0.9981948
4302.28  0.9942308
4302.85  0.9903922
4303.42  0.9803731
4303.99  0.9751822
4304.56  0.9755401
4305.13  0.9773501
4305.70  0.9809378
4306.27  0.9825884
4306.84  0.9866959
4307.41  0.99033
4307.98  0.9883117
4308.55  0.9850287
4309.12  0.9850459
4309.69  0.9823476
4310.26  0.9814028
4310.83  0.9851021
4311.40  0.9803309
4311.97  0.9819646
4312.54  0.9873517
4313.11  0.9820488
4313.68  0.9810079
4314.25  0.9855783
4314.82  0.9865816
4315.39  0.9817694
4315.96  0.9741037
4316.53  0.9678948
4317.09  0.9596272
4317.66  0.9524446
4318.23  0.9522119
4318.80  0.9547696
4319.37  0.957949
4319.94  0.9547774
4320.51  0.9593713
4321.08  0.9684092
4321.65  0.9795508
4322.22  0.9852324
4322.79  0.9870491
4323.36  0.9874758
4323.93  0.9842611
4324.50  0.9817125
4325.07  0.9765169
4325.64  0.9708945
4326.21  0.9670366
4326.78  0.9637435
4327.35  0.9629368
4327.92  0.9650218
4328.49  0.9635102
4329.06  0.9623285
4329.63  0.9611636
4330.20  0.9552333
4330.77  0.9460872
4331.34  0.9392163
4331.91  0.9339917
4332.48  0.9308199
4333.05  0.9249851
4333.62  0.9132223
4334.19  0.9048346
4334.76  0.8980128
4335.33  0.8858751
4335.90  0.8642075
4336.47  0.8385918
4337.04  0.810413
4337.61  0.7791948
4338.18  0.7443915
4338.75  0.697244
4339.32  0.6416878
4339.89  0.5908269
4340.46  0.5578929
4341.03  0.5517524
4341.60  0.5802057
4342.17  0.6321683
4342.74  0.6872201
4343.31  0.7333677
4343.88  0.7673001
4344.45  0.7994569
4345.02  0.8263183
4345.59  0.8408655
4346.16  0.853
4346.73  0.8675463
4347.30  0.8814049
4347.87  0.8874554
4348.44  0.8861182
4349.01  0.8887439
4349.58  0.8901718
4350.15  0.8938272
4350.72  0.9064319
4351.29  0.9192364
4351.86  0.9274263
4352.43  0.9377478
4353.00  0.9472973
4353.56  0.9537331
4354.13  0.9573938
4354.70  0.9615014
4355.27  0.966186
4355.84  0.9684424
4356.41  0.9748718
4356.98  0.9762483
4357.55  0.9770011
4358.12  0.9821565
4358.69  0.9809537
4359.26  0.982948
4359.83  0.9827575
4360.40  0.9831089
4360.97  0.9841666
4361.54  0.9827144
4362.11  0.9805328
4362.68  0.9795028
4363.25  0.9851658
4363.82  0.9844122
4364.39  0.9801192
4364.96  0.9778293
4365.53  0.9745455
4366.10  0.9708493
4366.67  0.9608439
4367.24  0.9586381
4367.81  0.9643689
4368.38  0.96786
4368.95  0.9763152
4369.52  0.9778408
4370.09  0.9794927
4370.66  0.9812762
4371.23  0.9774558
4371.80  0.9665474
4372.37  0.9621759
4372.94  0.9609377
4373.51  0.967355
4374.08  0.9757262
4374.65  0.9778869
4375.22  0.9849693
4375.79  0.9872034
4376.36  0.9905092
4376.93  0.9897972
4377.50  0.9897518
4378.07  0.9888749
4378.64  0.9892827
4379.21  0.9879522
4379.78  0.9866622
4380.35  0.9851936
4380.92  0.9908773
4381.49  0.9903353
4382.06  0.9882702
4382.63  0.9821452
4383.20  0.9834124
4383.77  0.9854106
4384.34  0.9782568
4384.91  0.9766619
4385.48  0.9639798
4386.05  0.940573
4386.62  0.9036262
4387.19  0.852731
4387.76  0.8080462
4388.33  0.7943786
4388.90  0.8191045
4389.46  0.8714771
4390.03  0.9196499
4390.60  0.9480148
4391.17  0.962986
4391.74  0.9711948
4392.31  0.9801746
4392.88  0.9851544
4393.45  0.9811172
4394.02  0.9850723
4394.59  0.9837062
4395.16  0.9805494
4395.73  0.9790066
4396.30  0.9740014
4396.87  0.9767434
4397.44  0.9844246
4398.01  0.9909707
4398.58  0.9920333
4399.15  0.990706
4399.72  0.9902186
4400.29  0.9910222
4400.86  0.9879489
4401.43  0.9879345
4402.00  0.9895493
4402.57  0.9923828
4403.14  0.9913147
4403.71  0.9933499
4404.28  0.9911299
4404.85  0.9919091
4405.42  0.9910659
4405.99  0.9906749
4406.56  0.992624
4407.13  0.995802
4407.70  0.9919314
4408.27  0.9939452
4408.84  0.9947015
4409.41  0.9940777
4409.98  0.9856297
4410.55  0.9790973
4411.12  0.9761734
4411.69  0.9732736
4412.26  0.9810532
4412.83  0.9816175
4413.40  0.9773446
4413.97  0.9723254
4414.54  0.9586591
4415.11  0.9500318
4415.68  0.9505331
4416.25  0.9528959
4416.82  0.9547927
4417.39  0.9587167
4417.96  0.9656197
4418.53  0.9737068
4419.10  0.976661
4419.67  0.9782886
4420.24  0.9765579
4420.81  0.9851126
4421.38  0.9884029
4421.95  0.9925894
4422.52  0.9965193
4423.09  0.9973108
4423.66  0.9953217
4424.23  0.9947631
4424.80  0.9890536
4425.37  0.9842603
4425.93  0.9841557
4426.50  0.9826316
4427.07  0.9794581
4427.64  0.9844193
4428.21  0.9845511
4428.78  0.9856381
4429.35  0.9859727
4429.92  0.9799248
4430.49  0.9771948
4431.06  0.9764736
4431.63  0.9752107
4432.20  0.9752334
4432.77  0.97522
4433.34  0.9808401
4433.91  0.9815557
4434.48  0.9884149
4435.05  0.989217
4435.62  0.9853668
4436.19  0.973569
4436.76  0.9591604
4437.33  0.9527885
4437.90  0.9480559
4438.47  0.9541719
4439.04  0.9674739
4439.61  0.9818659
4440.18  0.9877678
4440.75  0.994456
4441.32  0.9924948
4441.89  0.9887911
4442.46  0.9915748
4443.03  0.9866476
4443.60  0.9846379
4444.17  0.9896374
4444.74  0.9954242
4445.31  0.993307
4445.88  0.9857905
4446.45  0.9787727
4447.02  0.9729926
4447.59  0.9691768
4448.16  0.9743348
4448.73  0.9814425
4449.30  0.9838673
4449.87  0.9864249
4450.44  0.9910521
4451.01  0.9917889
4451.58  0.9879648
4452.15  0.9829827
4452.72  0.9789365
4453.29  0.9831416
4453.86  0.9890395
4454.43  0.9917517
4455.00  0.9965066
4455.57  0.9976315
4456.14  0.9943343
4456.71  0.9931611
4457.28  0.9959176
4457.85  0.9966117
4458.42  0.9965329
4458.99  0.9959228
4459.56  0.9931734
4460.13  0.9942742
4460.70  0.9974449
4461.27  0.9964671
4461.84  0.9951888
4462.40  0.9941615
4462.97  0.99163
4463.54  0.9916434
4464.11  0.9881816
4464.68  0.9833527
4465.25  0.9811882
4465.82  0.9795954
4466.39  0.9761599
4466.96  0.972391
4467.53  0.9678105
4468.10  0.9570858
4468.67  0.938097
4469.24  0.9081803
4469.81  0.8663897
4470.38  0.8159459
4470.95  0.7635173
4471.52  0.7319275
4472.09  0.7448913
4472.66  0.7938948
4473.23  0.8622818
4473.80  0.9147735
4474.37  0.9487366
4474.94  0.9680411
4475.51  0.9768451
4476.08  0.9786453
4476.65  0.9852085
4477.22  0.9841158
4477.79  0.981048
4478.36  0.9798744
4478.93  0.971242
4479.50  0.9565271
4480.07  0.9367889
4480.64  0.9142648
4481.21  0.9049278
4481.78  0.9142137
4482.35  0.933933
4482.92  0.9574493
4483.49  0.9744378
4484.06  0.9880251
4484.63  0.9898631
4485.20  0.9899503
4485.77  0.9922982
4486.34  0.9952908
4486.91  0.9961867
4487.48  0.9976462
4488.05  0.9966288
4488.62  0.9915606
4489.19  0.9927752
4489.76  0.9920668
4490.33  0.991811
4490.90  0.9900427
4491.47  0.9918786
4492.04  0.9929715
4492.61  0.9962023
4493.18  1.000712
4493.75  1.000317
4494.32  0.9980639
4494.89  0.9997612
4495.46  1.005759
4496.03  1.003047
4496.60  1.000664
4497.17  1.002913
4497.74  1.002513
4498.30  1.00317
4498.87  1.002768
4499.44  1.001078
4500.01  1.002713
4500.58  1.000781
4501.15  1.001243
4501.72  1.002535
4502.29  1.001526
4502.86  1.000787
4503.43  0.9976768
4504.00  0.9966744
4504.57  1.002309
4505.14  0.9989053
4505.71  0.9962497
4506.28  0.9986005
4506.85  0.9956349
4507.42  0.9929119
4507.99  0.9933007
4508.56  0.9950188
4509.13  0.9971768
4509.70  0.9971945
4510.27  0.9958632
4510.84  0.997706
4511.41  0.9907402
4511.98  0.9872798
4512.55  0.9830871
4513.12  0.9809397
4513.69  0.9864542
4514.26  0.9900587
4514.83  0.9947919
4515.40  0.9996301
4515.97  1.002377
4516.54  1.001273
4517.11  0.9997993
4517.68  0.9978769
4518.25  1.000031
4518.82  0.9984844
4519.39  0.9987173
4519.96  0.997982
4520.53  0.999335
4521.10  0.9970147
4521.67  0.9978293
4522.24  0.9974256
4522.81  0.9949896
4523.38  0.9947347
4523.95  0.9951231
4524.52  0.9940901
4525.09  0.9943067
4525.66  0.9975021
4526.23  0.9980825
4526.80  0.9962341
4527.37  0.9938121
4527.94  0.9874271
4528.51  0.9753441
4529.08  0.9653841
4529.65  0.9626377
4530.22  0.970127
4530.79  0.9832933
4531.36  0.9919471
4531.93  0.9979438
4532.50  1.001161
4533.07  1.00015
4533.64  1.002028
4534.21  1.001514
4534.77  0.9980416
4535.34  0.997766
4535.91  0.9975393
4536.48  0.9987422
4537.05  1.00029
4537.62  1.002077
4538.19  1.004037
4538.76  1.004544
4539.33  1.004226
4539.90  1.004631
4540.47  1.00459
4541.04  1.002039
4541.61  0.9999722
4542.18  0.9992826
4542.75  1.002017
4543.32  1.005023
4543.89  0.9995291
4544.46  0.9974389
4545.03  0.9985357
4545.60  0.9955471
4546.17  0.998006
4546.74  0.9995887
4547.31  1.00014
4547.88  1.001922
4548.45  0.9988305
4549.02  0.9951364
4549.59  0.9955666
4550.16  0.9925744
4550.73  0.9814367
4551.30  0.9631247
4551.87  0.9401056
4552.44  0.9154753
4553.01  0.9110638
4553.58  0.9300721
4554.15  0.9576221
4554.72  0.9832084
4555.29  0.9968171
4555.86  0.9920571
4556.43  0.9977992
4557.00  1.001529
4557.57  1.002426
4558.14  1.000358
4558.71  1.000152
4559.28  0.9990138
4559.85  0.9993467
4560.42  0.9981711
4560.99  0.9958325
4561.56  1.000729
4562.13  1.00308
4562.70  1.003387
4563.27  1.000696
4563.84  1.000698
4564.41  1.002918
4564.98  0.9972849
4565.55  0.9946897
4566.12  0.9889273
4566.69  0.9693611
4567.26  0.9481297
4567.83  0.9347151
4568.40  0.9343254
4568.97  0.950241
4569.54  0.9720706
4570.11  0.9928988
4570.68  0.9947881
4571.24  0.9976265
4571.81  1.000203
4572.38  1.000751
4572.95  0.9915447
4573.52  0.982319
4574.09  0.9665962
4574.66  0.9588652
4575.23  0.9582524
4575.80  0.9687278
4576.37  0.9830073
4576.94  0.9933519
4577.51  0.9995818
4578.08  0.9968626
4578.65  0.9977774
4579.22  0.9956094
4579.79  0.9981744
4580.36  0.9974047
4580.93  0.9967267
4581.50  0.9966242
4582.07  0.9960122
4582.64  0.9978789
4583.21  0.9988815
4583.78  0.9978735
4584.35  0.9979787
4584.92  1.000159
4585.49  1.001316
4586.06  0.9957775
4586.63  0.9950085
4587.20  0.9965127
4587.77  0.9967349
4588.34  0.9976337
4588.91  0.9954373
4589.48  0.9924599
4590.05  0.987109
4590.62  0.9760029
4591.19  0.9744373
4591.76  0.9819669
4592.33  0.988152
4592.90  0.9957878
4593.47  0.9976923
4594.04  0.9952959
4594.61  0.9943734
4595.18  0.9876366
4595.75  0.9781673
4596.32  0.9738712
4596.89  0.9791815
4597.46  0.986201
4598.03  0.9931527
4598.60  0.9975307
4599.17  0.9997482
4599.74  0.9980858
4600.31  0.9956582
4600.88  0.9854785
4601.45  0.9765189
4602.02  0.9778237
4602.59  0.9842123
4603.16  0.9877861
4603.73  0.9958553
4604.30  0.9969904
4604.87  0.992546
4605.44  0.9920901
4606.01  0.9888561
4606.58  0.9828201
4607.14  0.9818113
4607.71  0.9802637
4608.28  0.9826836
4608.85  0.9828875
4609.42  0.977111
4609.99  0.9803089
4610.56  0.9871113
4611.13  0.9890324
4611.70  0.9913586
4612.27  0.9918306
4612.84  0.988045
4613.41  0.9874315
4613.98  0.9854168
4614.55  0.98809
4615.12  0.9924241
4615.69  0.9961271
4616.26  0.9963352
4616.83  0.9913875
4617.40  0.9875835
4617.97  0.9839731
4618.54  0.9803078
4619.11  0.9758402
4619.68  0.9779747
4620.25  0.9768491
4620.82  0.97429
4621.39  0.9800751
4621.96  0.9828494
4622.53  0.9912336
4623.10  0.9945855
4623.67  0.9978498
4624.24  0.9993222
4624.81  0.998063
4625.38  0.9989597
4625.95  0.9942885
4626.52  0.9953106
4627.09  0.9978613
4627.66  0.996402
4628.23  0.9930863
4628.80  0.9880948
4629.37  0.9787934
4629.94  0.9692454
4630.51  0.9635978
4631.08  0.9687916
4631.65  0.9771291
4632.22  0.9858176
4632.79  0.9930603
4633.36  0.9950598
4633.93  0.9948243
4634.50  0.9950247
4635.07  0.9920003
4635.64  0.997494
4636.21  0.9951623
4636.78  0.9915609
4637.35  0.9868723
4637.92  0.9758736
4638.49  0.9689294
4639.06  0.9674914
4639.63  0.9684172
4640.20  0.9721416
4640.77  0.9656495
4641.34  0.9563073
4641.91  0.9467915
4642.48  0.9449375
4643.05  0.9546285
4643.61  0.9708502
4644.18  0.9830321
4644.75  0.9957218
4645.32  0.9973139
4645.89  0.9951372
4646.46  0.9935973
4647.03  0.9905939
4647.60  0.975718
4648.17  0.9594643
4648.74  0.9412739
4649.31  0.9282846
4649.88  0.9283771
4650.45  0.9422894
4651.02  0.9548236
4651.59  0.9703928
4652.16  0.9869708
4652.73  0.9965291
4653.30  1.000463
4653.87  1.002983
4654.44  1.001256
4655.01  1.005333
4655.58  0.9979361
4656.15  0.9963683
4656.72  0.9996018
4657.29  1.001212
4657.86  1.003038
4658.43  1.006555
4659.00  1.002079
4659.57  1.00215
4660.14  0.999265
4660.71  0.9858907
4661.28  0.9718075
4661.85  0.9762158
4662.42  0.9784243
4662.99  0.9863385
4663.56  0.9991004
4664.13  0.9976426
4664.70  0.9996629
4665.27  1.004164
4665.84  1.0044
4666.41  1.001947
4666.98  0.999719
4667.55  1.00314
4668.12  1.002054
4668.69  0.9968662
4669.26  0.9939504
4669.83  0.9963075
4670.40  0.9968992
4670.97  0.9970325
4671.54  1.001698
4672.11  0.999008
4672.68  0.9964252
4673.25  0.994752
4673.82  0.9895865
4674.39  0.9864967
4674.96  0.9852293
4675.53  0.9791278
4676.10  0.971975
4676.67  0.9736108
4677.24  0.9805889
4677.81  0.9837256
4678.38  0.990076
4678.95  0.9966359
4679.52  0.9985549
4680.08  1.001318
4680.65  1.001284
4681.22  0.9996337
4681.79  0.9979613
4682.36  0.9990465
4682.93  1.000934
4683.50  0.9992192
4684.07  1.001619
4684.64  1.001198
4685.21  0.9997458
4685.78  1.003734
4686.35  1.002915
4686.92  1.003333
4687.49  1.004827
4688.06  1.006539
4688.63  1.004387
4689.20  1.003738
4689.77  1.003396
4690.34  0.9999245
4690.91  1.003472
4691.48  1.000872
4692.05  1.001416
4692.62  1.005354
4693.19  1.005022
4693.76  1.000674
4694.33  1.003068
4694.90  0.9987306
4695.47  0.9946125
4696.04  0.9973803
4696.61  1.000415
4697.18  0.9982252
4697.75  0.995577
4698.32  0.9925023
4698.89  0.9873068
4699.46  0.9834983
4700.03  0.9900721
4700.60  0.9930684
4701.17  0.9947332
4701.74  0.997465
4702.31  0.9935328
4702.88  0.9937575
4703.45  0.99143
4704.02  0.9889538
4704.59  0.987231
4705.16  0.9798999
4705.73  0.9818708
4706.30  0.9877008
4706.87  0.991187
4707.44  0.996736
4708.01  0.9964959
4708.58  0.9940954
4709.15  0.9952777
4709.72  0.9885846
4710.29  0.9888681
4710.86  0.9849998
4711.43  0.9710023
4712.00  0.9444565
4712.57  0.9151186
4713.14  0.8935779
4713.71  0.8969332
4714.28  0.9276446
4714.85  0.9589033
4715.42  0.9765669
4715.98  0.9877414
4716.55  0.9865386
4717.12  0.985925
4717.69  0.9904303
4718.26  0.997401
4718.83  1.0001
4719.40  1.000267
4719.97  0.9998456
4720.54  1.001463
4721.11  1.000729
4721.68  0.9967352
4722.25  0.9993567
4722.82  1.003492
4723.39  1.000159
4723.96  1.003106
4724.53  1.000315
4725.10  0.9992921
4725.67  0.9994172
4726.24  0.9977042
4726.81  0.9962745
4727.38  0.9959529
4727.95  0.9975227
4728.52  0.9987842
4729.09  0.9980186
4729.66  1.000622
4730.23  0.998715
4730.80  1.002001
4731.37  1.002999
4731.94  1.000824
4732.51  1.003379
4733.08  1.003938
4733.65  1.001487
4734.22  0.9977154
4734.79  0.9964803
4735.36  0.9930941
4735.93  0.9934099
4736.50  0.9913244
4737.07  0.9906603
4737.64  0.9950088
4738.21  0.9961265
4738.78  0.9922377
4739.35  0.9874665
4739.92  0.9906224
4740.49  0.9944997
4741.06  0.9922259
4741.63  0.9898793
4742.20  0.9891037
4742.77  0.9921175
4743.34  0.9916019
4743.91  0.9923961
4744.48  0.9933402
4745.05  0.9930512
4745.62  0.9895788
4746.19  0.9916862
4746.76  0.9934555
4747.33  0.993842
4747.90  0.9939806
4748.47  0.992515
4749.04  0.9916677
4749.61  0.9953003
4750.18  0.9956062
4750.75  0.9952477
4751.32  0.9913834
4751.89  0.9871325
4752.45  0.9889843
4753.02  0.9883139
4753.59  0.990468
4754.16  0.9926271
4754.73  0.9930917
4755.30  0.993247
4755.87  0.9936782
4756.44  0.9933246
4757.01  0.9907705
4757.58  0.992341
4758.15  0.9952981
4758.72  0.9937019
4759.29  0.9924705
4759.86  0.9942102
4760.43  0.99456
4761.00  0.9947492
4761.57  0.9922099
4762.14  0.9904835
4762.71  0.9927316
4763.28  0.9913276
4763.85  0.9889029
4764.42  0.9889114
4764.99  0.9907944
4765.56  0.9903937
4766.13  0.9903575
4766.70  0.9921164
4767.27  0.9937347
4767.84  0.9944589
4768.41  0.9942638
4768.98  0.9957907
4769.55  0.9912949
4770.12  0.9918911
4770.69  0.9956478
4771.26  0.9939183
4771.83  0.9958869
4772.40  0.9929259
4772.97  0.9914275
4773.54  0.9928792
4774.11  0.993878
4774.68  0.9906468
4775.25  0.9925842
4775.82  0.9947112
4776.39  0.993395
4776.96  0.9942982
4777.53  0.9914574
4778.10  0.9918758
4778.67  0.9922354
4779.24  0.9905269
4779.81  0.9880301
4780.38  0.9858878
4780.95  0.9909694
4781.52  0.9940346
4782.09  0.9902204
4782.66  0.9918343
4783.23  0.9935827
4783.80  0.9972615
4784.37  0.9938692
4784.94  0.9943312
4785.51  0.9969306
4786.08  0.9948906
4786.65  0.9931651
4787.22  0.9909075
4787.79  0.9880795
4788.36  0.9891844
4788.92  0.9913791
4789.49  0.9922614
4790.06  0.9959343
4790.63  0.9940844
4791.20  0.9927549
4791.77  0.9916228
4792.34  0.9920909
4792.91  0.9906609
4793.48  0.9912139
4794.05  0.9950516
4794.62  0.9934645
4795.19  0.9943967
4795.76  0.9920622
4796.33  0.9949722
4796.90  0.9920011
4797.47  0.9956321
4798.04  0.9973894
4798.61  0.995824
4799.18  0.992865
4799.75  0.9953139
4800.32  0.994924
4800.89  0.9957421
4801.46  0.9909117
4802.03  0.9842703
4802.60  0.9787058
4803.17  0.9781904
4803.74  0.9844714
4804.31  0.9864713
4804.88  0.9872534
4805.45  0.98846
4806.02  0.9876589
4806.59  0.9886273
4807.16  0.9927625
4807.73  0.994697
4808.30  0.9964372
4808.87  0.9953193
4809.44  0.9961501
4810.01  0.9963657
4810.58  0.9931194
4811.15  0.9962055
4811.72  0.9969885
4812.29  0.9914207
4812.86  0.9847187
4813.43  0.9846364
4814.00  0.9842548
4814.57  0.9868045
4815.14  0.9877356
4815.71  0.9868245
4816.28  0.9885899
4816.85  0.9911386
4817.42  0.9946783
4817.99  0.9964742
4818.56  0.9901785
4819.13  0.9848357
4819.70  0.9778466
4820.27  0.9794078
4820.84  0.9825516
4821.41  0.9946786
4821.98  1.001257
4822.55  0.9973291
4823.12  0.9982879
4823.69  0.998288
4824.26  0.9989458
4824.82  0.9980689
4825.39  0.996991
4825.96  1.002428
4826.53  0.9996492
4827.10  0.9981769
4827.67  0.9965811
4828.24  0.9928471
4828.81  0.9850289
4829.38  0.9849395
4829.95  0.9916611
4830.52  0.9959795
4831.09  0.9969755
4831.66  1.000249
4832.23  0.9979083
4832.80  1.000546
4833.37  1.004034
4833.94  1.002372
4834.51  1.002334
4835.08  1.001888
4835.65  1.002624
4836.22  0.9991305
4836.79  0.9964007
4837.36  0.9990468
4837.93  1.002733
4838.50  1.001404
4839.07  0.9978981
4839.64  0.9982601
4840.21  0.9980976
4840.78  0.9986845
4841.35  0.9975439
4841.92  0.9968267
4842.49  0.9963436
4843.06  0.9961472
4843.63  0.9978665
4844.20  0.9911562
4844.77  0.9864833
4845.34  0.9889917
4845.91  0.9879732
4846.48  0.9863142
4847.05  0.9830107
4847.62  0.980441
4848.19  0.980781
4848.76  0.9783952
4849.33  0.9757398
4849.90  0.9738203
4850.47  0.9705889
4851.04  0.9667016
4851.61  0.9625443
4852.18  0.9568633
4852.75  0.9510033
4853.32  0.9460163
4853.89  0.9393452
4854.46  0.9266625
4855.03  0.9152198
4855.60  0.9044571
4856.17  0.8880196
4856.74  0.8687287
4857.31  0.843263
4857.88  0.8170031
4858.45  0.788871
4859.02  0.7528688
4859.59  0.7048116
4860.16  0.650232
4860.73  0.6012592
4861.29  0.5731723
4861.86  0.5777889
4862.43  0.6138961
4863.00  0.6687565
4863.57  0.7215607
4864.14  0.7635003
4864.71  0.7980964
4865.28  0.8236991
4865.85  0.8470397
4866.42  0.87003
4866.99  0.8889188
4867.56  0.9033466
4868.13  0.9165697
4868.70  0.9268786
4869.27  0.9376904
4869.84  0.9440723
4870.41  0.9499158
4870.98  0.9542452
4871.55  0.9588811
4872.12  0.9644079
4872.69  0.9700253
4873.26  0.9734703
4873.83  0.9779462
4874.40  0.9790103
4874.97  0.9798492
4875.54  0.9827639
4876.11  0.9859725
4876.68  0.9867523
4877.25  0.9885454
4877.82  0.9895455
4878.39  0.9831239
4878.96  0.9845643
4879.53  0.9863219
4880.10  0.983313
4880.67  0.9869825
4881.24  0.9907279
4881.81  0.9932975
4882.38  0.9942393
4882.95  0.9924586
4883.52  0.9926181
4884.09  0.9943592
4884.66  0.9942893
4885.23  0.9908504
4885.80  0.9842979
4886.37  0.9895324
4886.94  0.9920598
4887.51  0.99431
4888.08  0.9924688
4888.65  0.9934456
4889.22  0.9947274
4889.79  0.9955304
4890.36  0.9947314
4890.93  0.9921487
4891.50  0.9944658
4892.07  0.9926726
4892.64  0.993917
4893.21  0.9980581
4893.78  0.9996817
4894.35  0.9979022
4894.92  0.9963103
4895.49  0.9942946
4896.06  0.9962262
4896.63  0.998383
4897.20  0.9991868
4897.76  0.9973537
4898.33  0.999983
4898.90  0.9989809
4899.47  1.001744
4900.04  1.000308
4900.61  1.000131
4901.18  0.9962446
4901.75  0.9976749
4902.32  0.9960877
4902.89  0.9966291
4903.46  0.9954217
4904.03  0.9980102
4904.60  0.9966741
4905.17  0.996011
4905.74  0.9944724
4906.31  0.991135
4906.88  0.9889015
4907.45  0.9916658
4908.02  0.9945297
4908.59  0.9942467
4909.16  1.001793
4909.73  1.000096
4910.30  0.9973255
4910.87  0.9974896
4911.44  1.001129
4912.01  1.004391
4912.58  1.002131
4913.15  1.003848
4913.72  1.001292
4914.29  0.9995258
4914.86  1.001952
4915.43  0.9972139
4916.00  0.993648
4916.57  0.9894017
4917.14  0.9899726
4917.71  0.9897691
4918.28  0.982485
4918.85  0.9758862
4919.42  0.9620628
4919.99  0.9373444
4920.56  0.8979356
4921.13  0.8525389
4921.70  0.8096225
4922.27  0.7966533
4922.84  0.82092
4923.41  0.8661636
4923.98  0.9113262
4924.55  0.9395967
4925.12  0.9556846
4925.69  0.9705681
4926.26  0.9834365
4926.83  0.9899568
4927.40  0.9959663
4927.97  0.9946466
4928.54  0.995316
4929.11  0.9976318
4929.68  1.00024
4930.25  1.001636
4930.82  1.000051
4931.39  0.996809
4931.96  0.9972495
4932.53  0.9994202
4933.10  0.9989135
4933.66  0.9967406
4934.23  1.001307
4934.80  1.001532
4935.37  1.000731
4935.94  1.000332
4936.51  0.9991829
4937.08  1.00093
4937.65  1.000356
4938.22  0.9997021
4938.79  1.004991
4939.36  1.002675
4939.93  0.9978174
4940.50  0.9903104
4941.07  0.9876803
4941.64  0.9896961
4942.21  0.9840562
4942.78  0.9827338
4943.35  0.9819766
4943.92  0.9865202
4944.49  0.9955092
4945.06  0.9973357
4945.63  0.9959217
4946.20  0.9986803
4946.77  0.9963197
4947.34  0.9965035
4947.91  0.9957215
4948.48  0.9987625
4949.05  0.9973775
4949.62  1.001519
4950.19  0.9997516
4950.76  1.002095
4951.33  0.9990366
4951.90  0.9968656
4952.47  0.9980428
4953.04  0.9965808
4953.61  0.9975759
4954.18  0.9989989
4954.75  0.9977213
4955.32  0.9977984
4955.89  0.9955739
4956.46  0.9953933
4957.03  0.9977955
4957.60  0.9984278
4958.17  0.9996312
4958.74  0.9991404
4959.31  1.001641
4959.88  1.002611
4960.45  0.9989491
4961.02  1.000558
4961.59  0.9994171
4962.16  0.9974169
4962.73  0.9989702
4963.30  0.9976069
4963.87  0.9967136
4964.44  0.9949057
4965.01  0.9939378
4965.58  0.9935948
4966.15  0.9964944
4966.72  0.9971972
4967.29  0.9971794
4967.86  0.9971456
4968.43  0.9971628
4969.00  0.9974446
4969.57  0.9980381
4970.13  1.001435
4970.70  1.001471
4971.27  1.0013
4971.84  0.9993159
4972.41  0.9989451
4972.98  1.000036
4973.55  1.001695
4974.12  0.9987453
4974.69  1.003347
4975.26  1.003555
4975.83  1.001333
4976.40  1.000967
4976.97  1.004642
4977.54  1.004926
4978.11  1.001351
4978.68  1.001679
4979.25  1.001085
4979.82  1.000111
4980.39  1.001346
4980.96  1.00194
4981.53  1.000809
4982.10  1.001572
4982.67  1.002268
4983.24  1.003908
4983.81  1.002083
4984.38  1.003547
4984.95  1.002812
4985.52  1.000737
4986.09  1.001947
4986.66  0.9980937
4987.23  0.9983841
4987.80  0.9976723
4988.37  0.9959776
4988.94  0.9975561
4989.51  1.000913
4990.08  0.9993476
4990.65  1.000293
4991.22  0.9980084
4991.79  0.9963348
4992.36  0.9931746
4992.93  0.9936709
4993.50  0.9931771
4994.07  0.9881635
4994.64  0.9867207
4995.21  0.9914955
4995.78  0.9969479
4996.35  0.997971
4996.92  1.005009
4997.49  1.004558
4998.06  1.001528
4998.63  0.9994661
4999.20  0.9970748
4999.77  0.9923288
5000.34  0.9845002
5000.91  0.9719502
5001.48  0.9618682
5002.05  0.9581869
5002.62  0.9669709
5003.19  0.9790029
5003.76  0.9827215
5004.33  0.985826
5004.90  0.9796283
5005.47  0.9754809
5006.04  0.9696907
5006.60  0.9749532
5007.17  0.979247
5007.74  0.981658
5008.31  0.9845419
5008.88  0.9841212
5009.45  0.9850716
5010.02  0.9838279
5010.59  0.9827354
5011.16  0.9786398
5011.73  0.9843959
5012.30  0.9874892
5012.87  0.987401
5013.44  0.9801828
5014.01  0.9657764
5014.58  0.9394256
5015.15  0.9050623
5015.72  0.8842859
5016.29  0.8781701
5016.86  0.8959315
5017.43  0.9313563
5018.00  0.9615659
5018.57  0.9811084
5019.14  0.9845976
5019.71  0.9857874
5020.28  0.9896185
5020.85  0.9940253
5021.42  0.9966161
5021.99  1.001049
5022.56  0.9987016
5023.13  0.9997758
5023.70  0.9961313
5024.27  0.9980994
5024.84  0.9993987
5025.41  0.9922782
5025.98  0.9909251
5026.55  0.9929454
5027.12  0.9925539
5027.69  0.9908035
5028.26  0.9915489
5028.83  0.9925777
5029.40  0.9921937
5029.97  0.9919321
5030.54  0.9934472
5031.11  0.9891674
5031.68  0.9906967
5032.25  0.9840159
5032.82  0.9819767
5033.39  0.9805939
5033.96  0.9827333
5034.53  0.990222
5035.10  0.9938731
5035.67  0.9941154
5036.24  0.9912605
5036.81  0.9956378
5037.38  0.9955116
5037.95  0.997425
5038.52  0.9973552
5039.09  0.9954644
5039.66  0.9982396
5040.23  0.9916804
5040.80  0.9867245
5041.37  0.9854645
5041.94  0.9829893
5042.50  0.9881245
5043.07  0.9915038
5043.64  0.9894202
5044.21  0.9878474
5044.78  0.9808933
5045.35  0.977798
5045.92  0.9730826
5046.49  0.9660339
5047.06  0.9506526
5047.63  0.9358206
5048.20  0.9256979
5048.77  0.9277462
5049.34  0.9499003
5049.91  0.9721223
5050.48  0.986209
5051.05  0.9894534
5051.62  0.9938697
5052.19  0.9944876
5052.76  0.9960299
5053.33  0.99607
5053.90  0.9921402
5054.47  0.9926012
5055.04  0.9909589
5055.61  0.9865926
5056.18  0.9825803
5056.75  0.9792186
5057.32  0.983926
5057.89  0.9880046
5058.46  0.9895449
5059.03  0.9932572
5059.60  0.9947012
5060.17  0.9948798
5060.74  0.9956111
5061.31  0.9949052
5061.88  0.9977108
5062.45  0.9952847
5063.02  0.9923316
5063.59  0.9922148
5064.16  0.9913931
5064.73  0.9953505
5065.30  0.9991071
5065.87  0.9964079
5066.44  0.9966455
5067.01  0.997113
5067.58  0.9961624
5068.15  0.9967568
5068.72  0.9987982
5069.29  1.000894
5069.86  1.000016
5070.43  1.001761
5071.00  1.002849
5071.57  1.000568
5072.14  0.999345
5072.71  0.998764
5073.28  0.9930792
5073.85  0.9881685
5074.42  0.9883596
5074.99  0.9907604
5075.56  0.9955722
5076.13  0.9997063
5076.70  1.00174
5077.27  0.9977781
5077.84  0.9954475
5078.41  0.9987925
5078.97  0.9987108
5079.54  0.9961137
5080.11  0.9991018
5080.68  0.9981794
5081.25  0.9996216
5081.82  1.001044
5082.39  0.9966674
5082.96  0.995275
5083.53  1.001212
5084.10  1.000525
5084.67  0.9977885
5085.24  0.998989
5085.81  0.9980568
5086.38  0.9959221
5086.95  0.9925923
5087.52  0.9909092
5088.09  0.9934139
5088.66  0.9969851
5089.23  0.9952903
5089.80  0.995554
5090.37  0.9992894
5090.94  1.000514
5091.51  0.9993108
5092.08  0.9979838
5092.65  0.9963642
5093.22  0.9990861
5093.79  0.997353
5094.36  0.9968546
5094.93  1.001945
5095.50  1.002069
5096.07  1.001057
5096.64  1.000314
5097.21  0.9992856
5097.78  0.9989265
5098.35  0.996997
5098.92  0.9998955
5099.49  0.9996072
5100.06  1.000961
5100.63  0.9986528
5101.20  1.000805
5101.77  0.9991474
5102.34  0.9982829
5102.91  0.9968644
5103.48  0.9950944
5104.05  0.9962907
5104.62  0.9998068
5105.19  1.001134
5105.76  0.997676
5106.33  0.9993506
5106.90  1.00209
5107.47  1.001623
5108.04  1.000061
5108.61  1.002791
5109.18  1.0001
5109.75  0.9974428
5110.32  0.9988728
5110.89  1.000572
5111.46  1.000485
5112.03  1.000631
5112.60  1.001127
5113.17  0.9999625
5113.74  0.998493
5114.31  0.9949808
5114.87  0.9908683
5115.44  0.9957818
5116.01  0.9927483
