3944.89  0.9798734
3945.46  0.9852138
3946.03  0.9928973
3946.60  0.9990662
3947.17  1.000292
3947.74  1.003054
3948.31  1.008735
3948.88  1.006471
3949.45  0.9997199
3950.02  1.002624
3950.59  1.005152
3951.16  1.00124
3951.73  0.9941654
3952.30  0.993483
3952.87  0.9899295
3953.44  0.9856619
3954.01  0.9774722
3954.58  0.9677343
3955.15  0.975253
3955.72  0.9838284
3956.29  0.9868894
3956.86  0.9894032
3957.43  0.9916176
3958.00  0.9919873
3958.57  0.9900352
3959.14  0.9846536
3959.71  0.9822278
3960.28  0.9786977
3960.85  0.9736274
3961.42  0.9635912
3961.99  0.9474621
3962.56  0.9458299
3963.13  0.9404532
3963.70  0.919517
3964.27  0.8989024
3964.84  0.8750853
3965.41  0.8606131
3965.98  0.8530653
3966.55  0.8428717
3967.12  0.8216059
3967.69  0.791927
3968.26  0.7486785
3968.83  0.7008104
3969.40  0.6690906
3969.97  0.6492879
3970.54  0.6391556
3971.11  0.6498805
3971.68  0.6782324
3972.25  0.7145374
3972.82  0.7447149
3973.39  0.7771979
3973.96  0.8162705
3974.53  0.8499764
3975.10  0.8740007
3975.67  0.8990238
3976.24  0.9166929
3976.81  0.9303131
3977.38  0.9446209
3977.95  0.9512312
3978.52  0.9575816
3979.09  0.9695585
3979.66  0.9696015
3980.23  0.9729443
3980.80  0.9801493
3981.37  0.9824567
3981.94  0.9853406
3982.51  0.977968
3983.08  0.9778572
3983.65  0.9861541
3984.22  0.9870766
3984.79  0.9906008
3985.36  0.9948103
3985.93  0.9954299
3986.50  0.9976032
3987.07  1.00065
3987.64  0.9989567
3988.21  0.9937217
3988.78  0.9954651
3989.35  0.9986798
3989.92  1.00182
3990.49  0.9991615
3991.06  1.001425
3991.63  1.004811
3992.20  1.000704
3992.77  1.005806
3993.34  1.001265
3993.91  0.9995025
3994.48  0.9984565
3995.05  0.9776153
3995.62  0.986873
3996.19  0.9992619
3996.76  1.003096
3997.33  1.001361
3997.90  1.006237
3998.47  1.001823
3999.04  0.9997678
3999.61  0.9985943
4000.18  1.00069
4000.75  0.9974086
4001.32  1.000581
4001.89  0.9991092
4002.46  0.9987298
4003.03  1.003068
4003.60  0.998839
4004.17  0.9956234
4004.74  0.9955897
4005.31  0.993987
4005.88  0.9975581
4006.45  0.990289
4007.02  0.9829529
4007.59  0.9800776
4008.16  0.9734048
4008.73  0.9526525
4009.30  0.9353312
4009.87  0.9300783
4010.44  0.9371465
4011.01  0.9509933
4011.58  0.9677795
4012.15  0.9767784
4012.72  0.9860682
4013.29  0.9901317
4013.86  0.9898944
4014.43  0.9978275
4015.00  0.9979765
4015.57  0.9934744
4016.14  0.9945456
4016.71  0.9986868
4017.28  1.004675
4017.85  0.9984592
4018.42  0.9975451
4018.99  1.001965
4019.56  1.001258
4020.13  0.9997422
4020.70  0.9929749
4021.27  0.9893956
4021.84  0.9806758
4022.41  0.9735319
4022.98  0.9648128
4023.55  0.9478387
4024.12  0.9190766
4024.69  0.8867053
4025.26  0.8485647
4025.83  0.7999916
4026.40  0.7666582
4026.97  0.773169
4027.54  0.8123509
4028.11  0.858058
4028.68  0.8976803
4029.25  0.9335784
4029.82  0.9537187
4030.39  0.9721169
4030.96  0.982336
4031.53  0.9911683
4032.10  0.9939694
4032.67  0.9953296
4033.24  0.9959668
4033.81  0.9971731
4034.38  0.9964727
4034.95  0.9967556
4035.52  0.9974287
4036.09  0.9991522
4036.66  0.9996125
4037.23  0.9983324
4037.80  0.9969163
4038.37  0.9972106
4038.94  0.9990718
4039.51  0.9999411
4040.08  0.9967784
4040.65  0.9966557
4041.22  0.9976967
4041.79  0.9958996
4042.36  0.9971255
4042.93  0.9986359
4043.50  0.9943686
4044.07  0.9953571
4044.64  0.9987844
4045.21  1.006021
4045.79  1.006817
4046.36  1.008686
4046.93  1.012552
4047.50  1.009096
4048.07  1.005588
4048.64  1.008463
4049.21  1.006452
4049.78  1.006708
4050.35  1.011481
4050.92  1.015232
4051.49  1.010125
4052.06  1.011413
4052.63  1.011794
4053.20  1.010053
4053.77  1.007074
4054.34  1.000916
4054.91  0.9997597
4055.48  0.9978705
4056.05  0.9946216
4056.62  0.9942273
4057.19  0.9957846
4057.76  0.9995636
4058.33  1.002627
4058.90  1.002053
4059.47  1.002878
4060.04  1.001539
4060.61  0.9893684
4061.18  0.9835964
4061.75  0.9901128
4062.32  0.9946179
4062.89  1.001764
4063.46  1.000357
4064.03  1.002387
4064.60  1.008037
4065.17  1.005783
4065.74  1.005742
4066.31  1.00641
4066.88  1.00599
4067.45  0.9947497
4068.02  0.980072
4068.59  0.9611201
4069.16  0.9392617
4069.73  0.9129078
4070.30  0.9034421
4070.87  0.9228274
4071.44  0.9393075
4072.01  0.9426615
4072.58  0.9525927
4073.15  0.9666976
4073.72  0.9833774
4074.29  0.9919432
4074.86  0.9847204
4075.43  0.9733054
4076.00  0.9658399
4076.57  0.9698564
4077.14  0.9771284
4077.71  0.9835963
4078.28  0.9968804
4078.85  0.9932892
4079.42  0.9898252
4079.99  0.9978448
4080.56  1.000914
4081.13  1.000151
4081.70  0.9987092
4082.27  1.000892
4082.84  0.9965718
4083.41  1.000464
4083.98  0.9922665
4084.55  0.979463
4085.12  0.9697548
4085.69  0.9739552
4086.26  0.9824397
4086.83  0.9765376
4087.40  0.9661655
4087.97  0.9601773
4088.54  0.9279609
4089.11  0.8938282
4089.68  0.8951083
4090.25  0.9151798
4090.82  0.9331581
4091.39  0.9524238
4091.96  0.964532
4092.53  0.9645978
4093.10  0.9546393
4093.67  0.9475873
4094.24  0.9436398
4094.81  0.9393369
4095.38  0.9215618
4095.95  0.9001791
4096.52  0.8802607
4097.09  0.8578998
4097.66  0.8295319
4098.23  0.810998
4098.80  0.796004
4099.37  0.7755002
4099.94  0.7471267
4100.51  0.7161739
4101.08  0.6790841
4101.65  0.6394904
4102.22  0.6203653
4102.79  0.6307607
4103.36  0.6543429
4103.93  0.6867054
4104.50  0.7222265
4105.07  0.7591992
4105.64  0.7911121
4106.21  0.8230965
4106.78  0.8538351
4107.35  0.8783593
4107.92  0.8999549
4108.49  0.916142
4109.06  0.9250229
4109.63  0.931857
4110.20  0.9376563
4110.77  0.9427718
4111.34  0.9457474
4111.91  0.9491637
4112.48  0.9543312
4113.05  0.9595118
4113.62  0.9657027
4114.19  0.9703801
4114.76  0.9703926
4115.33  0.9634299
4115.90  0.9460438
4116.47  0.9341663
4117.04  0.9394333
4117.61  0.9514078
4118.18  0.9596605
4118.75  0.9593361
4119.32  0.9466993
4119.89  0.9320431
4120.46  0.9124404
4121.03  0.8950499
4121.60  0.9008883
4122.17  0.9239232
4122.74  0.9456179
4123.31  0.9698318
4123.88  0.9846909
4124.45  0.9947152
4125.02  0.9990435
4125.59  0.9989066
4126.16  0.9977964
4126.73  1.00209
4127.30  0.9992074
4127.87  0.9946449
4128.44  0.995622
4129.01  0.9877893
4129.58  0.9890696
4130.15  0.9917264
4130.72  0.9922259
4131.29  0.9950891
4131.86  0.9939351
4132.43  0.9892951
4133.00  0.9823294
4133.57  0.983524
4134.14  0.9915985
4134.71  0.9983172
4135.28  1.001882
4135.85  1.004618
4136.42  1.001641
4136.99  1.000345
4137.56  0.9965416
4138.13  0.9928203
4138.70  0.9939727
4139.27  0.9942845
4139.84  0.9887959
4140.41  0.9825917
4140.98  0.9796428
4141.55  0.9757423
4142.12  0.9600974
4142.69  0.9413942
4143.26  0.9198211
4143.83  0.8911071
4144.40  0.8843273
4144.97  0.9014432
4145.54  0.9184818
4146.11  0.9336511
4146.68  0.9483466
4147.25  0.968167
4147.82  0.9818028
4148.39  0.9837792
4148.96  0.989126
4149.53  0.9918926
4150.10  0.9918219
4150.67  0.9929561
4151.24  0.9934217
4151.81  0.988526
4152.38  0.9825488
4152.95  0.9684067
4153.52  0.9608338
4154.09  0.9658043
4154.66  0.9714618
4155.23  0.9788345
4155.80  0.9822627
4156.37  0.9794546
4156.94  0.9806336
4157.51  0.9867613
4158.08  0.9920188
4158.65  0.9973883
4159.22  1.000793
4159.79  1.000487
4160.36  1.000323
4160.93  1.001988
4161.50  0.9992345
4162.07  0.9947878
4162.64  0.9880714
4163.21  0.981497
4163.78  0.9804397
4164.35  0.9818871
4164.92  0.9825684
4165.49  0.9876718
4166.06  0.9891411
4166.63  0.9935332
4167.20  0.9922326
4167.77  0.9887052
4168.34  0.9862326
4168.91  0.977601
4169.48  0.9732831
4170.05  0.9807426
4170.62  0.9873478
4171.19  0.9907664
4171.76  0.9898678
4172.33  0.9912971
4172.90  0.995235
4173.47  0.9960265
4174.04  1.000196
4174.61  0.9976286
4175.18  0.996788
4175.75  0.9968588
4176.32  0.9952211
4176.89  0.9946314
4177.46  0.9944929
4178.03  0.9984857
4178.60  0.9959316
4179.17  0.9953309
4179.74  0.9961559
4180.31  0.9958956
4180.88  0.9951603
4181.45  0.9991306
4182.02  1.002741
4182.59  0.9993538
4183.16  0.9972559
4183.73  0.9944261
4184.30  0.9888251
4184.87  0.9828293
4185.44  0.973326
4186.01  0.9669085
4186.58  0.9650481
4187.15  0.9595383
4187.72  0.9633743
4188.29  0.9703317
4188.86  0.9759932
4189.43  0.9728126
4190.00  0.9694944
4190.57  0.975031
4191.14  0.9822867
4191.71  0.9854208
4192.28  0.9925899
4192.85  0.9930971
4193.42  0.9939784
4193.99  0.9942785
4194.56  0.9913245
4195.13  0.989192
4195.70  0.9856535
4196.27  0.9843828
4196.84  0.9820236
4197.41  0.9764543
4197.98  0.9754941
4198.55  0.9733716
4199.12  0.9661928
4199.69  0.959375
4200.26  0.9544814
4200.83  0.9527287
4201.40  0.956852
4201.97  0.9641514
4202.54  0.9755975
4203.11  0.9824643
4203.68  0.9837245
4204.25  0.9849492
4204.82  0.9896238
4205.39  0.9914356
4205.96  0.9924487
4206.53  0.9900048
4207.10  0.9938872
4207.67  0.999438
4208.24  0.9952331
4208.81  0.9928159
4209.38  0.9980275
4209.95  1.002175
4210.52  1.001376
4211.09  0.9984064
4211.66  0.9937241
4212.23  0.9894936
4212.80  0.9830469
4213.37  0.9872842
4213.94  0.9915138
4214.51  0.9976431
4215.08  1.00118
4215.65  0.9989669
4216.22  0.9958289
4216.79  0.9938526
4217.36  0.993789
4217.93  0.9981642
4218.50  0.9992138
4219.07  0.9930362
4219.64  0.9864959
4220.21  0.9843251
4220.78  0.9884326
4221.35  0.9900556
4221.92  0.9945257
4222.49  0.9939902
4223.06  0.9999588
4223.63  1.001199
4224.20  1.000759
4224.77  0.9994567
4225.34  1.000862
4225.91  0.99809
4226.48  1.001875
4227.05  1.004436
4227.62  1.007157
4228.19  1.001629
4228.76  0.998863
4229.33  0.9986815
4229.90  1.000977
4230.47  0.9999247
4231.04  0.9993229
4231.61  1.000405
4232.18  1.000084
4232.75  1.000345
4233.32  0.995354
4233.89  1.001018
4234.46  1.005364
4235.03  1.002412
4235.60  0.9996596
4236.17  0.998297
4236.74  0.9971607
4237.31  0.9952164
4237.88  0.9944015
4238.45  0.9982177
4239.02  0.9969251
4239.59  0.9938209
4240.16  0.9953439
4240.73  0.997665
4241.30  0.9965751
4241.87  0.9940051
4242.44  0.9966928
4243.01  1.000331
4243.58  1.001131
4244.15  1.002126
4244.72  1.004577
4245.29  1.005518
4245.86  1.004414
4246.43  1.001309
4247.00  1.001049
4247.57  1.003882
4248.14  1.003965
4248.71  1.002347
4249.28  1.002699
4249.85  1.003127
4250.42  1.000939
4250.99  1.001381
4251.56  0.9981945
4252.13  0.993579
4252.70  0.9913706
4253.27  0.9821913
4253.84  0.9637086
4254.41  0.9661524
4254.98  0.9753816
4255.55  0.9861728
4256.12  0.9914379
4256.69  0.9916359
4257.26  0.9952564
4257.83  0.9964878
4258.40  0.9977885
4258.97  0.9992005
4259.54  0.9977577
4260.11  1.000384
4260.68  0.9986289
4261.25  1.001555
4261.82  1.004341
4262.39  1.001196
4262.96  1.002035
4263.53  1.002924
4264.10  1.003264
4264.67  1.00559
4265.24  1.000441
4265.81  0.9951163
4266.38  0.9912632
4266.95  0.9813904
4267.52  0.9771405
4268.09  0.9853958
4268.66  0.9913969
4269.23  0.9913594
4269.80  0.9951811
4270.37  0.9968227
4270.94  0.9967372
4271.51  1.003007
4272.08  1.003229
4272.65  1.000563
4273.22  0.9938821
4273.79  0.9909335
4274.36  0.9890291
4274.93  0.98242
4275.50  0.9717152
4276.07  0.9607571
4276.64  0.9602556
4277.21  0.9617061
4277.78  0.9693893
4278.35  0.9765204
4278.92  0.9875436
4279.49  0.9936842
4280.06  0.9950816
4280.63  0.9946108
4281.20  0.9964064
4281.77  0.9957614
4282.34  0.992049
4282.91  0.9848281
4283.48  0.9817184
4284.05  0.9790616
4284.62  0.980038
4285.19  0.9799595
4285.76  0.9802157
4286.33  0.9864122
4286.90  0.992725
4287.47  0.9986601
4288.04  1.000331
4288.61  0.9966189
4289.18  0.9952685
4289.75  0.9940594
4290.32  0.9957248
4290.89  0.9894344
4291.46  0.9886945
4292.03  0.9901788
4292.60  0.9944769
4293.17  0.9978172
4293.74  0.9982955
4294.31  0.9968033
4294.88  0.9924318
4295.45  0.9930482
4296.02  1.001031
4296.59  1.002244
4297.16  1.003659
4297.73  1.010625
4298.30  1.015144
4298.87  1.015564
4299.44  1.016868
4300.01  1.01734
4300.58  1.015841
4301.15  1.017124
4301.72  1.011658
4302.29  1.010885
4302.86  1.003873
4303.43  0.9894723
4304.00  0.9834251
4304.57  0.9902663
4305.14  0.9958379
4305.71  0.9989755
4306.28  0.9988842
4306.85  0.9976231
4307.42  1.000004
4307.99  1.001788
4308.56  0.9999775
4309.13  0.9998247
4309.70  1.001911
4310.27  1.003972
4310.84  1.004898
4311.41  1.004049
4311.98  1.000607
4312.55  0.998428
4313.12  0.995157
4313.69  0.9940069
4314.26  0.9936046
4314.83  0.9916237
4315.40  0.9896379
4315.97  0.990898
4316.54  0.9827703
4317.11  0.9741899
4317.68  0.9732151
4318.25  0.9765596
4318.82  0.9732289
4319.39  0.9670349
4319.96  0.9707991
4320.53  0.9799509
4321.10  0.9905264
4321.67  0.9913487
4322.24  0.9923763
4322.81  0.9942269
4323.38  0.9964131
4323.95  0.9929084
4324.52  0.9897422
4325.09  0.9853944
4325.66  0.9781281
4326.23  0.9781322
4326.80  0.9758012
4327.37  0.972489
4327.94  0.9693338
4328.51  0.9669467
4329.08  0.9690009
4329.65  0.9687583
4330.22  0.9640868
4330.79  0.9634799
4331.36  0.9616951
4331.93  0.9489564
4332.50  0.9413015
4333.07  0.9373742
4333.64  0.9296765
4334.21  0.9219086
4334.78  0.9116243
4335.35  0.8989652
4335.92  0.8788487
4336.49  0.8598545
4337.06  0.8353965
4337.63  0.8093001
4338.20  0.7782254
4338.77  0.7378287
4339.34  0.6990067
4339.91  0.6593206
4340.48  0.6310405
4341.05  0.6285578
4341.62  0.6469836
4342.19  0.6775367
4342.76  0.71527
4343.33  0.7542584
4343.90  0.7863426
4344.47  0.8150512
4345.04  0.8349301
4345.61  0.8516164
4346.18  0.8725063
4346.75  0.8859445
4347.32  0.8939365
4347.89  0.907151
4348.46  0.9149522
4349.03  0.9126403
4349.60  0.9121184
4350.17  0.9198135
4350.74  0.9229614
4351.31  0.9276246
4351.88  0.9413388
4352.45  0.9553903
4353.02  0.963884
4353.59  0.9677089
4354.16  0.9717532
4354.73  0.979784
4355.30  0.9828569
4355.87  0.987534
4356.44  0.9928987
4357.01  0.9923171
4357.58  0.9925859
4358.15  0.9945198
4358.72  0.9978743
4359.29  0.993751
4359.86  0.9952329
4360.43  0.9987822
4361.00  0.9949012
4361.57  0.9951316
4362.14  0.9929634
4362.71  0.9944565
4363.28  0.9973668
4363.85  0.9946495
4364.42  0.9922188
4364.99  0.9923837
4365.56  0.9885189
4366.13  0.9780565
4366.70  0.9682516
4367.27  0.9690351
4367.84  0.969198
4368.41  0.9728222
4368.98  0.9785542
4369.55  0.9783669
4370.12  0.9843756
4370.69  0.9877487
4371.26  0.9908701
4371.83  0.9907992
4372.40  0.9909582
4372.97  0.9960682
4373.54  0.9973654
4374.11  0.9978684
4374.68  0.9984455
4375.25  0.9982824
4375.82  0.9984768
4376.39  0.9984949
4376.96  0.9993908
4377.53  0.9933974
4378.10  0.985931
4378.67  0.9832745
4379.24  0.9770281
4379.81  0.9759188
4380.38  0.9857984
4380.95  0.9928012
4381.52  0.9937925
4382.09  0.9962454
4382.66  0.9959707
4383.23  0.9965463
4383.80  0.992958
4384.37  0.9880056
4384.94  0.9821773
4385.51  0.9764366
4386.08  0.9614139
4386.65  0.9323182
4387.22  0.8983827
4387.79  0.867165
4388.36  0.8589772
4388.93  0.8821223
4389.50  0.9048809
4390.07  0.9276693
4390.64  0.9541814
4391.21  0.9627807
4391.78  0.9694993
4392.35  0.9799909
4392.92  0.9882695
4393.49  0.9922686
4394.06  0.9959046
4394.63  0.997686
4395.20  0.993625
4395.77  0.9915066
4396.34  0.993035
4396.91  0.9930378
4397.48  0.9917604
4398.05  0.9935722
4398.62  0.9961148
4399.19  0.9996055
4399.76  1.000532
4400.33  1.004328
4400.90  1.006943
4401.47  1.006019
4402.04  1.002996
4402.61  1.004629
4403.18  1.002311
4403.75  1.003083
4404.32  1.004321
4404.89  1.000583
4405.46  1.00515
4406.03  1.001376
4406.60  1.003632
4407.17  1.003711
4407.74  0.9989252
4408.31  0.9985323
4408.88  0.9936539
4409.45  0.9915605
4410.02  0.9903273
4410.59  0.9922407
4411.16  0.992593
4411.73  0.9947589
4412.30  0.9949731
4412.87  0.9882029
4413.44  0.985063
4414.01  0.9786085
4414.58  0.9667324
4415.15  0.9607977
4415.72  0.9656558
4416.29  0.9617858
4416.86  0.9618173
4417.43  0.9691128
4418.00  0.9769681
4418.57  0.9853257
4419.14  0.9921519
4419.71  0.9930007
4420.28  0.9959604
4420.85  0.9979675
4421.42  0.998355
4421.99  0.9961118
4422.56  0.9956806
4423.13  0.9975585
4423.70  0.9998208
4424.27  1.000981
4424.84  0.9985867
4425.41  0.9955422
4425.98  0.9995716
4426.55  0.9979525
4427.12  0.9952753
4427.69  0.9864181
4428.26  0.985189
4428.83  0.9822129
4429.40  0.9833043
4429.97  0.9829529
4430.54  0.9845852
4431.11  0.9839547
4431.68  0.9896506
4432.25  0.9901052
4432.82  0.9882796
4433.39  0.9905114
4433.96  0.9892948
4434.53  0.9869477
4435.10  0.9898284
4435.67  0.9884939
4436.24  0.9879634
4436.81  0.9887995
4437.38  0.9774612
4437.95  0.9776161
4438.52  0.9857484
4439.09  0.9865409
4439.66  0.9880398
4440.23  0.9904861
4440.80  0.9921408
4441.37  0.9970074
4441.94  0.9953134
4442.51  0.9912052
4443.08  0.9923316
4443.65  0.9954318
4444.22  0.9981986
4444.79  0.9996501
4445.36  1.000692
4445.93  0.9938442
4446.50  0.9886183
4447.07  0.9870622
4447.64  0.9844698
4448.21  0.9843171
4448.78  0.9814301
4449.35  0.9888604
4449.92  0.995757
4450.49  0.9984082
4451.06  0.9978986
4451.63  0.9934144
4452.20  0.9896907
4452.77  0.991268
4453.34  0.991796
4453.91  0.9978629
4454.48  1.001875
4455.05  0.9989657
4455.62  0.9995391
4456.19  1.002449
4456.76  1.00194
4457.33  1.001191
4457.90  0.9993751
4458.47  0.9992988
4459.04  0.999263
4459.61  1.00035
4460.18  0.9997232
4460.75  1.001647
4461.32  1.004921
4461.89  1.001331
4462.46  1.000947
4463.03  0.9992502
4463.60  0.9968854
4464.17  0.9946125
4464.74  0.9855288
4465.31  0.9793318
4465.88  0.973538
4466.45  0.9676547
4467.02  0.964196
4467.59  0.9534979
4468.16  0.9424133
4468.73  0.9274997
4469.30  0.8997496
4469.87  0.8688109
4470.44  0.8337373
4471.01  0.7949394
4471.58  0.7805935
4472.15  0.7997698
4472.72  0.8343699
4473.29  0.8760542
4473.86  0.9134519
4474.43  0.9432268
4475.00  0.9635918
4475.57  0.9759864
4476.14  0.9839463
4476.71  0.9878916
4477.28  0.9929546
4477.85  0.9922312
4478.42  0.9911985
4478.99  0.9911766
4479.56  0.9866013
4480.13  0.9800518
4480.70  0.9688603
4481.27  0.9667202
4481.84  0.9740961
4482.41  0.9794016
4482.98  0.9835277
4483.55  0.9915052
4484.12  0.9979674
4484.69  1.000571
4485.26  1.001841
4485.83  1.001667
4486.40  1.000785
4486.97  0.9990671
4487.54  0.9940934
4488.11  0.9957492
4488.68  0.9964004
4489.25  0.9948772
4489.82  0.9963995
4490.39  0.9948614
4490.96  0.9927559
4491.53  0.9936091
4492.10  0.9961493
4492.67  0.9989887
4493.24  0.9995688
4493.81  1.003283
4494.38  1.005088
4494.95  1.005779
4495.52  1.007455
4496.09  1.006295
4496.66  1.004651
4497.23  1.00728
4497.80  1.006419
4498.37  1.005027
4498.94  1.004043
4499.51  1.00489
4500.08  1.003897
4500.65  1.003145
4501.22  1.003104
4501.79  1.005759
4502.36  1.004309
4502.93  1.005086
4503.50  1.002563
4504.07  0.9979662
4504.64  0.9989592
4505.21  0.9982336
4505.78  0.9960792
4506.35  0.9967307
4506.92  0.9971682
4507.49  0.9997755
4508.06  0.9999006
4508.63  0.9991528
4509.20  1.001415
4509.77  1.00103
4510.34  0.9978675
4510.91  0.9893095
4511.48  0.9872091
4512.05  0.992198
4512.62  0.9909774
4513.19  0.9956645
4513.76  0.9957539
4514.33  0.9887557
4514.90  0.9841745
4515.47  0.9840916
4516.04  0.9854621
4516.61  0.9847653
4517.19  0.9889015
4517.76  0.9923349
4518.33  0.9952638
4518.90  0.9990939
4519.47  1.002581
4520.04  1.002786
4520.61  1.005214
4521.18  1.007017
4521.75  1.004108
4522.32  0.9984413
4522.89  1.000339
4523.46  0.9996156
4524.03  1.002099
4524.60  1.002402
4525.17  1.003924
4525.74  1.004103
4526.31  1.004797
4526.88  1.006474
4527.45  0.9993685
4528.02  0.9973014
4528.59  0.9930368
4529.16  0.9918962
4529.73  0.9897125
4530.30  0.995223
4530.87  0.9978672
4531.44  1.000788
4532.01  1.002755
4532.58  1.005234
4533.15  1.004869
4533.72  1.000521
4534.29  0.9971406
4534.86  0.9907699
4535.43  0.987632
4536.00  0.9863021
4536.57  0.9894571
4537.14  0.9920781
4537.71  0.992884
4538.28  0.9918649
4538.85  0.9854425
4539.42  0.9777782
4539.99  0.9702001
4540.56  0.9622343
4541.13  0.9545687
4541.70  0.9534538
4542.27  0.9506748
4542.84  0.9541545
4543.41  0.9616017
4543.98  0.9676486
4544.55  0.9742148
4545.12  0.9790788
4545.69  0.9827778
4546.26  0.9882671
4546.83  0.9908162
4547.40  0.9933085
4547.97  0.9938332
4548.54  0.9899703
4549.11  0.9908802
4549.68  0.9891196
4550.25  0.9912496
4550.82  0.9928663
4551.39  0.9841008
4551.96  0.9716152
4552.53  0.9608067
4553.10  0.9661459
4553.67  0.9763113
4554.24  0.9835361
4554.81  0.9890125
4555.38  0.9907344
4555.95  0.9958881
4556.52  0.9991514
4557.09  0.9977694
4557.66  0.9976022
4558.23  0.9977577
4558.80  0.9973757
4559.37  1.000833
4559.94  0.9996075
4560.51  1.001257
4561.08  1.004419
4561.65  1.004709
4562.22  1.004737
4562.79  1.004874
4563.36  1.007679
4563.93  1.004251
4564.50  1.002276
4565.07  1.000039
4565.64  0.9999084
4566.21  0.9962472
4566.78  0.9858174
4567.35  0.9731717
4567.92  0.9694649
4568.49  0.9754313
4569.06  0.9841867
4569.63  0.9869471
4570.20  0.9935009
4570.77  0.9945297
4571.34  0.9971403
4571.91  0.9950304
4572.48  0.9963772
4573.05  0.9932483
4573.62  0.9890925
4574.19  0.9803557
4574.76  0.9807274
4575.33  0.9837783
4575.90  0.9904971
4576.47  0.9953825
4577.04  0.9961901
4577.61  0.9993069
4578.18  0.9995874
4578.75  1.000637
4579.32  1.000806
4579.89  0.9975896
4580.46  0.9971347
4581.03  0.9980159
4581.60  0.9997591
4582.17  1.00049
4582.74  0.9997249
4583.31  0.9966958
4583.88  0.9965006
4584.45  0.997581
4585.02  0.9971846
4585.59  1.000863
4586.16  1.000618
4586.73  1.000323
4587.30  1.001331
4587.87  0.9962111
4588.44  0.9949842
4589.01  0.9964507
4589.58  0.9909926
4590.15  0.9824211
4590.72  0.971157
4591.29  0.9732144
4591.86  0.9774354
4592.43  0.983901
4593.00  0.9879418
4593.57  0.9899903
4594.14  0.9933452
4594.71  0.9895682
4595.28  0.9825162
4595.85  0.9759803
4596.42  0.9776417
4596.99  0.984854
4597.56  0.9888563
4598.13  0.9902393
4598.70  0.9918298
4599.27  0.996354
4599.84  0.9945658
4600.41  0.9959467
4600.98  0.9895195
4601.55  0.984468
4602.12  0.984232
4602.69  0.9889984
4603.26  0.9906966
4603.83  0.9930122
4604.40  0.9945589
4604.97  0.9960087
4605.54  0.9984229
4606.11  0.9952038
4606.68  0.99406
4607.25  0.9938805
4607.82  0.9914523
4608.39  0.9832417
4608.96  0.9789296
4609.53  0.9746592
4610.10  0.9717502
4610.67  0.9795429
4611.24  0.9845495
4611.81  0.9880116
4612.38  0.9905964
4612.95  0.9899896
4613.52  0.9892802
4614.09  0.9916447
4614.66  0.9950741
4615.23  0.9965204
4615.80  0.9974238
4616.37  0.9950829
4616.94  0.9917521
4617.51  0.988995
4618.08  0.9862251
4618.65  0.9885868
4619.22  0.9923357
4619.79  0.9888353
4620.36  0.985319
4620.93  0.9886
4621.50  0.9919334
4622.07  0.9943162
4622.64  0.9978278
4623.21  0.99923
4623.78  0.9992031
4624.35  0.9978284
4624.92  0.9980566
4625.49  0.9974329
4626.06  0.9975025
4626.63  0.9999087
4627.20  0.9979253
4627.77  0.9955032
4628.34  0.9959103
4628.91  0.992748
4629.48  0.9891944
4630.05  0.9778385
4630.62  0.968702
4631.19  0.9669969
4631.76  0.9705972
4632.33  0.9764841
4632.90  0.9823342
4633.47  0.9836183
4634.04  0.984018
4634.61  0.9843617
4635.18  0.98884
4635.75  0.9933748
4636.32  0.9927325
4636.89  0.9915041
4637.46  0.9819428
4638.03  0.9724649
4638.60  0.9671485
4639.17  0.9687647
4639.74  0.9674602
4640.31  0.9609613
4640.88  0.9491273
4641.45  0.9446383
4642.02  0.9540188
4642.59  0.9662021
4643.16  0.9755903
4643.73  0.9843945
4644.30  0.9889987
4644.87  0.9908273
4645.44  0.9848002
4646.01  0.9699714
4646.58  0.9436609
4647.15  0.9256307
4647.72  0.9145579
4648.29  0.9039255
4648.86  0.8926597
4649.43  0.8804617
4650.00  0.8706309
4650.57  0.8687098
4651.14  0.8794608
4651.71  0.898856
4652.28  0.9262257
4652.85  0.9480727
4653.42  0.956427
4653.99  0.9605502
4654.56  0.9701303
4655.13  0.9769523
4655.70  0.9875266
4656.27  0.9936941
4656.84  0.9966794
4657.41  0.9970393
4657.98  0.9932102
4658.55  0.9892861
4659.12  0.9938055
4659.69  0.9932737
4660.26  0.9888374
4660.83  0.9809886
4661.40  0.9774419
4661.97  0.9814718
4662.54  0.9844929
4663.11  0.9893644
4663.68  0.9885627
4664.25  0.9910501
4664.82  0.9911683
4665.39  0.9852539
4665.96  0.9840459
4666.53  0.9878423
4667.10  0.9914287
4667.67  0.9966398
4668.24  0.9989281
4668.81  0.9957215
4669.38  0.996958
4669.95  0.9973202
4670.52  1.000072
4671.09  1.000138
4671.66  0.9977124
4672.23  0.9955999
4672.80  0.9913718
4673.37  0.9873453
4673.94  0.9833621
4674.51  0.9815091
4675.08  0.9819274
4675.65  0.9768195
4676.22  0.9738377
4676.79  0.9787348
4677.36  0.9843872
4677.93  0.9887557
4678.50  0.992111
4679.07  0.9938074
4679.64  0.997256
4680.21  0.9984601
4680.78  0.9920572
4681.35  0.9894839
4681.92  0.9868273
4682.49  0.9823806
4683.06  0.9716419
4683.63  0.9553044
4684.20  0.9322224
4684.77  0.9031557
4685.34  0.8811793
4685.91  0.8770773
4686.48  0.8875817
4687.05  0.9087024
4687.62  0.931973
4688.19  0.9533765
4688.76  0.9727336
4689.33  0.9844123
4689.90  0.9898512
4690.47  0.9929699
4691.04  0.9954284
4691.61  0.9960493
4692.18  0.9941374
4692.75  0.9955593
4693.32  1.000207
4693.89  0.9986348
4694.46  0.9984716
4695.03  0.9980276
4695.60  0.9944887
4696.17  0.9927848
4696.74  0.9924529
4697.31  0.9918246
4697.88  0.9853834
4698.45  0.9775982
4699.02  0.9738887
4699.59  0.9785177
4700.16  0.9819859
4700.73  0.9842929
4701.30  0.9883307
4701.87  0.9882205
4702.44  0.9847177
4703.01  0.9856061
4703.58  0.9874058
4704.15  0.9835976
4704.72  0.9772411
4705.29  0.9760994
4705.86  0.9814865
4706.43  0.9885159
4707.00  0.9896576
4707.57  0.9935126
4708.14  0.9976029
4708.71  0.9923995
4709.28  0.9903644
4709.85  0.9905374
4710.42  0.9897233
4710.99  0.9867595
4711.56  0.9766584
4712.13  0.9561809
4712.70  0.935407
4713.27  0.9307165
4713.84  0.9437369
4714.41  0.9558219
4714.98  0.9701955
4715.55  0.9819289
4716.12  0.9893166
4716.69  0.997292
4717.26  1.001613
4717.83  1.001601
4718.40  1.003568
4718.97  1.006773
4719.54  1.005703
4720.11  1.009375
4720.68  1.006059
4721.25  1.005464
4721.82  1.005089
4722.39  1.00645
4722.96  1.007624
4723.53  1.00924
4724.10  1.009944
4724.67  1.006256
4725.24  1.005627
4725.81  1.006199
4726.38  1.004331
4726.95  1.003494
4727.52  1.00429
4728.09  1.006242
4728.66  1.008385
4729.23  1.006821
4729.80  1.00667
4730.37  1.007149
4730.94  1.008676
4731.51  1.009209
4732.08  1.005772
4732.65  1.004008
4733.22  1.001828
4733.79  1.002901
4734.36  1.004464
4734.93  1.002914
4735.50  1.004693
4736.07  1.001987
4736.64  1.001525
4737.21  1.003973
4737.78  1.00145
4738.35  1.001685
4738.92  1.000991
4739.49  1.001652
4740.06  1.002086
4740.63  1.000925
4741.20  1.001135
4741.77  1.000804
4742.34  0.9999372
4742.91  1.002383
4743.48  1.003842
4744.05  1.001439
4744.62  1.000248
4745.19  1.002102
4745.76  1.001059
4746.33  1.000863
4746.90  1.000048
4747.47  1.001193
4748.04  1.002223
4748.61  1.003279
4749.18  1.000579
4749.75  1.002757
4750.32  0.9962271
4750.89  0.9928762
4751.46  0.9972848
4752.03  0.9981355
4752.60  0.9971795
4753.17  1.000391
4753.74  0.9999375
4754.31  0.999074
4754.88  0.9994408
4755.45  0.9973147
4756.02  1.000048
4756.59  1.000701
4757.16  0.9998007
4757.73  0.9983365
4758.30  0.9980562
4758.87  0.9991665
4759.44  0.9983828
4760.01  0.9955642
4760.58  0.99437
4761.15  0.9941534
4761.72  0.9930933
4762.29  0.9941197
4762.86  0.9941646
4763.43  0.9949508
4764.00  0.9952478
4764.57  0.9938169
4765.14  0.9938582
4765.71  0.9938806
4766.28  0.9940199
4766.85  0.9952042
4767.42  0.9953095
4767.99  0.9941797
4768.56  0.9930096
4769.13  1.003666
4769.70  1.007465
4770.27  1.000104
4770.84  0.9980728
4771.41  0.9941583
4771.98  0.9925362
4772.55  0.9915461
4773.12  0.9935187
4773.69  0.9956018
4774.26  0.9942017
4774.83  0.9934347
4775.40  0.9954482
4775.97  0.99383
4776.54  0.995158
4777.11  0.9948096
4777.68  0.9956725
4778.25  0.9959552
4778.82  0.9950581
4779.39  0.9935955
4779.96  0.994875
4780.53  0.9959707
4781.10  0.9971388
4781.67  0.9966053
4782.24  0.9953223
4782.81  0.9948447
4783.38  0.9944355
4783.95  0.996066
4784.52  0.9965406
4785.09  0.9966487
4785.66  0.9937843
4786.23  0.9945616
4786.80  0.9956203
4787.37  0.9963864
4787.94  0.9947572
4788.51  0.9972906
4789.08  0.999196
4789.65  0.9962711
4790.22  0.9998207
4790.79  0.9997965
4791.36  0.9980502
4791.93  0.9990325
4792.50  1.000419
4793.07  0.9987039
4793.64  0.9982612
4794.21  0.997565
4794.78  0.9995333
4795.35  0.9975333
4795.92  0.9970754
4796.49  0.9991482
4797.06  0.9960232
4797.63  0.9977331
4798.20  0.9982031
4798.77  0.9978331
4799.34  0.997721
4799.91  0.997023
4800.48  0.999234
4801.05  0.9988621
4801.62  0.9981455
4802.19  0.9983496
4802.76  0.9953703
4803.33  0.9944032
4803.90  0.9966862
4804.47  0.9966669
4805.04  0.9993181
4805.61  1.000774
4806.18  0.9982803
4806.75  1.001539
4807.32  1.000612
4807.89  1.001296
4808.46  1.003891
4809.03  1.000252
4809.60  1.000131
4810.17  1.000622
4810.74  1.000522
4811.31  1.000778
4811.88  1.003167
4812.45  1.003161
4813.02  0.9989811
4813.59  0.9978179
4814.16  0.996041
4814.73  1.000793
4815.30  0.9986112
4815.87  0.9975019
4816.44  1.000154
4817.01  1.001429
4817.58  0.9988866
4818.15  0.9965029
4818.72  0.9953337
4819.29  0.9917368
4819.86  0.9936408
4820.43  0.9941645
4821.00  0.9994912
4821.57  1.001571
4822.14  0.9993342
4822.71  0.9998441
4823.28  1.002291
4823.85  1.001319
4824.42  1.000791
4824.99  0.9993592
4825.56  0.9984611
4826.13  1.002706
4826.70  1.001057
4827.27  0.9991972
4827.84  0.9956825
4828.41  0.9951256
4828.98  0.9960431
4829.55  0.9952977
4830.12  0.9955431
4830.69  0.9987039
4831.26  0.9995807
4831.83  0.9996538
4832.40  1.000068
4832.97  1.000068
4833.54  0.9996354
4834.11  1.00104
4834.68  0.9990544
4835.25  0.9998837
4835.82  0.9989132
4836.39  0.9984441
4836.96  1.000398
4837.53  1.001294
4838.10  1.001799
4838.67  0.9993151
4839.24  0.9994949
4839.81  1.000374
4840.38  0.9970431
4840.95  0.9964204
4841.52  0.9953256
4842.09  0.9921523
4842.66  0.9896891
4843.23  0.9873657
4843.80  0.9875562
4844.37  0.9905559
4844.94  0.9901649
4845.51  0.9879002
4846.08  0.9861971
4846.65  0.9836223
4847.22  0.9833623
4847.79  0.9827675
4848.36  0.9779141
4848.93  0.9766243
4849.50  0.9738808
4850.07  0.9713483
4850.64  0.9675819
4851.21  0.9627011
4851.78  0.9601256
4852.35  0.9535767
4852.92  0.9483736
4853.49  0.9404393
4854.06  0.9313188
4854.63  0.9215515
4855.20  0.9096206
4855.77  0.894447
4856.34  0.875853
4856.91  0.8601339
4857.48  0.8375515
4858.05  0.8133466
4858.62  0.7893368
4859.19  0.7584897
4859.76  0.7220495
4860.33  0.6823754
4860.90  0.6517161
4861.47  0.6387176
4862.04  0.6458231
4862.61  0.670197
4863.18  0.7014427
4863.75  0.7341176
4864.32  0.7664085
4864.89  0.7954787
4865.46  0.8226664
4866.03  0.849188
4866.60  0.8701806
4867.17  0.8873519
4867.74  0.9005584
4868.31  0.9098139
4868.88  0.9230646
4869.45  0.9319006
4870.02  0.937778
4870.59  0.9442266
4871.16  0.9490587
4871.73  0.9546683
4872.30  0.9606045
4872.87  0.9656942
4873.44  0.9695818
4874.01  0.9732112
4874.58  0.974079
4875.15  0.9757177
4875.72  0.9788164
4876.29  0.9797695
4876.86  0.9836989
4877.43  0.9841351
4878.00  0.9842737
4878.57  0.9886171
4879.14  0.9889738
4879.71  0.9869045
4880.28  0.9848436
4880.85  0.9849632
4881.42  0.985247
4881.99  0.9894974
4882.56  0.9906202
4883.13  0.9915241
4883.70  0.9930155
4884.27  0.9911594
4884.84  0.9909942
4885.41  0.9919391
4885.98  0.9940904
4886.55  0.9914598
4887.12  0.9922033
4887.69  0.9923728
4888.26  0.9923582
4888.83  0.9934261
4889.40  0.9935099
4889.97  0.9922963
4890.54  0.9914038
4891.11  0.9918654
4891.68  0.9915727
4892.25  0.9926555
4892.82  0.9940599
4893.39  0.9923052
4893.96  0.9949504
4894.53  0.9943557
4895.10  0.9935106
4895.67  0.9951017
4896.24  0.9987953
4896.81  0.9966536
4897.38  0.9948365
4897.95  0.9960534
4898.52  0.996518
4899.09  0.995784
4899.66  0.9949264
4900.23  0.9951469
4900.80  0.9968281
4901.37  0.9967379
4901.94  0.9978058
4902.51  1.000304
4903.08  0.9980843
4903.65  0.9960677
4904.22  0.9947306
4904.79  0.9954833
4905.36  0.9956495
4905.93  0.9899725
4906.50  0.9874337
4907.07  0.9852172
4907.64  0.98641
4908.21  0.9926557
4908.78  0.9929699
4909.35  0.9927968
4909.92  0.993556
4910.49  0.9967042
4911.06  0.9953234
4911.63  0.9980766
4912.20  0.9963197
4912.77  0.9983511
4913.34  0.9981797
4913.91  0.9978471
4914.48  0.9985919
4915.05  0.9979792
4915.62  0.996271
4916.19  0.9973753
4916.76  0.9976473
4917.33  0.9896197
4917.90  0.9856506
4918.47  0.9807629
4919.04  0.9724118
4919.61  0.9574938
4920.18  0.9371395
4920.75  0.9075009
4921.32  0.8731278
4921.89  0.8497037
4922.46  0.8493904
4923.03  0.8670068
4923.60  0.8890533
4924.17  0.9122665
4924.74  0.9319356
4925.31  0.9523864
4925.88  0.9655725
4926.45  0.9772635
4927.02  0.9842974
4927.59  0.9872056
4928.16  0.992834
4928.73  0.9919802
4929.30  0.9940614
4929.87  0.9951463
4930.44  0.9969076
4931.01  0.9954793
4931.58  0.9955883
4932.15  0.9964424
4932.72  0.998429
4933.29  0.9968609
4933.86  0.9956255
4934.43  0.9957387
4935.00  0.9938899
4935.57  0.9937087
4936.14  0.9937186
4936.71  0.9959258
4937.28  0.9978148
4937.85  0.9960137
4938.42  0.9953899
4938.99  0.9928531
4939.56  0.9947069
4940.13  0.9942848
4940.70  0.9887379
4941.27  0.9867042
4941.84  0.9854705
4942.41  0.9806613
4942.98  0.9794337
4943.55  0.9819829
4944.12  0.9864579
4944.69  0.9919067
4945.26  0.9965994
4945.83  0.9946021
4946.40  0.9948414
4946.97  0.9965342
4947.54  0.9986077
4948.11  0.998221
4948.68  1.00004
4949.25  0.9976181
4949.82  1.000702
4950.39  0.9981314
4950.96  0.9987131
4951.53  1.000093
4952.10  0.999392
4952.67  0.9997605
4953.24  0.9998301
4953.81  0.9992667
4954.38  1.000485
4954.95  0.9968776
4955.52  0.9950657
4956.09  0.9985221
4956.66  0.9977815
4957.23  0.9993194
4957.80  1.000978
4958.37  0.9992318
4958.94  1.000679
4959.51  1.000013
4960.08  1.000503
4960.65  1.000597
4961.22  0.9995497
4961.79  1.001644
4962.36  0.9996247
4962.93  1.00055
4963.50  1.002058
4964.07  0.9983234
4964.64  0.9993886
4965.21  0.9987954
4965.78  0.9973485
4966.35  0.9986628
4966.92  0.9984889
4967.49  0.9982725
4968.06  0.9969248
4968.63  0.9991903
4969.20  0.998606
4969.77  1.000043
4970.34  0.9996094
4970.91  0.9986453
4971.48  0.9988013
4972.05  0.9985471
4972.62  1.001127
4973.19  1.000733
4973.76  1.000564
4974.33  0.9988788
4974.90  1.001001
4975.47  1.000024
4976.04  0.9998868
4976.61  0.9990426
4977.18  0.9971498
4977.75  1.00161
4978.32  1.002622
4978.89  1.00203
4979.46  1.000436
4980.03  0.9996992
4980.60  0.9969965
4981.17  0.9984886
4981.74  1.000962
4982.31  0.9994131
4982.88  0.9993529
4983.45  1.000095
4984.02  1.001547
4984.59  0.9984762
4985.16  0.9982023
4985.73  1.000454
4986.30  0.9996843
4986.87  0.9986162
4987.44  1.000724
4988.02  1.000446
4988.59  0.9996231
4989.16  1.000949
4989.73  1.001422
4990.30  1.001809
4990.87  0.999364
4991.44  0.9979044
4992.01  0.9985439
4992.58  0.999303
4993.15  0.9996405
4993.72  1.000094
4994.29  1.000031
4994.86  1.000132
4995.43  0.9970016
4996.00  0.9979066
4996.57  0.9998358
4997.14  1.000042
4997.71  0.9980727
4998.28  0.9989073
4998.85  0.9993628
4999.42  0.9979613
4999.99  0.996563
5000.56  0.9931974
5001.13  0.9874021
5001.70  0.9910182
5002.27  0.9917202
5002.84  0.9927495
5003.41  0.9896373
5003.98  0.9929202
5004.55  0.992985
5005.12  0.9917755
5005.69  0.9918244
5006.26  0.9896828
5006.83  0.99135
5007.40  0.993527
5007.97  0.9918191
5008.54  0.9953665
5009.11  0.9963453
5009.68  0.9956485
5010.25  0.9957457
5010.82  0.9932182
5011.39  0.9952126
5011.96  0.9922793
5012.53  0.9887835
5013.10  0.9898171
5013.67  0.9886351
5014.24  0.9813159
5014.81  0.9655108
5015.38  0.9417676
5015.95  0.9249414
5016.52  0.9270322
5017.09  0.9370693
5017.66  0.9530968
5018.23  0.964933
5018.80  0.9779055
5019.37  0.9830617
5019.94  0.9880157
5020.51  0.994933
5021.08  0.9952943
5021.65  0.9962954
5022.22  0.9952971
5022.79  0.9943222
5023.36  0.996255
5023.93  0.9954881
5024.50  0.9943471
5025.07  0.996286
5025.64  0.9951857
5026.21  0.9956747
5026.78  0.9956104
5027.35  0.9927204
5027.92  0.9940257
5028.49  0.9964998
5029.06  0.9945278
5029.63  0.9918408
5030.20  0.992498
5030.77  0.9952541
5031.34  0.9958529
5031.91  0.9953297
5032.48  0.99479
5033.05  0.9942411
5033.62  0.9921685
5034.19  0.9916646
5034.76  0.9909294
5035.33  0.9897695
5035.90  0.9912975
5036.47  0.9929136
5037.04  0.9922555
5037.61  0.989454
5038.18  0.9881502
5038.75  0.9899853
5039.32  0.9930021
5039.89  0.9938812
5040.46  0.9932911
5041.03  0.992781
5041.60  0.9918041
5042.17  0.9912677
5042.74  0.9916707
5043.31  0.988853
5043.88  0.9880542
5044.45  0.9896179
5045.02  0.9859242
5045.59  0.9849434
5046.16  0.9857515
5046.73  0.9797555
5047.30  0.9678105
5047.87  0.9566049
5048.44  0.9532651
5049.01  0.9607179
5049.58  0.9684324
5050.15  0.97539
5050.72  0.9815443
5051.29  0.9882196
5051.86  0.9939612
5052.43  0.9912579
5053.00  0.9907091
5053.57  0.9947951
5054.14  0.9949027
5054.71  0.9963146
5055.28  0.9963009
5055.85  0.9964154
5056.42  0.9966925
5056.99  0.9978206
5057.56  0.9959272
5058.13  0.9928992
5058.70  0.994092
5059.27  0.997452
5059.84  0.9971501
5060.41  0.9970398
5060.98  0.9949854
5061.55  0.9964166
5062.12  0.9974191
5062.69  0.9970537
5063.26  0.9992544
5063.83  0.9999484
5064.40  1.000996
5064.97  1.00009
5065.54  0.9990362
5066.11  0.9963563
5066.68  0.9953798
5067.25  0.9962656
5067.82  0.9949621
5068.39  0.9963245
5068.96  0.9986895
5069.53  0.9989245
5070.10  0.9994934
5070.67  0.9984649
5071.24  0.9998065
5071.81  1.001628
5072.38  1.003134
5072.95  1.00319
5073.52  0.9986825
5074.09  0.9975252
5074.66  0.9989368
5075.23  1.000764
5075.80  0.9997875
5076.37  0.9994248
5076.94  1.000396
5077.51  1.000593
5078.08  1.001289
5078.65  1.001428
5079.22  1.001057
5079.79  0.9982868
5080.36  0.9996321
5080.93  1.0006
5081.50  1.001708
5082.07  1.000297
5082.64  1.001757
5083.21  1.00239
5083.78  1.001216
5084.35  0.9994643
5084.92  1.000355
5085.49  0.9997681
5086.06  1.001111
5086.63  0.99806
5087.20  0.9988641
5087.77  0.9994004
5088.34  1.000139
5088.91  1.001057
5089.48  0.9991015
5090.05  0.9963555
5090.62  0.9963959
5091.19  0.996195
5091.76  0.9992628
5092.33  0.9997472
5092.90  0.9996893
5093.47  0.9992106
5094.04  0.9976743
5094.61  0.9991358
5095.18  0.9975531
5095.75  1.000148
5096.32  0.9998215
5096.89  0.9985037
5097.46  0.9994223
5098.03  1.001077
5098.60  0.9986835
5099.17  0.9968965
5099.74  0.9977579
5100.31  1.002147
5100.88  1.002926
5101.45  1.000353
5102.02  0.9999636
5102.59  0.9996648
5103.16  0.9994802
5103.73  0.999638
5104.30  1.001764
5104.87  1.000445
5105.44  1.000731
5106.01  1.003049
5106.58  1.00125
5107.15  0.999972
5107.72  1.000195
5108.29  1.003447
5108.86  1.004755
5109.43  1.00141
5110.00  0.999602
5110.57  1.000249
5111.14  1.001444
5111.71  0.9971181
