6180.30  0.9839329
6180.58  0.9904205
6180.86  0.9893178
6181.15  0.9864787
6181.43  0.9959558
6181.72  0.9922271
6182.00  0.9906999
6182.29  0.9907015
6182.57  0.9925275
6182.85  0.9886817
6183.14  0.9907843
6183.42  0.9938108
6183.71  0.9877117
6183.99  0.9873767
6184.27  0.9891025
6184.56  0.9889194
6184.84  0.9924794
6185.13  0.9892877
6185.41  0.9856198
6185.70  0.9895858
6185.98  0.9892584
6186.26  0.9883143
6186.55  0.9881799
6186.83  0.9885478
6187.12  0.9860124
6187.40  0.9876313
6187.69  0.9956283
6187.97  0.9945166
6188.25  0.9909576
6188.54  0.9927232
6188.82  0.9935676
6189.11  0.9927956
6189.39  0.9912951
6189.68  0.9912953
6189.96  0.9936054
6190.24  0.9971462
6190.53  0.9913736
6190.81  0.9894141
6191.10  0.9938464
6191.38  0.9931321
6191.67  0.9879597
6191.95  0.9887763
6192.23  0.9917743
6192.52  0.9940362
6192.80  0.9935895
6193.09  0.9946474
6193.37  0.9915913
6193.66  0.9911466
6193.94  0.9996683
6194.22  0.9963771
6194.51  0.9951314
6194.79  0.9974423
6195.08  0.9941082
6195.36  0.9932942
6195.65  0.9965335
6195.93  0.9919446
6196.21  0.9882462
6196.50  0.996254
6196.78  0.9948022
6197.07  0.9938932
6197.35  0.992553
6197.64  0.9886379
6197.92  0.9985216
6198.20  0.9978947
6198.49  0.9989774
6198.77  0.995831
6199.06  0.990013
6199.34  0.9929795
6199.63  0.9949079
6199.91  0.9936467
6200.19  0.992677
6200.48  0.9922386
6200.76  0.9909423
6201.05  0.9918014
6201.33  0.9945394
6201.61  0.9932055
6201.90  0.9944067
6202.18  0.9951971
6202.47  0.9920119
6202.75  0.9889916
6203.04  0.9902455
6203.32  0.9913191
6203.60  0.9938726
6203.89  0.990618
6204.17  0.9906889
6204.46  0.9893306
6204.74  0.9888477
6205.03  0.9905496
6205.31  0.9885166
6205.59  0.9566521
6205.88  0.9845703
6206.16  0.9945386
6206.45  0.9941346
6206.73  0.9885594
6207.02  0.991881
6207.30  0.9919287
6207.58  0.9973623
6207.87  0.9997867
6208.15  1.000885
6208.44  0.998953
6208.72  0.9933913
6209.01  0.9960826
6209.29  0.9968854
6209.57  0.9992408
6209.86  0.9999901
6210.14  0.9956122
6210.43  0.9934676
6210.71  1.002735
6211.00  1.002556
6211.28  1.003302
6211.56  1.002597
6211.85  0.9963822
6212.13  0.995022
6212.42  1.002015
6212.70  0.9975075
6212.99  0.9981629
6213.27  0.9964027
6213.55  1.000728
6213.84  0.9959569
6214.12  0.9952821
6214.41  1.002733
6214.69  0.99865
6214.98  1.001945
6215.26  1.005253
6215.54  0.9977337
6215.83  0.9971752
6216.11  1.001565
6216.40  0.9993898
6216.68  0.997709
6216.97  1.001014
6217.25  0.9991103
6217.53  0.9993414
6217.82  0.9999507
6218.10  1.004687
6218.39  1.001992
6218.67  0.9981511
6218.96  0.9989903
6219.24  1.001293
6219.52  0.9969588
6219.81  0.9978394
6220.09  1.003046
6220.38  1.001717
6220.66  0.9972845
6220.94  0.9961631
6221.23  0.9989344
6221.51  1.002735
6221.80  0.9981807
6222.08  0.99799
6222.37  1.001101
6222.65  1.000212
6222.93  0.9984002
6223.22  0.997727
6223.50  0.9980226
6223.79  0.9961959
6224.07  0.9980197
6224.36  1.000357
6224.64  0.9956484
6224.92  1.000644
6225.21  1.004743
6225.49  0.9992923
6225.78  0.998722
6226.06  1.001141
6226.35  0.9981666
6226.63  0.9978068
6226.91  1.000776
6227.20  1.000327
6227.48  0.9984568
6227.77  0.9978328
6228.05  0.9989102
6228.34  1.001576
6228.62  0.999974
6228.90  0.9929742
6229.19  0.9941148
6229.47  0.9964383
6229.76  0.9960626
6230.04  0.9961913
6230.33  0.995991
6230.61  0.9946338
6230.89  0.9975036
6231.18  0.9981244
6231.46  0.9971504
6231.75  1.001705
6232.03  0.9963199
6232.32  1.000409
6232.60  1.004283
6232.88  1.002689
6233.17  0.9997853
6233.45  1.003514
6233.74  1.005195
6234.02  1.003271
6234.31  0.9983762
6234.59  0.9956592
6234.87  0.9997101
6235.16  1.002422
6235.44  1.003153
6235.73  1.000569
6236.01  1.005017
6236.30  1.00311
6236.58  1.001594
6236.86  1.005028
6237.15  1.000514
6237.43  1.000999
6237.72  1.000053
6238.00  0.9993397
6238.29  0.9999223
6238.57  0.9953358
6238.85  0.9990485
6239.14  0.9989513
6239.42  0.9988765
6239.71  1.002149
6239.99  1.002215
6240.27  1.004199
6240.56  1.00037
6240.84  1.000357
6241.13  1.001305
6241.41  0.9979869
6241.70  1.000089
6241.98  1.001168
6242.26  1.004148
6242.55  0.9995754
6242.83  0.9979172
6243.12  1.00209
6243.40  0.999922
6243.69  1.001208
6243.97  1.004661
6244.25  1.00054
6244.54  0.9988006
6244.82  0.9980698
6245.11  0.9980558
6245.39  1.000321
6245.68  1.007197
6245.96  1.003543
6246.24  0.9988241
6246.53  0.9999074
6246.81  1.000843
6247.10  0.9978591
6247.38  1.002812
6247.67  1.00262
6247.95  1.006285
6248.23  1.003421
6248.52  1.006399
6248.80  1.003493
6249.09  1.003067
6249.37  0.9964551
6249.66  0.9982166
6249.94  0.995454
6250.22  1.000972
6250.51  1.007857
6250.79  0.9994968
6251.08  1.002801
6251.36  1.000325
6251.65  0.9991364
6251.93  1.001798
6252.21  0.9998333
6252.50  0.9986917
6252.78  0.9973583
6253.07  1.004409
6253.35  1.00173
6253.64  1.00274
6253.92  0.9986636
6254.20  0.9996663
6254.49  1.005713
6254.77  1.00286
6255.06  0.9974026
6255.34  1.000532
6255.63  0.996437
6255.91  0.9976163
6256.19  1.000257
6256.48  0.9965094
6256.76  0.995493
6257.05  0.9998031
6257.33  0.9988446
6257.61  1.002756
6257.90  0.9993032
6258.18  0.9977893
6258.47  1.000513
6258.75  1.000635
6259.04  0.9958044
6259.32  0.9987822
6259.60  0.9993742
6259.89  0.9992358
6260.17  1.00142
6260.46  1.00019
6260.74  0.9997766
6261.03  1.000524
6261.31  1.000985
6261.59  0.9980118
6261.88  0.9962358
6262.16  0.9898753
6262.45  1.000207
6262.73  0.9999136
6263.02  0.9984324
6263.30  0.9993914
6263.58  1.002136
6263.87  1.001783
6264.15  0.9989381
6264.44  0.9963764
6264.72  0.999701
6265.01  0.995284
6265.29  0.996269
6265.57  1.001559
6265.86  0.9971066
6266.14  0.9981238
6266.43  0.9991358
6266.71  0.9992101
6267.00  0.9985862
6267.28  0.9926829
6267.56  1.001908
6267.85  0.9935104
6268.13  0.9882495
6268.42  0.9943175
6268.70  0.9960588
6268.99  0.9957212
6269.27  0.9933734
6269.55  0.9945473
6269.84  0.9922513
6270.12  0.9926152
6270.41  0.9938794
6270.69  0.9994182
6270.98  0.9989809
6271.26  0.9981505
6271.54  0.9950189
6271.83  0.994335
6272.11  0.9982327
6272.40  0.9877579
6272.68  0.9917195
6272.97  0.9948606
6273.25  0.9975448
6273.53  0.9951023
6273.82  0.9960892
6274.10  0.9999272
6274.39  1.00136
6274.67  0.9925171
6274.96  0.9934102
6275.24  0.9944499
6275.52  0.9938373
6275.81  0.9892972
6276.09  0.9907234
6276.38  0.9688874
6276.66  0.9297022
6276.94  0.8985025
6277.23  0.8938181
6277.51  0.8657284
6277.80  0.8567105
6278.08  0.8642787
6278.37  0.880431
6278.65  0.9127882
6278.93  0.9095636
6279.22  0.8987644
6279.50  0.9285198
6279.79  0.9384888
6280.07  0.9291694
6280.36  0.9255065
6280.64  0.9322765
6280.92  0.949502
6281.21  0.947439
6281.49  0.9444243
6281.78  0.9486575
6282.06  0.9445433
6282.35  0.9504943
6282.63  0.9539788
6282.91  0.9460894
6283.20  0.9549761
6283.48  0.9645796
6283.77  0.9538414
6284.05  0.9434775
6284.34  0.9587013
6284.62  0.9599336
6284.90  0.9680505
6285.19  0.9776483
6285.47  0.9764479
6285.76  0.9740419
6286.04  0.9766595
6286.33  0.9832288
6286.61  0.9899479
6286.89  0.9898935
6287.18  0.9897064
6287.46  0.9865602
6287.75  0.9737464
6288.03  0.9684315
6288.32  0.983875
6288.60  0.9917061
6288.88  0.9901068
6289.17  0.9817059
6289.45  0.9662231
6289.74  0.9648861
6290.02  0.9690326
6290.31  0.9563904
6290.59  0.9617506
6290.87  0.981041
6291.16  0.9920729
6291.44  0.9941127
6291.73  0.9872887
6292.01  0.9732801
6292.30  0.9527022
6292.58  0.9531727
6292.86  0.9479657
6293.15  0.9430473
6293.43  0.9640715
6293.72  0.9877741
6294.00  0.9921728
6294.28  0.9860933
6294.57  0.9855151
6294.85  0.9787174
6295.14  0.9617166
6295.42  0.9514872
6295.71  0.9599013
6295.99  0.945896
6296.27  0.9549528
6296.56  0.9760836
6296.84  0.993494
6297.13  0.9879239
6297.41  0.9889674
6297.70  0.9880444
6297.98  0.9893423
6298.26  0.9732948
6298.55  0.9564014
6298.83  0.9541335
6299.12  0.9534318
6299.40  0.9447501
6299.69  0.9615193
6299.97  0.9836824
6300.25  0.9961208
6300.54  0.9984491
6300.82  0.9930926
6301.11  0.9934648
6301.39  0.9932964
6301.68  0.9844483
6301.96  0.9616602
6302.24  0.9516885
6302.53  0.9575911
6302.81  0.957442
6303.10  0.9623206
6303.38  0.9789532
6303.67  0.9904696
6303.95  0.9939786
6304.23  0.9941818
6304.52  0.9973174
6304.80  0.9935004
6305.09  0.9896118
6305.37  0.9901991
6305.66  0.9811141
6305.94  0.9654056
6306.22  0.9661174
6306.51  0.9616721
6306.79  0.9633721
6307.08  0.9814387
6307.36  0.996433
6307.65  0.995722
6307.93  0.9940386
6308.21  0.9930048
6308.50  0.9922841
6308.78  0.9927459
6309.07  0.9918605
6309.35  0.9830512
6309.64  0.9803539
6309.92  0.9706363
6310.20  0.9686127
6310.49  0.9745611
6310.77  0.9705648
6311.06  0.9774074
6311.34  0.9886596
6311.63  0.9896876
6311.91  0.9961692
6312.19  0.9927555
6312.48  0.9955783
6312.76  0.9926258
6313.05  0.9893069
6313.33  0.9934157
6313.61  0.9922504
6313.90  0.9912511
6314.18  0.9814144
6314.47  0.9766954
6314.75  0.9807252
6315.04  0.9764407
6315.32  0.980213
6315.60  0.9867207
6315.89  0.9907385
6316.17  0.9896593
6316.46  0.9913372
6316.74  0.9919782
6317.03  0.9860345
6317.31  0.9876078
6317.59  0.9925606
6317.88  0.9937057
6318.16  0.9921702
6318.45  0.9926919
6318.73  0.9897283
6319.02  0.9817923
6319.30  0.9843569
6319.58  0.9839268
6319.87  0.9800672
6320.15  0.9834368
6320.44  0.9910661
6320.72  0.9942596
6321.01  0.9943466
6321.29  0.9946828
6321.57  0.9937965
6321.86  0.9939617
6322.14  0.9895016
6322.43  0.9848375
6322.71  0.9866068
6323.00  0.995422
6323.28  0.9958755
6323.56  0.9905367
6323.85  0.9837899
6324.13  0.9849787
6324.42  0.9861449
6324.70  0.9886671
6324.99  0.992542
6325.27  0.9957885
6325.55  0.9994591
6325.84  0.9979407
6326.12  0.9936125
6326.41  0.9925422
6326.69  0.9971486
6326.98  0.9974764
6327.26  1.000653
6327.54  0.9992926
6327.83  0.9940739
6328.11  1.000011
6328.40  0.9976451
6328.68  0.9901673
6328.97  0.9924151
6329.25  0.9938492
6329.53  0.9922739
6329.82  0.9908775
6330.10  0.9938221
6330.39  0.994207
6330.67  0.9968214
6330.96  0.9976237
6331.24  0.9932286
6331.52  0.9927019
6331.81  0.9912299
6332.09  0.9917055
6332.38  0.9970455
6332.66  0.9949844
6332.94  0.9907683
6333.23  0.9911254
6333.51  0.9935295
6333.80  0.9937172
6334.08  0.9965239
6334.37  0.9997102
6334.65  0.9945928
6334.93  0.9887362
6335.22  0.9932352
6335.50  1.001085
6335.79  0.9992248
6336.07  0.9964799
6336.36  0.9940788
6336.64  0.9902897
6336.92  0.9935149
6337.21  0.9955597
6337.49  0.9925212
6337.78  0.9960502
6338.06  1.000193
6338.35  0.9989111
6338.63  0.9919481
6338.91  0.9958137
6339.20  1.000544
6339.48  0.9972969
6339.77  0.9983996
6340.05  0.9992678
6340.34  0.9935901
6340.62  0.9912517
6340.90  0.9903933
6341.19  0.9921641
6341.47  1.001587
6341.76  0.9946978
6342.04  0.9896606
6342.33  0.9944022
6342.61  0.9928875
6342.89  0.9911048
6343.18  0.9953352
6343.46  0.9931846
6343.75  0.9956676
6344.03  1.000513
6344.32  0.9990094
6344.60  0.9932002
6344.88  0.9940678
6345.17  0.996596
6345.45  0.9938956
6345.74  0.9974846
6346.02  0.9933202
6346.31  0.9938505
6346.59  0.992126
6346.87  0.9890439
6347.16  0.9884368
6347.44  0.9893529
6347.73  0.9935994
6348.01  0.9944779
6348.30  0.9937276
6348.58  0.9917964
6348.86  0.9947611
6349.15  0.9960056
6349.43  0.9986924
6349.72  0.9987078
6350.00  0.9953386
6350.28  0.9946932
6350.57  0.9995834
6350.85  0.9939743
6351.14  0.9977553
6351.42  0.9953156
6351.71  0.9915991
6351.99  0.9954982
6352.27  0.9965236
6352.56  0.9976306
6352.84  0.9990547
6353.13  0.9947592
6353.41  0.9976476
6353.70  0.9967959
6353.98  0.9923359
6354.26  0.9964263
6354.55  0.9937958
6354.83  0.9980969
6355.12  0.9959982
6355.40  0.996631
6355.69  0.992291
6355.97  0.9940456
6356.25  0.9984721
6356.54  0.9940445
6356.82  0.9963186
6357.11  0.9987527
6357.39  1.002378
6357.68  0.9998268
6357.96  1.002554
6358.24  0.9967598
6358.53  0.991749
6358.81  0.9902062
6359.10  0.9942912
6359.38  0.9969041
6359.67  0.9974279
6359.95  0.9915608
6360.23  0.9975947
6360.52  0.998202
6360.80  0.9962356
6361.09  0.999203
6361.37  0.9998991
6361.66  0.9951057
6361.94  0.9942539
6362.22  0.9933739
6362.51  0.9966822
6362.79  0.9938298
6363.08  0.9954038
6363.36  0.9940133
6363.65  0.9993892
6363.93  0.99992
6364.21  0.9967142
6364.50  0.9972355
6364.78  0.9984375
6365.07  0.9995988
6365.35  0.9986818
6365.64  0.9977343
6365.92  1.004926
6366.20  0.9982406
6366.49  0.9981125
6366.77  1.000208
6367.06  1.002089
6367.34  1.001124
6367.63  1.002294
6367.91  1.003123
6368.19  0.9955202
6368.48  0.9952481
6368.76  0.998146
6369.05  0.995737
6369.33  1.003033
6369.61  0.9996891
6369.90  0.9977131
6370.18  1.000255
6370.47  1.004211
6370.75  1.005059
6371.04  1.00236
6371.32  0.9969602
6371.60  0.9988559
6371.89  0.9978741
6372.17  0.9988413
6372.46  0.9953302
6372.74  0.9945176
6373.03  0.9959524
6373.31  1.000174
6373.59  1.003759
6373.88  0.9959364
6374.16  0.9975152
6374.45  0.9976507
6374.73  0.9951678
6375.02  0.9947511
6375.30  0.9981708
6375.58  0.9972994
6375.87  0.9959078
6376.15  1.000518
6376.44  0.9958017
6376.72  0.9985881
6377.01  1.001577
6377.29  0.9971288
6377.57  1.003915
6377.86  1.003783
6378.14  1.002678
6378.43  1.004837
6378.71  1.00133
6379.00  0.9999206
6379.28  0.9992747
6379.56  0.9985316
6379.85  1.001373
6380.13  1.004274
6380.42  1.003279
6380.70  1.003109
6380.99  0.9996522
6381.27  0.9998452
6381.55  0.9998869
6381.84  0.9976445
6382.12  0.9983429
6382.41  0.9943698
6382.69  0.9996251
6382.98  0.9996415
6383.26  0.9934558
6383.54  0.9974035
6383.83  0.998069
6384.11  0.9960158
6384.40  1.000325
6384.68  1.001019
6384.97  0.9939238
6385.25  0.9991677
6385.53  1.001555
6385.82  0.9979537
6386.10  1.000045
6386.39  0.9966719
6386.67  0.9955235
6386.96  0.9982218
6387.24  1.001206
6387.52  0.9968435
6387.81  0.9945116
6388.09  0.9962923
6388.38  0.9920727
6388.66  0.9927788
6388.94  0.9941192
6389.23  0.9929203
6389.51  0.9969215
6389.80  0.9908953
6390.08  0.9927794
6390.37  0.9906077
6390.65  0.9944311
6390.93  1.000507
6391.22  0.9963799
6391.50  0.9958416
6391.79  0.9930243
6392.07  0.996855
6392.36  0.9993846
6392.64  0.9973523
6392.92  0.9929451
6393.21  0.9903721
6393.49  0.9981608
6393.78  0.9933938
6394.06  0.9940754
6394.35  0.9952995
6394.63  0.9959661
6394.91  0.9947732
6395.20  0.991536
6395.48  0.9967474
6395.77  0.9951227
6396.05  0.9909326
6396.34  0.9925348
6396.62  0.9944068
6396.90  0.9941103
6397.19  0.9917322
6397.47  0.9916919
6397.76  0.9925469
6398.04  0.9912817
6398.33  0.9915851
6398.61  0.9924217
6398.89  0.9897118
6399.18  0.992698
6399.46  0.9915966
6399.75  0.9916818
6400.03  0.9929856
6400.32  0.9894249
6400.60  0.9914874
6400.88  0.988774
6401.17  0.9896366
6401.45  0.9850022
6401.74  0.9863445
6402.02  0.9888325
6402.31  0.9890245
6402.59  0.9936441
6402.87  0.9912232
6403.16  0.9923136
6403.44  0.9927905
6403.73  0.9905062
6404.01  0.9879737
6404.30  0.9892814
6404.58  0.9894575
6404.86  0.9876541
6405.15  0.9876218
6405.43  0.9959236
6405.72  0.9991429
6406.00  0.9895617
6406.28  0.9894114
6406.57  0.9889488
6406.85  0.9909836
6407.14  0.9905036
6407.42  0.9891313
6407.71  0.9923599
6407.99  0.9883321
6408.27  0.9867367
6408.56  0.9857476
6408.84  0.9866138
6409.13  0.9903015
6409.41  0.98928
6409.70  0.9864556
6409.98  0.9889815
6410.26  0.9891932
6410.55  0.9908008
6410.83  0.9868197
6411.12  0.9884512
6411.40  0.9905928
6411.69  0.9932669
6411.97  0.9954799
6412.25  0.9922919
6412.54  0.9947019
6412.82  0.9949642
6413.11  0.9916723
6413.39  0.9899414
6413.68  0.991138
6413.96  0.9904872
6414.24  0.9948164
6414.53  0.9996932
6414.81  0.9957088
6415.10  0.9963404
6415.38  0.9950622
6415.67  0.9887158
6415.95  0.9904627
6416.23  0.9943972
6416.52  0.9939111
6416.80  0.9946404
6417.09  0.9943733
6417.37  0.9914891
6417.66  0.9930881
6417.94  0.9974552
6418.22  0.9942622
6418.51  0.9911464
6418.79  0.9912806
6419.08  0.9918603
6419.36  0.9954753
6419.65  0.99397
6419.93  0.9914626
6420.21  0.9936543
6420.50  0.9942339
6420.78  0.9944049
6421.07  0.994118
6421.35  0.9957538
6421.64  0.9981624
6421.92  0.9930124
6422.20  0.9973379
6422.49  0.997628
6422.77  0.9925913
6423.06  0.9929053
6423.34  0.9932832
6423.63  0.9970063
6423.91  0.9967337
6424.19  0.9931508
6424.48  0.9960424
6424.76  0.9879305
6425.05  0.9938972
6425.33  0.9980011
6425.61  0.9961603
6425.90  0.9969936
6426.18  0.9974262
6426.47  0.9972215
6426.75  0.9999945
6427.04  0.994251
6427.32  0.9948791
6427.60  0.9969608
6427.89  0.9957647
6428.17  0.9973327
6428.46  0.9945649
6428.74  0.9954809
6429.03  0.9955447
6429.31  1.000908
6429.59  1.00516
6429.88  1.001617
6430.16  0.9985564
6430.45  0.9957557
6430.73  0.9980273
6431.02  0.9956442
6431.30  0.9968548
6431.58  0.9978967
6431.87  0.9998665
6432.15  0.9999091
6432.44  0.9982184
6432.72  0.9967175
6433.01  0.9877291
6433.29  0.9937892
6433.57  0.9971082
6433.86  0.993846
6434.14  0.9917826
6434.43  0.9924616
6434.71  0.9985195
6435.00  1.001101
6435.28  0.9949736
6435.56  0.9968801
6435.85  1.00192
6436.13  0.9986851
6436.42  0.9995828
6436.70  0.9970124
6436.99  1.000219
6437.27  1.001219
6437.55  0.9994602
6437.84  0.9962047
6438.12  0.9949213
6438.41  0.9976884
6438.69  1.001494
6438.98  1.003596
6439.26  0.997582
6439.54  0.9989209
6439.83  1.005221
6440.11  0.9986635
6440.40  1.000672
6440.68  1.000194
6440.97  0.9992421
6441.25  0.9958301
6441.53  0.9994658
6441.82  1.001742
6442.10  0.9993653
6442.39  0.9998053
6442.67  1.003508
6442.96  1.001138
6443.24  0.9958789
6443.52  0.9963842
6443.81  0.9949946
6444.09  0.9947402
6444.38  1.000491
6444.66  1.000516
6444.94  0.9970846
6445.23  0.9995698
6445.51  0.9992644
6445.80  0.9986346
6446.08  1.00371
6446.37  1.004655
6446.65  0.998282
6446.93  0.9957182
6447.22  1.001631
6447.50  1.003643
6447.79  0.9988535
6448.07  0.9967806
6448.36  0.9992892
6448.64  1.000754
6448.92  0.9995766
6449.21  0.9998009
6449.49  0.9983665
6449.78  1.000494
6450.06  1.000519
6450.35  1.000444
6450.63  1.006277
6450.91  1.00045
6451.20  0.9943215
6451.48  1.001228
6451.77  1.005654
6452.05  1.001171
6452.34  0.9992024
6452.62  1.000092
6452.90  1.002733
6453.19  1.003064
6453.47  1.000536
6453.76  0.9955364
6454.04  0.9968259
6454.33  0.9957241
6454.61  0.9965135
6454.89  0.9981714
6455.18  1.000884
6455.46  1.002933
6455.75  0.9984918
6456.03  0.9987845
6456.32  1.000721
6456.60  1.001906
6456.88  0.9997991
6457.17  0.9974708
6457.45  0.9934732
6457.74  0.9989235
6458.02  1.000597
6458.31  1.005165
6458.59  0.999675
6458.87  0.9889446
6459.16  0.9894679
6459.44  0.9975146
6459.73  0.9920094
6460.01  0.9909061
6460.30  0.9948606
6460.58  1.0029
6460.86  1.00261
6461.15  1.002127
6461.43  1.003586
6461.72  0.9992895
6462.00  0.9994897
6462.28  1.002712
6462.57  1.001817
6462.85  1.003117
6463.14  1.000044
6463.42  0.994931
6463.71  0.9942995
6463.99  0.9930187
6464.27  0.9951815
6464.56  0.993421
6464.84  0.9944864
6465.13  1.000125
6465.41  1.005201
6465.70  1.002957
6465.98  1.001132
6466.26  0.9919061
6466.55  0.9891068
6466.83  0.9952241
6467.12  0.9966667
6467.40  0.9956244
6467.69  0.9958107
6467.97  0.9896311
6468.25  0.9911376
6468.54  0.9998858
6468.82  0.997877
6469.11  0.9914496
6469.39  0.98985
6469.68  0.983265
6469.96  0.9855096
6470.24  0.9922891
6470.53  1.001632
6470.81  1.001138
6471.10  0.999545
6471.38  0.9972568
6471.67  0.9942335
6471.95  0.9965497
6472.23  1.000233
6472.52  0.9912713
6472.80  0.9846946
6473.09  0.9805717
6473.37  0.9862913
6473.66  0.9890681
6473.94  0.9899343
6474.22  0.9944651
6474.51  1.000935
6474.79  0.9890926
6475.08  0.965915
6475.36  0.9602243
6475.65  0.9580672
6475.93  0.9569706
6476.21  0.9743319
6476.50  0.9911712
6476.78  0.9951635
6477.07  0.9916539
6477.35  0.9906358
6477.64  0.9900504
6477.92  0.9961064
6478.20  1.002973
6478.49  1.003753
6478.77  1.004239
6479.06  0.9980904
6479.34  0.9926336
6479.63  0.9908863
6479.91  0.9803548
6480.19  0.9728283
6480.48  0.981979
6480.76  0.995326
6481.05  0.9952713
6481.33  0.9936032
6481.61  0.9956298
6481.90  0.9925267
6482.18  0.9944679
6482.47  0.9952191
6482.75  0.9967999
6483.04  0.9901223
6483.32  0.9717492
6483.60  0.9683735
6483.89  0.9694518
6484.17  0.9726389
6484.46  0.9812983
6484.74  0.9879179
6485.03  0.9928833
6485.31  0.9979066
6485.59  0.9975863
6485.88  0.9946055
6486.16  1.000583
6486.45  1.000356
6486.73  0.9894779
6487.02  0.9876516
6487.30  0.995065
6487.58  0.9937176
6487.87  0.9912039
6488.15  0.9971631
6488.44  0.99869
6488.72  0.9986782
6489.01  0.9971046
6489.29  0.9950277
6489.57  0.9978105
6489.86  0.9991669
6490.14  0.9980268
6490.43  0.9973304
6490.71  0.9769873
6491.00  0.9712453
6491.28  0.9901185
6491.56  0.9974424
6491.85  0.9986075
6492.13  0.9989699
6492.42  0.9957879
6492.70  0.9906415
6492.99  0.9751313
6493.27  0.9753768
6493.55  0.9895862
6493.84  0.9989459
6494.12  0.9983589
6494.41  0.9956911
6494.69  0.9992839
6494.98  0.9995439
6495.26  0.9996153
6495.54  0.9865788
6495.83  0.9708624
6496.11  0.971894
6496.40  0.988504
6496.68  0.9956898
6496.97  0.9969258
6497.25  0.9958964
6497.53  0.9936238
6497.82  0.9896718
6498.10  0.9996946
6498.39  1.007322
6498.67  1.003873
6498.96  1.006984
6499.24  1.002171
6499.52  1.004386
6499.81  0.9993202
6500.09  0.9996557
6500.38  1.008768
6500.66  1.007347
6500.94  1.009725
6501.23  1.009987
6501.51  1.002843
6501.80  1.002827
6502.08  1.002454
6502.37  1.00922
6502.65  1.005283
6502.93  1.008058
6503.22  1.003182
6503.50  1.005993
6503.79  1.00562
6504.07  0.9965417
6504.36  0.9945894
6504.64  1.0007
6504.92  1.01032
6505.21  1.009086
6505.49  1.007082
6505.78  1.002817
6506.06  1.004932
6506.35  1.006964
6506.63  1.004377
6506.91  1.000672
6507.20  1.003516
6507.48  1.002781
6507.77  1.003719
6508.05  0.9988601
6508.34  0.9914013
6508.62  0.9857967
6508.90  0.9903096
6509.19  0.9922875
6509.47  0.9980502
6509.76  0.9996015
6510.04  1.000624
6510.33  1.00354
6510.61  1.006822
6510.89  1.006885
6511.18  1.006494
6511.46  1.003443
6511.75  0.9933904
6512.03  0.9896437
6512.32  0.9879545
6512.60  0.9942796
6512.88  1.000712
6513.17  1.00203
6513.45  1.001956
6513.74  1.001458
6514.02  0.9975888
6514.31  0.991872
6514.59  0.9738984
6514.87  0.9681037
6515.16  0.9786606
6515.44  0.9903048
6515.73  0.985817
6516.01  0.9814765
6516.30  0.9734712
6516.58  0.9429173
6516.86  0.9404117
6517.15  0.9643761
6517.43  0.9793017
6517.72  0.9827726
6518.00  0.9846885
6518.28  0.9882144
6518.57  0.9927071
6518.85  0.9966495
6519.14  0.984826
6519.42  0.9728253
6519.71  0.9772032
6519.99  0.9866888
6520.27  0.997417
6520.56  1.002971
6520.84  1.001924
6521.13  0.9989576
6521.41  0.993616
6521.70  0.9943652
6521.98  0.9930729
6522.26  0.993169
6522.55  1.000799
6522.83  0.9996913
6523.12  0.9961917
6523.40  0.9931542
6523.69  0.9759861
6523.97  0.9668884
6524.25  0.9815056
6524.54  0.9951649
6524.82  1.000173
6525.11  1.001418
6525.39  1.002693
6525.68  1.002585
6525.96  0.9969289
6526.24  1.001325
6526.53  1.004508
6526.81  0.9973276
6527.10  0.9944095
6527.38  0.9954379
6527.67  0.9942562
6527.95  1.000495
6528.23  0.9958913
6528.52  0.9980441
6528.80  0.9963362
6529.09  0.9956639
6529.37  0.9974918
6529.66  0.9904218
6529.94  0.9887361
6530.22  0.9952177
6530.51  0.991451
6530.79  0.992506
6531.08  0.992507
6531.36  0.9977111
6531.65  0.9968708
6531.93  0.9916321
6532.21  0.9799269
6532.50  0.9717323
6532.78  0.9780832
6533.07  0.9897618
6533.35  0.9894781
6533.64  0.9865847
6533.92  0.9849088
6534.20  0.9794551
6534.49  0.9857834
6534.77  0.992672
6535.06  0.9912342
6535.34  0.9961276
6535.63  0.9974169
6535.91  0.9959469
6536.19  0.9941163
6536.48  0.992305
6536.76  0.9860471
6537.05  0.9867373
6537.33  0.998783
6537.61  0.997903
6537.90  0.9975129
6538.18  0.9991056
6538.47  0.9971332
6538.75  0.9954576
6539.04  0.9935952
6539.32  0.9978219
6539.60  0.9954765
6539.89  1.002023
6540.17  0.9996708
6540.46  0.9991008
6540.74  0.9968964
6541.03  0.9987771
6541.31  0.9971353
6541.59  0.9994863
6541.88  0.9982774
6542.16  0.990772
6542.45  0.9875301
6542.73  0.9923822
6543.02  0.9909101
6543.30  0.9891151
6543.58  0.9848361
6543.87  0.9697547
6544.15  0.9600481
6544.44  0.9753152
6544.72  0.9891373
6545.01  0.9921652
6545.29  0.9920446
6545.57  0.9873088
6545.86  0.9885098
6546.14  0.9845181
6546.43  0.986067
6546.71  0.9861488
6547.00  0.9871408
6547.28  0.9875599
6547.56  0.9742758
6547.85  0.9691876
6548.13  0.9735159
6548.42  0.9701057
6548.70  0.9571034
6548.99  0.9598536
6549.27  0.9704968
6549.55  0.981469
6549.84  0.9789484
6550.12  0.9775103
6550.41  0.9811475
6550.69  0.9741614
6550.98  0.9735641
6551.26  0.9746156
6551.54  0.9764315
6551.83  0.9668357
6552.11  0.9606922
6552.40  0.9558718
6552.68  0.9353673
6552.97  0.9339781
6553.25  0.9510826
6553.53  0.9523744
6553.82  0.943218
6554.10  0.9394299
6554.39  0.9458643
6554.67  0.9457644
6554.96  0.9413032
6555.24  0.9372663
6555.52  0.9350247
6555.81  0.9316016
6556.09  0.9270589
6556.38  0.925487
6556.66  0.9204521
6556.94  0.9096343
6557.23  0.8948771
6557.51  0.8879363
6557.80  0.8846418
6558.08  0.8783522
6558.37  0.8711193
6558.65  0.8629313
6558.93  0.8576764
6559.22  0.8463504
6559.50  0.8392137
6559.79  0.8309151
6560.07  0.8223238
6560.36  0.8021903
6560.64  0.7872765
6560.92  0.775165
6561.21  0.7602679
6561.49  0.7476907
6561.78  0.7313297
6562.06  0.7076039
6562.35  0.6859866
6562.63  0.6737968
6562.91  0.6710345
6563.20  0.6769168
6563.48  0.6808761
6563.77  0.689769
6564.05  0.6933026
6564.34  0.6978256
6564.62  0.7167732
6564.90  0.7340496
6565.19  0.7477754
6565.47  0.7601824
6565.76  0.7700212
6566.04  0.7803216
6566.33  0.794478
6566.61  0.8096617
6566.89  0.822827
6567.18  0.8334095
6567.46  0.8451841
6567.75  0.857508
6568.03  0.8639348
6568.32  0.871547
6568.60  0.8792253
6568.88  0.8855152
6569.17  0.8932056
6569.45  0.8987703
6569.74  0.9055922
6570.02  0.9122544
6570.31  0.9201496
6570.59  0.9205723
6570.87  0.9218934
6571.16  0.9337115
6571.44  0.9362964
6571.73  0.9342152
6572.01  0.927773
6572.30  0.9281009
6572.58  0.9439641
6572.86  0.954105
6573.15  0.9574819
6573.43  0.9591842
6573.72  0.9617279
6574.00  0.9687461
6574.28  0.9657655
6574.57  0.9590446
6574.85  0.9476761
6575.14  0.9491736
6575.42  0.9611857
6575.71  0.966202
6575.99  0.9716598
6576.27  0.9755275
6576.56  0.9784569
6576.84  0.9834688
6577.13  0.979807
6577.41  0.9839131
6577.70  0.9765159
6577.98  0.9727246
6578.26  0.9748021
6578.55  0.9771323
6578.83  0.9810344
6579.12  0.9829614
6579.40  0.9815627
6579.69  0.9859661
6579.97  0.9907251
6580.25  0.9878859
6580.54  0.9853509
6580.82  0.9796231
6581.11  0.9810614
6581.39  0.9833376
6581.68  0.9867696
6581.96  0.9890703
6582.24  0.9888481
6582.53  0.9867114
6582.81  0.9835796
6583.10  0.9796613
6583.38  0.983271
6583.67  0.9870283
6583.95  0.9901532
6584.23  0.9933565
6584.52  0.9966639
6584.80  0.9924843
6585.09  0.9942522
6585.37  0.9921126
6585.66  0.9924923
6585.94  0.989923
6586.22  0.9829434
6586.51  0.9797083
6586.79  0.9821239
6587.08  0.9862698
6587.36  0.9920257
6587.65  0.9965847
6587.93  0.9954413
6588.21  0.9927128
6588.50  0.9968317
6588.78  0.9986407
6589.07  0.9928414
6589.35  0.9942616
6589.64  0.9925891
6589.92  0.9964895
6590.20  0.9992133
6590.49  0.9973962
6590.77  0.9975366
6591.06  0.9961545
6591.34  0.9953109
6591.63  0.9932367
6591.91  0.9954555
6592.19  0.9968262
6592.48  0.9966598
6592.76  1.000593
6593.05  0.9973702
6593.33  0.9910737
6593.61  0.9967579
6593.90  0.9978138
6594.18  0.9927356
6594.47  0.9954997
6594.75  1.002439
6595.04  0.9917467
6595.32  0.9967957
6595.60  0.994313
6595.89  0.998687
6596.17  0.9929994
6596.46  0.9907519
6596.74  0.9900232
6597.03  0.9959153
6597.31  0.9954495
6597.59  0.9967957
6597.88  0.9991317
6598.16  0.9971026
6598.45  1.001953
6598.73  0.9962409
6599.02  0.9970079
6599.30  0.9952927
6599.58  0.9929528
6599.87  0.9914187
6600.15  0.992736
6600.44  0.9942333
6600.72  0.9939502
6601.01  0.9967958
6601.29  0.9973388
6601.57  0.9952449
6601.86  0.9948438
6602.14  0.9919493
6602.43  0.9903902
6602.71  0.9949076
6603.00  0.9992051
6603.28  0.9996983
6603.56  1.000479
6603.85  0.9967566
6604.13  0.9999375
6604.42  0.9991586
6604.70  0.9968069
6604.99  0.9904481
6605.27  0.9913461
6605.55  0.9852447
6605.84  0.9969119
6606.12  0.9970412
6606.41  0.9979816
6606.69  1.000602
6606.98  0.9935166
6607.26  0.9937021
6607.54  0.9936268
6607.83  0.9984289
6608.11  0.991395
6608.40  0.9891133
6608.68  0.9937273
6608.97  0.9915089
6609.25  0.996485
6609.53  1.000563
6609.82  0.9937981
6610.10  0.9892112
6610.39  0.9920701
6610.67  0.9927477
6610.95  0.9931408
6611.24  0.9925032
6611.52  0.9977306
6611.81  0.9939553
6612.09  0.9929316
6612.38  0.9938063
6612.66  0.9929894
6612.94  0.9967284
6613.23  1.000072
6613.51  0.9899611
6613.80  0.9885812
6614.08  0.9867368
6614.37  0.9973256
6614.65  0.9963287
6614.93  0.9941606
6615.22  1.001961
6615.50  0.9959323
6615.79  0.9945564
6616.07  0.9965804
6616.36  0.9987361
6616.64  0.9988662
6616.92  0.9973435
6617.21  1.001244
6617.49  0.9951836
6617.78  0.9916447
6618.06  1.003146
6618.35  0.9997102
6618.63  0.9993244
6618.91  1.002232
6619.20  0.9934712
6619.48  0.9941841
6619.77  0.9974676
6620.05  1.000321
6620.34  1.003258
6620.62  1.003077
6620.90  1.001694
6621.19  1.002702
6621.47  0.9957623
6621.76  0.9939834
6622.04  0.9967737
6622.33  1.003252
6622.61  0.999884
6622.89  1.006919
6623.18  1.002088
6623.46  0.9946637
6623.75  0.9914381
6624.03  0.9954708
6624.32  0.9953012
6624.60  0.9981799
6624.88  1.001599
6625.17  0.9986048
6625.45  1.000435
6625.74  1.000667
6626.02  0.9991579
6626.31  0.9931179
6626.59  0.9990612
6626.87  0.996802
6627.16  0.994904
6627.44  0.9893794
6627.73  0.9898583
6628.01  0.9905274
6628.30  0.9953861
6628.58  0.9968851
6628.86  0.9915222
6629.15  0.9949241
6629.43  1.000713
6629.72  0.9974637
6630.00  0.99447
6630.28  0.9976059
6630.57  0.9923244
6630.85  0.9909287
6631.14  0.9924806
6631.42  0.9983943
6631.71  1.00046
6631.99  0.9974035
6632.27  0.9970732
6632.56  1.001174
6632.84  0.9984481
6633.13  0.9978144
6633.41  0.9993404
6633.70  0.9994398
6633.98  0.9961318
6634.26  0.9947847
6634.55  0.9979894
6634.83  1.001791
6635.12  0.9998431
6635.40  1.001293
6635.69  0.9965004
6635.97  1.0016
6636.25  1.004318
6636.54  0.9960409
6636.82  0.9984899
6637.11  1.004292
6637.39  1.00166
6637.68  0.9968859
6637.96  0.9969001
6638.24  1.001445
6638.53  0.9967973
6638.81  0.9996857
6639.10  0.9987887
6639.38  0.99677
6639.67  0.9995819
6639.95  0.9988591
6640.23  1.00155
6640.52  0.9965619
6640.80  0.9883108
6641.09  0.9906005
6641.37  0.9910684
6641.66  0.9880006
6641.94  0.9954975
6642.22  0.9993601
6642.51  0.9954859
6642.79  0.9999377
6643.08  0.995086
6643.36  0.9935233
6643.65  0.992129
6643.93  0.9943453
6644.21  0.9932846
6644.50  0.9959164
6644.78  0.9989798
6645.07  1.029262
6645.35  1.074775
6645.64  1.008633
6645.92  0.9980237
6646.20  1.000083
6646.49  1.003191
6646.77  0.9954787
6647.06  1.002252
6647.34  1.000946
6647.63  0.9994382
6647.91  1.000044
6648.19  1.002433
6648.48  1.004521
6648.76  1.002241
6649.05  1.000122
6649.33  1.006077
6649.61  1.003835
6649.90  0.995945
6650.18  0.9976319
6650.47  1.000295
6650.75  1.001609
6651.04  0.9976022
6651.32  1.003296
6651.60  1.005694
6651.89  1.000165
6652.17  0.9973333
6652.46  0.9975458
6652.74  0.9982548
6653.03  1.00208
6653.31  1.002226
6653.59  1.0016
6653.88  0.9978624
6654.16  0.9976076
6654.45  1.000403
6654.73  1.00317
6655.02  1.001314
6655.30  1.001623
6655.58  0.9968947
6655.87  0.9961212
6656.15  0.9962674
6656.44  0.9973315
6656.72  0.9991445
6657.01  0.999692
6657.29  1.004322
6657.57  1.004653
6657.86  1.000655
6658.14  1.002901
6658.43  1.003824
6658.71  0.9964138
6659.00  1.001007
6659.28  1.002618
6659.56  0.9962763
6659.85  1.000802
6660.13  0.9993556
6660.42  0.9982549
6660.70  0.9971599
6660.99  1.001316
6661.27  0.9975725
6661.55  0.9970891
6661.84  1.002322
6662.12  0.999727
6662.41  1.000693
6662.69  1.001075
6662.98  0.9999158
6663.26  0.9964121
6663.54  0.9947711
6663.83  0.9965102
6664.11  0.9989167
6664.40  0.9998564
6664.68  1.000621
6664.97  0.9987472
6665.25  0.9997755
6665.53  0.999912
6665.82  0.9945951
6666.10  0.994275
6666.39  0.996548
6666.67  0.9931098
6666.95  0.9892779
6667.24  0.9925062
6667.52  0.9904258
6667.81  0.9901721
6668.09  0.9874014
6668.38  0.9934162
6668.66  0.99646
6668.94  0.995053
6669.23  0.9954088
6669.51  0.9915963
6669.80  0.9934959
6670.08  0.9956018
6670.37  0.9947067
6670.65  0.9885241
6670.93  0.9924917
6671.22  0.994257
6671.50  0.9972795
6671.79  0.9958901
6672.07  0.9925234
6672.36  0.9978487
6672.64  0.9915629
6672.92  0.984368
6673.21  0.9840463
6673.49  0.991304
6673.78  0.9866331
6674.06  0.9843544
6674.35  0.9834235
6674.63  0.9806131
6674.91  0.9742377
6675.20  0.9721373
6675.48  0.9712125
6675.77  0.9655408
6676.05  0.9629523
6676.34  0.9603086
6676.62  0.9449559
6676.90  0.9340174
6677.19  0.9160343
6677.47  0.8830057
6677.76  0.8566873
6678.04  0.830007
6678.33  0.818902
6678.61  0.8258572
6678.89  0.845842
6679.18  0.8627796
6679.46  0.8799158
6679.75  0.8912761
6680.03  0.8936697
6680.32  0.9061605
6680.60  0.919796
6680.88  0.9194291
6681.17  0.9286006
6681.45  0.944373
6681.74  0.9501572
6682.02  0.9578942
6682.31  0.9654895
6682.59  0.9651706
6682.87  0.9706348
6683.16  0.9713908
6683.44  0.9765649
6683.73  0.9819196
6684.01  0.9800723
6684.30  0.9845102
6684.58  0.9849262
6684.86  0.9832986
6685.15  0.9899743
6685.43  0.9842573
6685.72  0.9876419
6686.00  0.9953277
6686.28  0.9892778
6686.57  0.9952053
6686.85  0.9937385
6687.14  0.9934254
6687.42  0.9983653
6687.71  0.9948705
6687.99  0.9922176
6688.27  0.9953449
6688.56  0.9902427
6688.84  0.9883936
6689.13  0.9959363
6689.41  0.9948626
6689.70  0.9962562
6689.98  0.9954727
6690.26  0.9975821
6690.55  0.9986683
6690.83  0.9903853
6691.12  1.002474
6691.40  1.000763
6691.69  0.9952195
6691.97  1.004856
6692.25  1.002949
6692.54  0.9956921
6692.82  0.9974153
6693.11  1.000719
6693.39  1.002029
6693.68  1.001762
6693.96  0.9928459
6694.24  0.9978045
6694.53  0.9975615
6694.81  0.992456
6695.10  0.9935029
6695.38  0.9974789
6695.67  0.9960392
6695.95  0.9954637
6696.23  0.9937692
6696.52  0.995814
6696.80  0.9968399
6697.09  0.9949738
6697.37  0.9949725
6697.66  0.9950914
6697.94  0.9964967
6698.22  1.000428
6698.51  0.9963015
6698.79  0.9929662
6699.08  0.9943727
6699.36  0.9982746
6699.65  0.99844
6699.93  0.9938073
6700.21  0.9924625
6700.50  0.9941034
6700.78  0.9905596
6701.07  0.9855002
6701.35  0.9878088
6701.64  0.9842408
6701.92  0.9891784
6702.20  0.9923623
6702.49  0.9849772
6702.77  0.985739
6703.06  0.9872429
6703.34  0.9873905
6703.63  0.9968422
6703.91  0.9970273
6704.19  0.9976596
6704.48  0.9990251
6704.76  0.9967454
6705.05  0.99778
6705.33  0.9948193
6705.61  1.000674
6705.90  0.998684
6706.18  0.9999692
6706.47  0.9950297
6706.75  0.9985405
6707.04  0.9995235
6707.32  0.9986109
6707.60  0.9970474
6707.89  0.9956702
6708.17  0.9996533
6708.46  1.003432
6708.74  0.9960947
6709.03  1.001633
6709.31  0.9996886
6709.59  0.9935657
6709.88  0.9898888
6710.16  1.00182
6710.45  0.9999703
6710.73  1.000619
6711.02  0.9974196
6711.30  1.004381
6711.58  1.004613
6711.87  0.9990942
6712.15  1.002262
6712.44  0.9990938
6712.72  1.000553
6713.01  1.000827
6713.29  1.00277
6713.57  0.9998524
6713.86  0.9970706
6714.14  0.9957016
6714.43  0.9970824
6714.71  0.9965645
6715.00  0.9982051
6715.28  0.9975348
6715.56  0.9984016
6715.85  0.9962884
6716.13  0.9917942
6716.42  0.9964215
6716.70  0.9990213
6716.99  0.9992076
6717.27  0.9994602
6717.55  0.9999279
6717.84  1.000884
6718.12  0.9993908
6718.41  1.000767
6718.69  1.000076
6718.98  0.9970428
6719.26  0.9980616
6719.54  1.00188
6719.83  1.000002
6720.11  0.9976903
6720.40  0.9947305
6720.68  0.9946207
6720.97  0.9912553
6721.25  0.9842327
6721.53  0.9840399
6721.82  0.9918042
6722.10  0.9937227
6722.39  0.99218
6722.67  0.9931349
6722.95  0.998356
6723.24  1.000194
6723.52  0.9969658
6723.81  0.9921352
6724.09  0.9933155
6724.38  0.9946282
6724.66  0.9936233
6724.94  0.9934849
6725.23  0.9955717
6725.51  0.9953313
6725.80  0.9961418
6726.08  0.9985017
6726.37  0.994566
6726.65  1.001279
6726.93  0.9998599
6727.22  0.9949404
6727.50  1.000233
6727.79  0.9969644
6728.07  0.995239
6728.36  0.9973027
6728.64  0.9937792
6728.92  0.9916974
6729.21  0.9949922
6729.49  0.9999233
6729.78  0.9920441
6730.06  0.9923993
6730.35  0.9995297
6730.63  1.004421
6730.91  0.9923989
6731.20  0.9914613
6731.48  0.9951202
6731.77  1.002143
6732.05  0.9954538
6732.34  0.9976379
6732.62  0.9981873
6732.90  0.9981678
6733.19  0.9932223
6733.47  0.9920297
6733.76  0.9918779
6734.04  0.9904201
6734.33  0.9926917
6734.61  0.9945763
6734.89  0.9933323
6735.18  0.9935996
6735.46  0.9938454
6735.75  0.9917305
6736.03  0.995896
6736.32  0.9935207
6736.60  0.9976406
6736.88  0.998687
6737.17  1.004818
6737.45  0.9989031
6737.74  0.9938716
6738.02  0.9929479
6738.31  0.9952988
6738.59  0.9944527
6738.87  0.9930607
6739.16  0.9986408
6739.44  0.995819
6739.73  0.989336
6740.01  0.9894508
6740.30  0.9889336
6740.58  0.9924754
6740.86  0.9929363
6741.15  0.9943512
6741.43  0.9944429
6741.72  0.9951912
6742.00  0.9955617
6742.28  0.992342
6742.57  0.993741
6742.85  0.9917307
6743.14  0.9887401
6743.42  0.9844564
6743.71  0.9907366
6743.99  0.9890208
6744.27  0.9833509
6744.56  0.9903504
6744.84  0.9905542
6745.13  0.993795
6745.41  0.993725
6745.70  0.9897726
6745.98  0.9929271
6746.26  0.9924721
6746.55  0.990249
6746.83  0.9899487
6747.12  0.9945716
6747.40  0.9998716
6747.69  1.001619
6747.97  0.9923298
6748.25  0.9916246
6748.54  0.9965782
6748.82  0.9975109
6749.11  0.9961472
6749.39  0.9916525
6749.68  0.9980066
6749.96  0.9964534
6750.24  0.9927152
6750.53  0.9981713
6750.81  0.9970379
6751.10  0.9938328
6751.38  0.9982649
6751.67  0.9970154
6751.95  0.9916628
6752.23  0.9936255
6752.52  0.9950221
6752.80  0.9951748
6753.09  1.001017
6753.37  0.9928584
6753.66  0.992776
6753.94  0.9969723
6754.22  0.9989625
6754.51  0.9981874
6754.79  0.9945991
6755.08  0.9909409
6755.36  0.9980028
6755.65  1.000065
6755.93  0.9963423
6756.21  0.9984396
6756.50  1.000897
6756.78  1.000301
6757.07  0.9957939
6757.35  0.994019
6757.64  0.9954547
6757.92  0.9961597
6758.20  1.001548
6758.49  1.001052
6758.77  0.9997723
6759.06  1.001241
6759.34  0.9990051
6759.63  1.002419
6759.91  0.9931033
6760.19  1.000234
6760.48  0.9986206
6760.76  0.9950533
6761.05  0.9954325
6761.33  0.9954659
6761.61  0.9979548
6761.90  0.9960064
6762.18  0.9841332
