6312.55  0.9992739
6312.98  0.9928054
6313.41  0.9836316
6313.84  0.9804268
6314.27  0.9835535
6314.70  0.9950587
6315.13  1.002519
6315.56  0.9973447
6315.99  0.9961381
6316.42  0.9945756
6316.85  0.9987943
6317.28  0.9977272
6317.70  0.9956452
6318.13  0.9892843
6318.56  0.9824103
6318.99  0.9826666
6319.42  0.9899614
6319.85  1.000986
6320.28  1.001752
6320.71  1.002042
6321.14  0.9992263
6321.57  0.9977874
6322.00  1.002179
6322.43  0.9984231
6322.86  0.9868704
6323.29  0.9779121
6323.71  0.978484
6324.14  0.9892813
6324.57  0.9986832
6325.00  1.000231
6325.43  1.000051
6325.86  1.001294
6326.29  1.001999
6326.72  1.002531
6327.15  0.9992473
6327.58  0.9913819
6328.01  0.9874566
6328.44  0.9888218
6328.87  0.9920961
6329.30  0.9933218
6329.73  0.9940518
6330.15  0.996721
6330.58  0.9956881
6331.01  0.992193
6331.44  0.9953448
6331.87  0.995622
6332.30  0.9942188
6332.73  0.9921126
6333.16  0.9954534
6333.59  0.9914431
6334.02  0.9882414
6334.45  0.9825132
6334.88  0.9816765
6335.31  0.9884862
6335.74  0.99361
6336.16  0.9945786
6336.59  0.9977259
6337.02  0.9968439
6337.45  0.9947883
6337.88  0.9958643
6338.31  0.9949102
6338.74  0.9940788
6339.17  0.9971821
6339.60  0.9932761
6340.03  0.9930913
6340.46  0.9893445
6340.89  0.9906864
6341.32  0.9907823
6341.75  0.988771
6342.17  0.9889674
6342.60  0.9922647
6343.03  0.9909657
6343.46  0.99145
6343.89  0.9933804
6344.32  0.9923409
6344.75  0.9887244
6345.18  0.9890699
6345.61  0.9940364
6346.04  0.9685966
6346.47  0.927781
6346.90  0.8957776
6347.33  0.8851444
6347.76  0.9125953
6348.18  0.9527837
6348.61  0.9792647
6349.04  0.98856
6349.47  0.9879746
6349.90  0.9864559
6350.33  0.9882625
6350.76  0.992814
6351.19  0.9928886
6351.62  0.9928617
6352.05  0.9983668
6352.48  0.9991095
6352.91  0.9936773
6353.34  0.9921597
6353.77  0.9906136
6354.20  0.9904562
6354.62  0.9925351
6355.05  0.9921499
6355.48  0.9928703
6355.91  0.9917828
6356.34  0.9941654
6356.77  0.9909679
6357.20  0.9879287
6357.63  0.9916177
6358.06  0.991907
6358.49  0.9930375
6358.92  0.9909403
6359.35  0.9934003
6359.78  0.9941275
6360.21  0.9881229
6360.63  0.9914054
6361.06  0.9963904
6361.49  0.9956612
6361.92  0.9973704
6362.35  0.9983704
6362.78  1.001473
6363.21  0.9979517
6363.64  0.9966993
6364.07  0.9992434
6364.50  0.9956617
6364.93  0.996071
6365.36  0.9968096
6365.79  0.996276
6366.22  0.9975378
6366.64  0.9934783
6367.07  0.9935442
6367.50  0.9939458
6367.93  0.9886572
6368.36  0.9904869
6368.79  0.9941632
6369.22  0.9900146
6369.65  0.9908813
6370.08  0.9891772
6370.51  0.97166
6370.94  0.942456
6371.37  0.9191648
6371.80  0.9221389
6372.23  0.9476157
6372.66  0.9746112
6373.08  0.9913461
6373.51  0.9988837
6373.94  0.9961738
6374.37  0.9964797
6374.80  0.9993668
6375.23  0.9981732
6375.66  0.9937232
6376.09  0.9948174
6376.52  0.9976752
6376.95  0.9966051
6377.38  0.993678
6377.81  0.9948152
6378.24  0.9974045
6378.67  0.9976392
6379.09  0.9937911
6379.52  0.9926682
6379.95  0.9948682
6380.38  0.9938846
6380.81  0.9935818
6381.24  0.9948459
6381.67  0.9935507
6382.10  0.989075
6382.53  0.9843763
6382.96  0.9862177
6383.39  0.9852612
6383.82  0.9895723
6384.25  0.9960999
6384.68  0.9925246
6385.10  0.9924997
6385.53  0.9951465
6385.96  0.9960754
6386.39  1.000342
6386.82  1.000342
6387.25  0.9960726
6387.68  0.9951404
6388.11  0.9978901
6388.54  0.997615
6388.97  0.9995081
6389.40  0.9966201
6389.83  0.9955731
6390.26  0.9960687
6390.69  0.9992291
6391.11  0.9999563
6391.54  0.9994723
6391.97  0.996736
6392.40  0.9949424
6392.83  0.9995452
6393.26  1.000673
6393.69  0.9986599
6394.12  0.9999364
6394.55  1.002634
6394.98  0.999325
6395.41  0.9973014
6395.84  0.9999496
6396.27  0.9964775
6396.70  0.9936518
6397.13  0.9967224
6397.55  0.9930709
6397.98  0.9924335
6398.41  0.990631
6398.84  0.9905137
6399.27  0.9882846
6399.70  0.9916132
6400.13  0.9937263
6400.56  0.9929607
6400.99  0.9963008
6401.42  0.9935411
6401.85  0.9779488
6402.28  0.9689482
6402.71  0.9684001
6403.14  0.9811248
6403.56  0.9925175
6403.99  0.9949731
6404.42  0.9965076
6404.85  0.9942994
6405.28  0.989281
6405.71  0.9918597
6406.14  0.9917445
6406.57  0.9919313
6407.00  0.9933322
6407.43  0.9906183
6407.86  0.9888074
6408.29  0.990977
6408.72  0.9935322
6409.15  0.9960226
6409.57  0.9966709
6410.00  0.9957204
6410.43  0.9978009
6410.86  0.9981022
6411.29  0.995764
6411.72  0.9952736
6412.15  0.995297
6412.58  0.9955425
6413.01  0.9948552
6413.44  0.9939874
6413.87  0.9921752
6414.30  0.9910715
6414.73  0.9936079
6415.16  0.9934515
6415.59  0.99103
6416.01  0.9899706
6416.44  0.9886329
6416.87  0.9892946
6417.30  0.9911761
6417.73  0.9917754
6418.16  0.9922641
6418.59  0.9952588
6419.02  0.9935008
6419.45  0.9915805
6419.88  0.9952646
6420.31  0.9957971
6420.74  0.9984974
6421.17  0.995694
6421.60  0.9971113
6422.02  1.000774
6422.45  0.9962171
6422.88  0.9946143
6423.31  0.9933481
6423.74  0.994485
6424.17  0.9937485
6424.60  0.9910114
6425.03  0.9938397
6425.46  0.9910392
6425.89  0.9924277
6426.32  0.9898866
6426.75  0.9925932
6427.18  0.9948921
6427.61  0.9995741
6428.03  0.9986075
6428.46  0.9965214
6428.89  0.9935664
6429.32  0.9954044
6429.75  0.9924802
6430.18  0.9937697
6430.61  0.9928396
6431.04  0.9935672
6431.47  0.9905774
6431.90  0.9853879
6432.33  0.984538
6432.76  0.9897851
6433.19  0.9920117
6433.62  0.9893318
6434.04  0.9895009
6434.47  0.9922507
6434.90  0.9947435
6435.33  0.9928651
6435.76  0.975406
6436.19  0.9726761
6436.62  0.9924811
6437.05  1.00275
6437.48  1.000712
6437.91  0.9970203
6438.34  0.9950591
6438.77  0.9964915
6439.20  0.9980938
6439.63  0.9957741
6440.06  0.9969109
6440.48  0.9978362
6440.91  0.9949618
6441.34  0.9967462
6441.77  0.9951915
6442.20  0.9921129
6442.63  0.9934265
6443.06  0.9943134
6443.49  0.9926982
6443.92  0.9921746
6444.35  0.9945329
6444.78  0.9981085
6445.21  0.9965779
6445.64  0.9973609
6446.07  0.9965359
6446.49  0.9921442
6446.92  0.9909224
6447.35  0.9906765
6447.78  0.9946287
6448.21  0.9945872
6448.64  0.9970326
6449.07  1.018998
6449.50  0.9990756
6449.93  0.9910277
6450.36  0.988462
6450.79  0.9866609
6451.22  0.9895265
6451.65  0.9867385
6452.08  0.987967
6452.50  0.9889623
6452.93  0.983805
6453.36  0.9803104
6453.79  0.979054
6454.22  0.9843885
6454.65  0.9862702
6455.08  0.9835486
6455.51  0.9791133
6455.94  0.9722886
6456.37  0.9694881
6456.80  0.9767438
6457.23  0.9832999
6457.66  0.9841294
6458.09  0.9787582
6458.52  0.979501
6458.94  0.9824601
6459.37  0.983198
6459.80  0.9898318
6460.23  0.9934704
6460.66  0.9902635
6461.09  0.9860039
6461.52  0.9893957
6461.95  0.991923
6462.38  0.986055
6462.81  0.9801303
6463.24  0.9776153
6463.67  0.9793829
6464.10  0.9833905
6464.53  0.9881409
6464.95  0.9841012
6465.38  0.9757295
6465.81  0.9774377
6466.24  0.9818734
6466.67  0.9767162
6467.10  0.9735993
6467.53  0.9773135
6467.96  0.9820181
6468.39  0.978979
6468.82  0.962519
6469.25  0.9645653
6469.68  0.9809099
6470.11  0.9868592
6470.54  0.9920961
6470.96  0.988096
6471.39  0.9773878
6471.82  0.9629213
6472.25  0.9555587
6472.68  0.9722757
6473.11  0.9820009
6473.54  0.9756337
6473.97  0.9527395
6474.40  0.9248322
6474.83  0.9224029
6475.26  0.9441303
6475.69  0.969297
6476.12  0.9703614
6476.55  0.9677843
6476.97  0.9805974
6477.40  0.987798
6477.83  0.9857949
6478.26  0.9708164
6478.69  0.9579513
6479.12  0.9431792
6479.55  0.9551554
6479.98  0.9789122
6480.41  0.9852921
6480.84  0.9817159
6481.27  0.9840972
6481.70  0.9811655
6482.13  0.956791
6482.56  0.9323696
6482.99  0.929973
6483.41  0.9501708
6483.84  0.9723897
6484.27  0.978395
6484.70  0.981758
6485.13  0.9866593
6485.56  0.9768773
6485.99  0.9704465
6486.42  0.9793859
6486.85  0.9816886
6487.28  0.9851943
6487.71  0.9879224
6488.14  0.9819307
6488.57  0.9852477
6489.00  0.9911943
6489.42  0.9761675
6489.85  0.95169
6490.28  0.9551604
6490.71  0.9814277
6491.14  0.9931672
6491.57  0.9799072
6492.00  0.9554879
6492.43  0.9532812
6492.86  0.9804659
6493.29  0.9917874
6493.72  0.9878646
6494.15  0.989229
6494.58  0.9740229
6495.01  0.9490504
6495.43  0.9627029
6495.86  0.9894153
6496.29  0.9882635
6496.72  0.9777854
6497.15  0.983218
6497.58  0.9937307
6498.01  0.9984052
6498.44  0.9981672
6498.87  0.9943918
6499.30  0.9955948
6499.73  0.9988467
6500.16  0.9974977
6500.59  0.9959956
6501.02  0.995284
6501.45  0.9952112
6501.87  0.9941324
6502.30  0.9966836
6502.73  0.9940852
6503.16  0.9922906
6503.59  0.9905555
6504.02  1.000957
6504.45  1.002511
6504.88  1.003543
6505.31  1.001102
6505.74  0.997717
6506.17  0.9912218
6506.60  0.9843509
6507.03  0.9855027
6507.46  0.9771289
6507.88  0.9758093
6508.31  0.9875773
6508.74  0.9943109
6509.17  1.000095
6509.60  1.000702
6510.03  1.001273
6510.46  0.996848
6510.89  0.9825888
6511.32  0.9743558
6511.75  0.9863239
6512.18  0.99394
6512.61  0.9894883
6513.04  0.9837031
6513.47  0.9634437
6513.89  0.9443901
6514.32  0.9597764
6514.75  0.9722053
6515.18  0.9474376
6515.61  0.9044399
6516.04  0.9059131
6516.47  0.9503794
6516.90  0.9715378
6517.33  0.9743931
6517.76  0.97892
6518.19  0.9662508
6518.62  0.959649
6519.05  0.9769961
6519.48  0.9924838
6519.90  0.999274
6520.33  0.9960389
6520.76  0.9894012
6521.19  0.9872602
6521.62  0.9852356
6522.05  0.9841926
6522.48  0.9733033
6522.91  0.958497
6523.34  0.9672341
6523.77  0.9869052
6524.20  0.9924172
6524.63  0.991756
6525.06  0.9898989
6525.49  0.9917868
6525.92  0.9959849
6526.34  0.9926005
6526.77  0.9932399
6527.20  0.9959688
6527.63  0.9956004
6528.06  0.9972001
6528.49  0.9991387
6528.92  0.9961043
6529.35  0.9896367
6529.78  0.9899704
6530.21  0.9914139
6530.64  0.9928883
6531.07  0.9802872
6531.50  0.9602268
6531.93  0.9715503
6532.35  0.9884173
6532.78  0.976796
6533.21  0.9655991
6533.64  0.9715781
6534.07  0.984745
6534.50  0.9914653
6534.93  0.9895269
6535.36  0.9853797
6535.79  0.9798726
6536.22  0.9811819
6536.65  0.9873856
6537.08  0.989722
6537.51  0.9878319
6537.94  0.9876624
6538.36  0.985885
6538.79  0.9849996
6539.22  0.9844038
6539.65  0.9834147
6540.08  0.9835495
6540.51  0.9820053
6540.94  0.9762156
6541.37  0.9618551
6541.80  0.9627858
6542.23  0.9671236
6542.66  0.9494355
6543.09  0.9267867
6543.52  0.9461427
6543.95  0.9676601
6544.38  0.9644622
6544.80  0.9551738
6545.23  0.9501692
6545.66  0.9438394
6546.09  0.9417553
6546.52  0.9353319
6546.95  0.931793
6547.38  0.9301169
6547.81  0.9224445
6548.24  0.937865
6548.67  0.9535757
6549.10  0.9552547
6549.53  0.9483489
6549.96  0.9481081
6550.39  0.9424474
6550.81  0.935202
6551.24  0.9153863
6551.67  0.8912278
6552.10  0.8921554
6552.53  0.9064174
6552.96  0.9019281
6553.39  0.9046127
6553.82  0.9020065
6554.25  0.894551
6554.68  0.8917048
6555.11  0.8842885
6555.54  0.875443
6555.97  0.8600097
6556.40  0.8426446
6556.82  0.8363358
6557.25  0.8292528
6557.68  0.8184302
6558.11  0.8105042
6558.54  0.7991236
6558.97  0.7852315
6559.40  0.7703538
6559.83  0.7510179
6560.26  0.7380515
6560.69  0.7294282
6561.12  0.7137256
6561.55  0.6808251
6561.98  0.620171
6562.41  0.5298072
6562.83  0.4609179
6563.26  0.4677561
6563.69  0.5505856
6564.12  0.6435549
6564.55  0.6998605
6564.98  0.7302438
6565.41  0.7430809
6565.84  0.7564176
6566.27  0.7733063
6566.70  0.790688
6567.13  0.8031766
6567.56  0.8079876
6567.99  0.8175114
6568.42  0.830976
6568.85  0.8458294
6569.27  0.8569522
6569.70  0.863836
6570.13  0.8713202
6570.56  0.8769091
6570.99  0.8672934
6571.42  0.8687186
6571.85  0.8920265
6572.28  0.9060954
6572.71  0.9136519
6573.14  0.9204411
6573.57  0.9047959
6574.00  0.8886216
6574.43  0.9101998
6574.86  0.9391593
6575.28  0.9467977
6575.71  0.9464379
6576.14  0.9521177
6576.57  0.9549645
6577.00  0.9544666
6577.43  0.9457551
6577.86  0.9369239
6578.29  0.9378521
6578.72  0.9505748
6579.15  0.9610318
6579.58  0.9615931
6580.01  0.9632672
6580.44  0.9670116
6580.87  0.9747025
6581.29  0.9723767
6581.72  0.9688654
6582.15  0.9634854
6582.58  0.9564127
6583.01  0.9545965
6583.44  0.9624621
6583.87  0.9694605
6584.30  0.9728274
6584.73  0.9716535
6585.16  0.967142
6585.59  0.9600951
6586.02  0.9646108
6586.45  0.977708
6586.88  0.9850219
6587.31  0.9868686
6587.73  0.9908371
6588.16  0.989801
6588.59  0.9909827
6589.02  0.9909081
6589.45  0.9902317
6589.88  0.9952107
6590.31  0.9900383
6590.74  0.9957018
6591.17  0.9975367
6591.60  0.9978067
6592.03  0.9909689
6592.46  0.989705
6592.89  0.9875823
6593.32  0.9791438
6593.74  0.987491
6594.17  0.9968199
6594.60  0.9995726
6595.03  0.9979782
6595.46  1.000611
6595.89  0.994358
6596.32  0.9935766
6596.75  0.99794
6597.18  0.996316
6597.61  0.9950095
6598.04  0.993037
6598.47  0.9851126
6598.90  0.9886403
6599.33  0.9921778
6599.75  0.9939367
6600.18  0.9911947
6600.61  0.9946812
6601.04  0.9916853
6601.47  0.9934304
6601.90  0.9914933
6602.33  0.9926978
6602.76  0.9914758
6603.19  0.9903557
6603.62  0.9946608
6604.05  0.9969015
6604.48  0.9927818
6604.91  0.9955332
6605.34  1.000012
6605.76  0.9969589
6606.19  0.9938721
6606.62  0.9967034
6607.05  0.9978828
6607.48  0.9989922
6607.91  0.9962172
6608.34  0.9949278
6608.77  0.9954522
6609.20  0.9959586
6609.63  0.9908513
6610.06  0.9949933
6610.49  0.9936575
6610.92  0.9917623
6611.35  0.9891936
6611.78  0.9852695
6612.20  0.9912557
6612.63  0.9958721
6613.06  0.9933415
6613.49  0.991387
6613.92  0.9954635
6614.35  0.9980301
6614.78  0.9987529
6615.21  0.9958858
6615.64  0.9966182
6616.07  0.9942574
6616.50  0.9921075
6616.93  0.9967296
6617.36  0.9952291
6617.79  0.9986247
6618.21  1.001199
6618.64  1.000749
6619.07  0.9980432
6619.50  0.9946399
6619.93  0.9957467
6620.36  0.9988045
6620.79  0.9984981
6621.22  0.9980109
6621.65  0.9971184
6622.08  1.000303
6622.51  0.9977089
6622.94  1.00041
6623.37  0.9959953
6623.80  0.9970233
6624.22  0.9962087
6624.65  0.9958585
6625.08  0.996562
6625.51  0.9974291
6625.94  1.001742
6626.37  0.9995059
6626.80  0.9983547
6627.23  0.9959354
6627.66  0.9955801
6628.09  0.9942744
6628.52  0.9959196
6628.95  0.9995818
6629.38  1.004209
6629.81  1.003263
6630.24  1.002731
6630.66  1.000919
6631.09  0.9966381
6631.52  0.9940785
6631.95  0.9955434
6632.38  0.9926127
6632.81  0.9902097
6633.24  0.9950993
6633.67  0.9932651
6634.10  0.990358
6634.53  0.9946718
6634.96  0.9928268
6635.39  0.9960772
6635.82  1.000108
6636.25  0.9973078
6636.67  0.9950233
6637.10  0.9933609
6637.53  0.9922013
6637.96  0.9903321
6638.39  0.992936
6638.82  0.9950433
6639.25  0.9966408
6639.68  0.9980038
6640.11  0.9994163
6640.54  0.995627
6640.97  0.9899271
6641.40  0.9920502
6641.83  0.9916258
6642.26  0.9906861
6642.68  0.9928806
6643.11  0.9919828
6643.54  0.9974756
6643.97  0.9984229
6644.40  1.000028
6644.83  1.000149
6645.26  1.002406
6645.69  0.9942448
6646.12  0.9917852
6646.55  0.992591
6646.98  0.9960873
6647.41  0.9974398
6647.84  0.9971561
6648.27  0.9942833
6648.70  0.9952666
6649.12  0.9969802
6649.55  0.9953187
6649.98  0.9926518
6650.41  0.993176
6650.84  0.9868712
6651.27  0.9856495
6651.70  0.9899257
6652.13  0.9922101
6652.56  0.9932026
6652.99  0.9913904
6653.42  0.9879651
6653.85  0.9828856
6654.28  0.9819719
6654.71  0.9845352
6655.13  0.982439
6655.56  0.9828529
6655.99  0.9877362
6656.42  0.987777
6656.85  0.9867759
6657.28  0.9849414
6657.71  0.9844846
6658.14  0.9859968
6658.57  0.9896963
6659.00  0.9927008
6659.43  0.9882965
6659.86  0.9800268
6660.29  0.9796557
6660.72  0.9831142
6661.14  0.9850088
6661.57  0.9916841
6662.00  0.9920234
6662.43  0.9913279
6662.86  0.9952967
6663.29  0.9954357
6663.72  0.9936234
6664.15  0.9947708
6664.58  0.9930884
6665.01  0.9917545
6665.44  0.9918284
6665.87  0.9952424
6666.30  0.9985218
6666.73  0.9966661
6667.15  0.9955838
6667.58  0.9996611
6668.01  1.000838
6668.44  1.000739
6668.87  1.005586
6669.30  0.999363
6669.73  0.9966011
6670.16  0.9958041
6670.59  0.9995151
6671.02  0.9959597
6671.45  0.9892222
6671.88  0.9892015
6672.31  0.9947528
6672.74  0.999231
6673.17  0.9988559
6673.59  0.9970701
6674.02  1.001914
6674.45  0.9993357
6674.88  1.002594
6675.31  0.9989203
6675.74  0.9968425
6676.17  0.9918249
6676.60  0.9900132
6677.03  0.9839268
6677.46  0.9499879
6677.89  0.9043431
6678.32  0.8915498
6678.75  0.9154067
6679.18  0.9529555
6679.60  0.9801204
6680.03  0.9920588
6680.46  0.9961411
6680.89  0.9957739
6681.32  0.9949052
6681.75  0.9955504
6682.18  0.9919494
6682.61  0.9878038
6683.04  0.9908145
6683.47  0.9939865
6683.90  0.991927
6684.33  0.9886046
6684.76  0.9924139
6685.19  0.993596
6685.61  0.9910945
6686.04  0.9905526
6686.47  0.9934726
6686.90  0.9984431
6687.33  0.9973791
6687.76  0.994224
6688.19  0.9972249
6688.62  1.001441
6689.05  0.9968982
6689.48  0.9946079
6689.91  0.9917742
6690.34  0.9927351
6690.77  0.9948041
6691.20  0.9919942
6691.63  0.9876097
6692.05  0.9885965
6692.48  0.9918191
6692.91  0.994145
6693.34  0.9942909
6693.77  0.9977194
6694.20  0.9978186
6694.63  0.9983606
6695.06  0.9992664
6695.49  0.9990541
6695.92  0.9988604
6696.35  0.9945018
6696.78  0.9975848
6697.21  1.000649
6697.64  0.9974482
6698.06  0.9995056
6698.49  1.001176
6698.92  0.9987763
6699.35  1.002969
6699.78  1.00177
6700.21  0.9972618
6700.64  0.9989814
6701.07  1.002874
6701.50  1.002727
6701.93  1.004764
6702.36  1.002286
6702.79  1.001632
6703.22  1.003929
6703.65  0.9999893
6704.07  0.9936874
6704.50  0.9970856
6704.93  0.9945738
6705.36  1.002987
6705.79  1.004992
6706.22  1.002962
6706.65  1.001354
6707.08  0.9995394
6707.51  0.996581
6707.94  0.9965577
6708.37  0.9940324
6708.80  0.9908013
6709.23  0.9890679
6709.66  0.9931649
6710.08  0.9949216
6710.51  0.9912525
6710.94  0.9890452
6711.37  0.9888374
6711.80  0.9900146
6712.23  0.9946451
6712.66  0.9923185
6713.09  0.9913155
6713.52  0.996154
6713.95  0.9939998
6714.38  0.9959656
6714.81  0.9974636
6715.24  0.9980577
6715.67  0.9969575
6716.10  0.9933341
6716.52  0.9917016
6716.95  0.9926445
6717.38  0.9965123
6717.81  0.9958772
6718.24  0.9973625
6718.67  0.9997047
6719.10  1.000927
6719.53  0.9982381
6719.96  0.9934016
6720.39  0.9921017
6720.82  0.99874
6721.25  0.9979971
6721.68  0.9978738
6722.11  0.9990219
6722.53  0.9985535
6722.96  0.9980274
6723.39  0.9974544
6723.82  0.9980491
6724.25  0.9944081
6724.68  0.9943379
6725.11  0.9939005
6725.54  0.9909962
6725.97  0.9945886
6726.40  0.993481
6726.83  0.9982721
6727.26  0.9978913
6727.69  0.9893178
6728.12  0.9896901
6728.54  0.9915655
6728.97  0.9936126
6729.40  0.9897591
6729.83  0.9913558
6730.26  0.9917446
6730.69  0.9923264
6731.12  0.9940844
6731.55  0.9912339
6731.98  0.9929255
6732.41  0.9939588
6732.84  0.9952181
6733.27  0.9966747
6733.70  0.9952484
6734.13  0.9925505
6734.56  0.99201
6734.98  0.9904118
6735.41  0.9933757
6735.84  0.9901544
6736.27  0.9907981
6736.70  0.9935203
6737.13  0.9927715
6737.56  0.9949991
6737.99  0.9981282
6738.42  0.9996479
6738.85  0.9949681
6739.28  0.9936906
6739.71  0.9973504
6740.14  0.9961973
6740.57  0.9911079
6740.99  0.9924223
6741.42  0.992655
6741.85  0.9954463
6742.28  0.9978382
6742.71  0.9976667
6743.14  0.9931645
6743.57  0.9977817
6744.00  1.000828
6744.43  0.9957628
6744.86  0.9978345
6745.29  0.9975528
6745.72  0.9990057
6746.15  0.9992173
6746.58  0.9998405
6747.00  1.000831
6747.43  0.9947971
6747.86  0.9972181
6748.29  1.000026
6748.72  0.9986667
6749.15  1.003477
6749.58  1.00225
6750.01  1.001526
6750.44  0.9942769
6750.87  0.9940897
6751.30  0.9956852
6751.73  0.9821501
