3943.57  0.9836656
3944.14  0.9951141
3944.71  0.9974296
3945.28  1.001254
3945.85  1.003583
3946.42  1.001475
3946.99  1.001521
3947.56  1.000078
3948.13  0.9990616
3948.70  0.9986904
3949.27  0.9957596
3949.84  0.9945964
3950.41  0.9984676
3950.98  0.9917442
3951.55  0.9953481
3952.12  0.9982859
3952.69  0.9971117
3953.26  0.9913123
3953.83  0.9881765
3954.40  0.9925875
3954.97  0.9903854
3955.54  0.9858434
3956.11  0.9821257
3956.68  0.9830341
3957.25  0.9797586
3957.82  0.9712152
3958.39  0.961711
3958.96  0.9531183
3959.53  0.9462014
3960.10  0.9358894
3960.67  0.9273525
3961.24  0.9130349
3961.81  0.8967625
3962.38  0.8852196
3962.95  0.8686726
3963.52  0.8409694
3964.09  0.810869
3964.66  0.7795038
3965.23  0.7531905
3965.80  0.7227791
3966.37  0.6891903
3966.94  0.6467939
3967.51  0.5987445
3968.08  0.5457311
3968.65  0.4865479
3969.22  0.440921
3969.79  0.4066207
3970.36  0.3875596
3970.93  0.4061726
3971.50  0.4511809
3972.07  0.5112098
3972.64  0.5630047
3973.21  0.6098029
3973.78  0.6512523
3974.35  0.6943981
3974.92  0.7345246
3975.49  0.7590414
3976.06  0.7948777
3976.63  0.8223987
3977.20  0.8413963
3977.77  0.8595876
3978.34  0.8755146
3978.91  0.8943166
3979.48  0.9094822
3980.05  0.9172475
3980.62  0.9225379
3981.19  0.9409907
3981.76  0.9521709
3982.33  0.953852
3982.90  0.9617161
3983.47  0.9663844
3984.04  0.9694227
3984.61  0.9768962
3985.18  0.978765
3985.75  0.982517
3986.32  0.9853549
3986.89  0.9875845
3987.46  0.9900334
3988.03  0.993657
3988.60  0.9940127
3989.17  1.000893
3989.74  1.001245
3990.31  0.9965357
3990.88  0.9960325
3991.45  0.992768
3992.02  0.9980546
3992.59  1.003746
3993.16  1.001176
3993.73  0.9902982
3994.30  0.997958
3994.87  1.00028
3995.44  1.001925
3996.01  1.002272
3996.58  0.9971174
3997.15  1.001178
3997.72  1.002368
3998.29  0.9983013
3998.86  0.9952833
3999.43  0.9886788
4000.00  0.9993497
4000.57  0.9990051
4001.14  1.000401
4001.71  1.002904
4002.28  1.000594
4002.85  0.9964505
4003.42  0.99762
4003.99  0.9949225
4004.56  0.9937069
4005.13  1.000268
4005.70  0.9941601
4006.27  0.9937901
4006.84  0.9895301
4007.41  0.9845615
4007.98  0.9736462
4008.55  0.9583753
4009.12  0.9468921
4009.69  0.9342627
4010.26  0.9412186
4010.83  0.9648856
4011.40  0.9769258
4011.97  0.9805941
4012.54  0.9857655
4013.11  0.9925207
4013.68  0.9921097
4014.25  0.9960735
4014.82  0.9977858
4015.39  0.9954149
4015.96  0.9905234
4016.53  0.9868391
4017.10  0.9929085
4017.67  0.9930815
4018.24  0.9927669
4018.81  0.9933332
4019.38  0.9932868
4019.95  0.9908841
4020.52  0.9883769
4021.09  0.9901907
4021.66  0.9870067
4022.23  0.9829747
4022.80  0.9770055
4023.37  0.96886
4023.94  0.9596499
4024.51  0.9351037
4025.08  0.8973919
4025.65  0.8529207
4026.22  0.80556
4026.79  0.802989
4027.36  0.8563458
4027.93  0.9159241
4028.50  0.9419863
4029.07  0.9606936
4029.64  0.9774175
4030.21  0.9834605
4030.78  0.9865316
4031.35  0.9852891
4031.92  0.9898115
4032.49  0.9912012
4033.06  0.9851562
4033.63  0.9900309
4034.20  0.9901253
4034.77  0.9939123
4035.34  0.9978139
4035.91  0.9939392
4036.48  0.9991013
4037.05  0.9998202
4037.62  0.9986423
4038.19  0.995088
4038.76  0.9936271
4039.33  1.000406
4039.90  0.9958282
4040.47  0.9909955
4041.04  0.9921837
4041.61  0.9989387
4042.18  0.9974598
4042.75  0.9991438
4043.32  0.9994125
4043.89  1.001572
4044.46  0.9966406
4045.03  0.9972069
4045.60  1.00455
4046.17  1.00321
4046.74  0.9960407
4047.31  0.993097
4047.88  0.9946905
4048.45  0.9957973
4049.02  0.9966394
4049.59  0.9982614
4050.16  0.9976811
4050.73  0.9992713
4051.30  0.9979613
4051.87  0.9971122
4052.44  0.9966667
4053.01  0.9938114
4053.58  0.9973181
4054.15  1.000399
4054.72  1.00456
4055.29  1.002582
4055.86  0.9988068
4056.43  0.9982069
4057.00  0.9970532
4057.57  0.9962087
4058.14  0.9964892
4058.71  0.9988027
4059.28  0.9987749
4059.85  0.9977606
4060.42  0.9991626
4060.99  0.9998346
4061.56  0.9994687
4062.13  1.00244
4062.70  1.003748
4063.27  0.9996154
4063.84  1.004344
4064.41  1.002603
4064.98  1.004229
4065.55  1.009451
4066.12  1.00291
4066.69  1.001741
4067.26  0.9965614
4067.83  0.9929543
4068.40  0.9978225
4068.97  0.9989153
4069.55  1.000465
4070.12  1.006272
4070.69  1.000735
4071.26  0.9983042
4071.83  1.004389
4072.40  0.9988878
4072.97  0.9967672
4073.54  0.9933938
4074.11  0.999113
4074.68  0.9964785
4075.25  0.9883167
4075.82  0.9833462
4076.39  0.984013
4076.96  0.9874243
4077.53  0.9871143
4078.10  0.9876302
4078.67  0.9876515
4079.24  0.9907908
4079.81  0.9938937
4080.38  0.9854041
4080.95  0.9863715
4081.52  0.9839091
4082.09  0.9794452
4082.66  0.9809632
4083.23  0.9770486
4083.80  0.9782227
4084.37  0.9756137
4084.94  0.9717177
4085.51  0.9691439
4086.08  0.9610346
4086.65  0.9563435
4087.22  0.9570997
4087.79  0.9534655
4088.36  0.9517907
4088.93  0.9422753
4089.50  0.9357085
4090.07  0.9298627
4090.64  0.920876
4091.21  0.9168637
4091.78  0.9097148
4092.35  0.8995312
4092.92  0.8839587
4093.49  0.8740738
4094.06  0.8606706
4094.63  0.8437136
4095.20  0.8262836
4095.77  0.8000825
4096.34  0.7795919
4096.91  0.7534759
4097.48  0.720742
4098.05  0.6881556
4098.62  0.649616
4099.19  0.6070817
4099.76  0.5666459
4100.33  0.5183458
4100.90  0.4680251
4101.47  0.4153662
4102.04  0.376227
4102.61  0.3854521
4103.18  0.4327081
4103.75  0.4845447
4104.32  0.5354913
4104.89  0.5820661
4105.46  0.6222107
4106.03  0.6643227
4106.60  0.7045979
4107.17  0.7324486
4107.74  0.7611295
4108.31  0.7849658
4108.88  0.8091654
4109.45  0.8302659
4110.02  0.8446715
4110.59  0.8610861
4111.16  0.8798962
4111.73  0.8894877
4112.30  0.901569
4112.87  0.9131188
4113.44  0.9200402
4114.01  0.9280535
4114.58  0.9343908
4115.15  0.9392592
4115.72  0.9464357
4116.29  0.9503626
4116.86  0.9566641
4117.43  0.9627021
4118.00  0.9618933
4118.57  0.9628244
4119.14  0.968645
4119.71  0.9692849
4120.28  0.9577509
4120.85  0.9395409
4121.42  0.9261472
4121.99  0.9468064
4122.56  0.965694
4123.13  0.9748569
4123.70  0.9762429
4124.27  0.9781103
4124.84  0.986618
4125.41  0.988912
4125.98  0.9873428
4126.55  0.9874177
4127.12  0.9819601
4127.69  0.9696354
4128.26  0.9408628
4128.83  0.9382834
4129.40  0.9661005
4129.97  0.9777471
4130.54  0.9687833
4131.11  0.9360428
4131.68  0.9328201
4132.25  0.9658561
4132.82  0.9920018
4133.39  0.9966147
4133.96  0.9993789
4134.53  0.9966466
4135.10  0.9949871
4135.67  0.9993031
4136.24  0.9956633
4136.81  0.9931383
4137.38  0.9938639
4137.95  0.9968721
4138.52  0.9974957
4139.09  0.9961396
4139.66  0.9962881
4140.23  0.9916852
4140.80  0.9874613
4141.37  0.9811682
4141.94  0.9793856
4142.51  0.9657729
4143.08  0.9474714
4143.65  0.9241789
4144.22  0.9052621
4144.79  0.9072273
4145.36  0.9369745
4145.93  0.9579899
4146.50  0.9744465
4147.07  0.9874409
4147.64  0.9854894
4148.21  0.9927423
4148.78  0.9972248
4149.35  1.000761
4149.92  1.001168
4150.49  0.9986054
4151.06  0.9978242
4151.63  0.9981167
4152.20  0.9962548
4152.77  0.993358
4153.34  0.9875893
4153.91  0.9914882
4154.48  0.997028
4155.05  0.9972551
4155.62  0.9969912
4156.19  0.9994803
4156.76  1.001876
4157.33  1.000357
4157.90  0.9975539
4158.47  0.9968677
4159.04  0.9991464
4159.61  1.003762
4160.18  1.00095
4160.75  0.9975017
4161.32  1.000849
4161.89  0.9984466
4162.46  0.9932733
4163.03  0.993259
4163.60  0.9894946
4164.17  0.9930368
4164.74  0.9958998
4165.31  0.9956174
4165.88  0.9971083
4166.45  1.002309
4167.02  1.001387
4167.59  0.9981137
4168.16  0.9976025
4168.73  0.992584
4169.30  0.9805863
4169.87  0.980554
4170.44  0.9935562
4171.01  0.9957711
4171.58  0.995056
4172.15  0.9957139
4172.72  0.9962557
4173.29  0.9917
4173.86  0.9833882
4174.43  0.9807581
4175.00  0.9848298
4175.57  0.9928837
4176.14  0.9985672
4176.71  0.9990292
4177.28  0.9957721
4177.85  0.9958119
4178.42  0.9913613
4178.99  0.9802423
4179.56  0.9811917
4180.13  0.9955617
4180.70  1.003072
4181.27  0.9975165
4181.84  0.9956349
4182.41  0.9983666
4182.98  0.9958954
4183.55  0.9949793
4184.12  0.9997977
4184.69  0.994984
4185.26  0.9938987
4185.83  0.9963651
4186.40  0.9976403
4186.97  1.002064
4187.54  1.000561
4188.11  0.9986539
4188.68  0.997986
4189.25  0.9993111
4189.82  0.9944457
4190.39  0.9920642
4190.96  0.9947777
4191.53  0.9982691
4192.10  1.002636
4192.67  0.9989327
4193.24  0.9978123
4193.81  1.000422
4194.38  1.001692
4194.95  0.9986238
4195.52  0.9967096
4196.09  0.9965852
4196.66  0.9981644
4197.23  1.00031
4197.80  0.9986844
4198.37  0.9988947
4198.94  0.9987757
4199.51  0.9980072
4200.08  0.9967991
4200.65  0.9940042
4201.22  0.9940451
4201.79  0.9956259
4202.36  0.9961336
4202.93  0.9990211
4203.50  1.00178
4204.07  1.001134
4204.64  1.000793
4205.21  1.000272
4205.78  0.9981014
4206.35  1.003198
4206.92  0.9994046
4207.49  0.9947783
4208.06  1.001159
4208.63  0.9995631
4209.20  0.9994904
4209.77  0.9998905
4210.34  1.000152
4210.91  0.9987816
4211.48  0.9987903
4212.05  1.000161
4212.62  1.000162
4213.19  1.001114
4213.76  1.000128
4214.33  0.9992641
4214.90  0.9969229
4215.47  0.9995555
4216.04  1.000404
4216.61  0.9994275
4217.18  0.9962952
4217.75  0.9953829
4218.32  0.9964167
4218.89  0.9997962
4219.46  0.9989172
4220.03  0.9985334
4220.60  0.999861
4221.17  1.001263
4221.74  1.000766
4222.31  0.9979391
4222.88  0.9996345
4223.45  1.001865
4224.02  0.9999845
4224.59  0.9992334
4225.16  1.002504
4225.73  0.9977612
4226.30  0.9988489
4226.87  1.003072
4227.44  0.9990623
4228.01  0.9983574
4228.58  0.9980438
4229.15  1.003734
4229.72  1.001746
4230.29  0.9997545
4230.86  0.9997527
4231.43  1.000142
4232.00  1.002708
4232.57  0.9965492
4233.14  0.9797663
4233.71  0.9764721
4234.28  0.9873522
4234.85  0.9947029
4235.42  1.00009
4235.99  1.000674
4236.56  0.9984444
4237.13  0.9999756
4237.70  1.002086
4238.27  1.001118
4238.84  1.003658
4239.41  0.9998202
4239.98  1.004052
4240.55  0.9992459
4241.12  0.9971539
4241.69  1.000419
4242.26  0.9990707
4242.83  0.9987337
4243.40  0.9973649
4243.97  1.001339
4244.54  0.9991235
4245.11  0.999846
4245.68  1.001711
4246.25  1.000455
4246.82  0.9983365
4247.39  1.001158
4247.96  1.002819
4248.53  1.003971
4249.10  1.004228
4249.67  0.9972596
4250.24  0.9984051
4250.81  1.000948
4251.38  0.9945927
4251.95  0.9995596
4252.52  0.9987688
4253.09  0.9974616
4253.66  0.9981407
4254.23  1.001186
4254.80  0.9992738
4255.37  1.000244
4255.94  1.00071
4256.51  1.001089
4257.08  0.9997959
4257.65  0.9967088
4258.22  0.9961011
4258.79  0.9939013
4259.36  0.9954497
4259.93  0.9982969
4260.50  0.9982749
4261.07  1.001183
4261.64  0.9972897
4262.21  0.9990363
4262.78  0.9999424
4263.35  0.9989848
4263.92  1.001498
4264.49  0.9964302
4265.06  0.995966
4265.63  0.9971257
4266.20  0.9923455
4266.77  0.9755739
4267.34  0.9486185
4267.91  0.94689
4268.48  0.9685326
4269.05  0.9881418
4269.62  0.9937342
4270.19  0.9941279
4270.76  0.9932213
4271.33  0.9977081
4271.90  1.00082
4272.47  0.9994282
4273.04  0.9995414
4273.61  0.998548
4274.18  0.9952567
4274.75  0.9941649
4275.32  0.9953834
4275.89  0.9945862
4276.46  0.9948079
4277.03  0.9986472
4277.60  0.9951937
4278.17  0.9904153
4278.74  0.9917762
4279.31  0.991662
4279.88  0.993405
4280.45  0.9988983
4281.02  0.9977591
4281.59  0.9956603
4282.16  0.9955971
4282.73  0.9921666
4283.30  0.9944132
4283.87  0.9943525
4284.44  0.9937595
4285.01  0.9935573
4285.58  0.9938317
4286.15  0.9964398
4286.73  0.9925082
4287.30  0.9953724
4287.87  0.9981483
4288.44  0.9968309
4289.01  1.000006
4289.58  0.9991115
4290.15  0.9966006
4290.72  0.9980279
4291.29  0.9954868
4291.86  0.9974993
4292.43  1.001132
4293.00  0.9997259
4293.57  0.9996026
4294.14  0.9976161
4294.71  0.9891669
4295.28  0.9885693
4295.85  0.9969548
4296.42  0.9982483
4296.99  0.996345
4297.56  0.9927577
4298.13  0.993774
4298.70  0.9998108
4299.27  1.000408
4299.84  1.001908
4300.41  0.9969395
4300.98  1.001431
4301.55  1.002369
4302.12  0.9989048
4302.69  0.9953601
4303.26  0.9901598
4303.83  0.9834121
4304.40  0.9886619
4304.97  0.9946498
4305.54  0.9984295
4306.11  0.995661
4306.68  0.9952807
4307.25  0.9973432
4307.82  0.9949822
4308.39  0.9926711
4308.96  0.9923083
4309.53  0.9977475
4310.10  0.9950024
4310.67  0.9912919
4311.24  0.9913074
4311.81  0.9895715
4312.38  0.992099
4312.95  0.991195
4313.52  0.9948137
4314.09  0.9927841
4314.66  0.9910272
4315.23  0.9896774
4315.80  0.9884471
4316.37  0.9867747
4316.94  0.9831864
4317.51  0.9841098
4318.08  0.9824297
4318.65  0.9816671
4319.22  0.9789031
4319.79  0.9752443
4320.36  0.9746835
4320.93  0.9753457
4321.50  0.9773328
4322.07  0.9752359
4322.64  0.9700279
4323.21  0.9704981
4323.78  0.9680184
4324.35  0.9642041
4324.92  0.9619722
4325.49  0.9559502
4326.06  0.9501154
4326.63  0.947363
4327.20  0.9411201
4327.77  0.9416456
4328.34  0.9358636
4328.91  0.9246796
4329.48  0.9189361
4330.05  0.9104905
4330.62  0.9029576
4331.19  0.8936383
4331.76  0.8810725
4332.33  0.8670287
4332.90  0.852417
4333.47  0.8374346
4334.04  0.8191187
4334.61  0.7984933
4335.18  0.7734604
4335.75  0.7474328
4336.32  0.7186834
4336.89  0.6849367
4337.46  0.6560574
4338.03  0.616812
4338.60  0.5723031
4339.17  0.5278309
4339.74  0.4756807
4340.31  0.4220476
4340.88  0.3899398
4341.45  0.4103238
4342.02  0.4643758
4342.59  0.5159305
4343.16  0.5608391
4343.73  0.604794
4344.30  0.6455435
4344.87  0.6800741
4345.44  0.7122954
4346.01  0.7422994
4346.58  0.7653458
4347.15  0.7907136
4347.72  0.8156771
4348.29  0.834377
4348.86  0.8459089
4349.43  0.860235
4350.00  0.8761147
4350.57  0.8856295
4351.14  0.8923289
4351.71  0.8954718
4352.28  0.9026117
4352.85  0.9123939
4353.42  0.9231786
4353.99  0.9312151
4354.56  0.9394527
4355.13  0.947481
4355.70  0.9487248
4356.27  0.950356
4356.84  0.9566534
4357.41  0.9616885
4357.98  0.9623619
4358.55  0.9656459
4359.12  0.9703447
4359.69  0.9734598
4360.26  0.9727672
4360.83  0.9743555
4361.40  0.9765686
4361.97  0.9757234
4362.54  0.9764481
4363.11  0.9787883
4363.68  0.9829209
4364.25  0.9833694
4364.82  0.9839841
4365.39  0.9797633
4365.96  0.9802845
4366.53  0.9866566
4367.10  0.984298
4367.67  0.9851015
4368.24  0.9834077
4368.81  0.9803512
4369.38  0.9829302
4369.95  0.9850069
4370.52  0.9879351
4371.09  0.9899933
4371.66  0.9907843
4372.23  0.9894702
4372.80  0.9888442
4373.37  0.9929184
4373.94  0.9947973
4374.51  0.9926452
4375.08  0.9912021
4375.65  0.9921011
4376.22  0.9903006
4376.79  0.9892228
4377.36  0.9899341
4377.93  0.9917661
4378.50  0.9925128
4379.07  0.9914914
4379.64  0.9921085
4380.21  0.9950761
4380.78  0.995402
4381.35  0.994397
4381.92  0.9927423
4382.49  0.9890738
4383.06  0.9868818
4383.63  0.9852711
4384.20  0.9796342
4384.77  0.969603
4385.34  0.9650248
4385.91  0.9631131
4386.48  0.9582114
4387.05  0.9452134
4387.62  0.9173858
4388.19  0.8900827
4388.76  0.8916354
4389.33  0.9223173
4389.90  0.9497323
4390.47  0.9585293
4391.04  0.9607635
4391.61  0.9687654
4392.18  0.981577
4392.75  0.9869769
4393.32  0.9860163
4393.89  0.9871538
4394.46  0.9921802
4395.03  0.9903669
4395.60  0.9890376
4396.17  0.9922396
4396.74  0.9935403
4397.31  0.9966136
4397.88  0.9992077
4398.45  0.9946048
4399.02  0.9931437
4399.59  0.9956403
4400.16  0.9927616
4400.73  0.9925509
4401.30  0.9930388
4401.87  0.9942623
4402.44  0.9961334
4403.01  0.994137
4403.58  0.9946438
4404.15  0.9945458
4404.72  0.9930491
4405.29  0.9951538
4405.86  0.9914992
4406.43  0.9908955
4407.00  0.9923474
4407.57  0.994507
4408.14  0.9956917
4408.71  0.9948988
4409.28  0.9929274
4409.85  0.9913387
4410.42  0.9921085
4410.99  0.994319
4411.56  0.9919558
4412.13  0.9924784
4412.70  0.9950891
4413.27  0.9962916
4413.84  0.9956288
4414.41  0.9940106
4414.98  0.9923971
4415.55  0.9925371
4416.12  0.9882273
4416.69  0.9836961
4417.26  0.9842024
4417.83  0.9878057
4418.40  0.9906402
4418.97  0.9902371
4419.54  0.9924121
4420.11  0.9927639
4420.68  0.9928832
4421.25  0.9931635
4421.82  0.9952075
4422.39  0.9952811
4422.96  0.9932495
4423.53  0.9936661
4424.10  0.9968165
4424.67  0.9955776
4425.24  0.9899747
4425.81  0.9932665
4426.38  0.9887825
4426.95  0.9895512
4427.52  0.9920374
4428.09  0.9887117
4428.66  0.9866512
4429.23  0.9902639
4429.80  0.9939766
4430.37  0.9907671
4430.94  0.9893972
4431.51  0.9916384
4432.08  0.9900463
4432.65  0.9903843
4433.22  0.9912584
4433.79  0.9838941
4434.36  0.983575
4434.93  0.9877245
4435.50  0.9893082
4436.07  0.9900399
4436.64  0.9895335
4437.21  0.9833796
4437.78  0.9731625
4438.35  0.9760345
4438.92  0.9878661
4439.49  0.9941158
4440.06  0.991425
4440.63  0.997812
4441.20  0.996497
4441.77  0.9969519
4442.34  0.998096
4442.91  0.9973519
4443.48  0.9960529
4444.05  0.9961763
4444.62  0.9959539
4445.19  0.9975426
4445.76  0.9984614
4446.33  0.9974332
4446.90  0.9929254
4447.47  0.9927234
4448.04  0.9925902
4448.61  0.9976447
4449.18  0.9994361
4449.75  1.002816
4450.32  0.9997402
4450.89  0.9969116
4451.46  0.99804
4452.03  0.9950523
4452.60  0.9942508
4453.17  0.9960623
4453.74  0.9969773
4454.31  0.9964602
4454.88  0.9958464
4455.45  0.9976532
4456.02  0.9979372
4456.59  0.9997805
4457.16  1.001239
4457.73  0.9989732
4458.30  1.000218
4458.87  0.9985398
4459.44  1.002944
4460.01  1.001376
4460.58  0.9978606
4461.15  0.9980287
4461.72  0.9964232
4462.29  0.9958786
4462.86  0.9957543
4463.43  0.9931399
4464.00  0.9906837
4464.57  0.992503
4465.14  0.9943027
4465.71  0.9930751
4466.28  0.9931683
4466.85  0.9933087
4467.42  0.9900188
4467.99  0.9851956
4468.56  0.9788336
4469.13  0.9678298
4469.70  0.9492064
4470.27  0.922287
4470.84  0.88719
4471.41  0.8456013
4471.98  0.8277317
4472.55  0.8628282
4473.12  0.9178065
4473.69  0.9549831
4474.26  0.9727154
4474.83  0.9826705
4475.40  0.9900161
4475.97  0.9919745
4476.54  0.9931235
4477.11  0.9968539
4477.68  0.9956735
4478.25  0.993908
4478.82  0.9924607
4479.39  0.9931375
4479.96  0.9837267
4480.53  0.9468406
4481.10  0.8842845
4481.67  0.8597918
4482.24  0.9044654
4482.81  0.9588749
4483.38  0.9834818
4483.95  0.9921601
4484.52  0.9930786
4485.09  0.9974982
4485.66  0.9984113
4486.23  0.9979057
4486.80  0.9972219
4487.37  1.00163
4487.94  1.001318
4488.51  0.9981769
4489.08  0.9958947
4489.65  0.9970581
4490.22  0.998673
4490.79  0.9972939
4491.36  0.9946655
4491.93  0.9946684
4492.50  0.9949489
4493.07  0.9972841
4493.64  0.9999356
4494.21  1.004085
4494.78  1.002296
4495.35  1.000711
4495.92  1.001051
4496.49  1.002691
4497.06  1.003273
4497.63  1.000826
4498.20  0.9989229
4498.77  0.9978443
4499.34  1.003424
4499.91  1.000769
4500.48  1.001794
4501.05  1.000936
4501.62  1.001382
4502.19  0.999733
4502.76  0.9997306
4503.34  1.001353
4503.91  1.002221
4504.48  0.9996558
4505.05  1.000126
4505.62  1.001255
4506.19  1.00217
4506.76  1.002072
4507.33  0.9967902
4507.90  0.9923268
4508.47  0.988759
4509.04  0.9915993
4509.61  0.9945121
4510.18  0.9999239
4510.75  1.003859
4511.32  1.00593
4511.89  1.000294
4512.46  1.000721
4513.03  1.00041
4513.60  1.000473
4514.17  0.9980599
4514.74  0.9956422
4515.31  0.9921124
4515.88  0.9921507
4516.45  0.9959781
4517.02  0.9983263
4517.59  0.9998876
4518.16  1.000971
4518.73  0.9984333
4519.30  0.9988375
4519.87  0.9959115
4520.44  0.9901828
4521.01  0.9909927
4521.58  0.9937837
4522.15  0.9901547
4522.72  0.985252
4523.29  0.986394
4523.86  0.9893988
4524.43  0.9941479
4525.00  0.9945369
4525.57  0.9933407
4526.14  0.9959474
4526.71  0.9985937
4527.28  1.00095
4527.85  0.9979097
4528.42  0.9980778
4528.99  0.9962341
4529.56  0.9977372
4530.13  0.9976603
4530.70  1.001586
4531.27  1.002788
4531.84  1.003869
4532.41  1.00192
4532.98  1.001048
4533.55  0.9988867
4534.12  0.992619
4534.69  0.9951054
4535.26  0.999005
4535.83  0.9971309
4536.40  0.9957197
4536.97  0.9971097
4537.54  0.9979409
4538.11  1.000643
4538.68  1.001906
4539.25  1.001649
4539.82  0.9977295
4540.39  0.9995276
4540.96  0.998742
4541.53  0.9969025
4542.10  1.000062
4542.67  0.998777
4543.24  0.9990187
4543.81  1.00246
4544.38  0.9996173
4544.95  0.9988426
4545.52  0.9987277
4546.09  0.9964265
4546.66  0.9982617
4547.23  0.9967362
4547.80  0.9953741
4548.37  0.9944969
4548.94  0.9822273
4549.51  0.9706758
4550.08  0.9727191
4550.65  0.9845676
4551.22  0.9923027
4551.79  0.993791
4552.36  0.9915843
4552.93  0.9861745
4553.50  0.9881328
4554.07  0.9921493
4554.64  0.9952601
4555.21  0.992797
4555.78  0.9879409
4556.35  0.9882058
4556.92  0.9882917
4557.49  0.9934607
4558.06  0.9948147
4558.63  0.9931109
4559.20  0.9935744
4559.77  0.9930235
4560.34  0.9942553
4560.91  0.9964813
4561.48  0.9976934
4562.05  0.9972256
4562.62  1.002223
4563.19  0.9978589
4563.76  0.9956909
4564.33  0.9978669
4564.90  0.9976435
4565.47  0.9982746
4566.04  0.9994453
4566.61  0.9988433
4567.18  0.9997295
4567.75  0.9940665
4568.32  0.9925566
4568.89  0.9960505
4569.46  1.000143
4570.03  1.000103
4570.60  0.9958615
4571.17  0.9976569
4571.74  0.9988065
4572.31  0.997377
4572.88  0.9976622
4573.45  0.9931846
4574.02  0.9956612
4574.59  0.9949824
4575.16  0.9934219
4575.73  0.9873602
4576.30  0.9877473
4576.87  0.9880371
4577.44  0.9917587
4578.01  0.9896829
4578.58  0.989829
4579.15  0.9918131
4579.72  0.9882356
4580.29  0.9914919
4580.86  0.9947069
4581.43  0.9925686
4582.00  0.9947752
4582.57  0.9886886
4583.14  0.9815058
4583.71  0.9689323
4584.28  0.9708467
4584.85  0.980073
4585.42  0.9904246
4585.99  0.9951187
4586.56  0.9936356
4587.13  0.9940609
4587.70  0.9889005
4588.27  0.9861825
4588.84  0.9897853
4589.41  0.9919513
4589.98  0.9917651
4590.55  0.9905361
4591.12  0.9865571
4591.69  0.9917457
4592.26  0.9953679
4592.83  0.995189
4593.40  0.9910243
4593.97  0.9919227
4594.54  0.9921972
4595.11  0.9935433
4595.68  0.9909219
4596.25  0.9866772
4596.82  0.9910145
4597.39  0.9906347
4597.96  0.9910324
4598.53  0.9890724
4599.10  0.9940025
4599.67  0.9988201
4600.24  0.9948397
4600.81  0.9890483
4601.38  0.9886017
4601.95  0.9901073
4602.52  0.9910212
4603.09  0.9917967
4603.66  0.990253
4604.23  0.9900997
4604.80  0.9914625
4605.37  0.9949062
4605.94  0.9933201
4606.51  0.9911084
4607.08  0.9884412
4607.65  0.9914339
4608.22  0.9939563
4608.79  0.9945448
4609.36  0.9920854
4609.93  0.9908677
4610.50  0.9948782
4611.07  0.9948715
4611.64  0.9934052
4612.21  0.992979
4612.78  0.9898208
4613.35  0.990797
4613.92  0.99306
4614.49  0.9931175
4615.06  0.9939142
4615.63  0.9944374
4616.20  0.9929925
4616.77  0.9920195
4617.34  0.992964
4617.91  0.9923419
4618.48  0.9891313
4619.05  0.9864954
4619.62  0.9885621
4620.19  0.9923686
4620.76  0.9893005
4621.33  0.9829395
4621.90  0.9806935
4622.47  0.9847656
4623.04  0.9895169
4623.61  0.9923853
4624.18  0.993835
4624.75  0.99285
4625.32  0.9880714
4625.89  0.991432
4626.46  0.9930504
4627.03  0.9910301
4627.60  0.9915836
4628.17  0.9905266
4628.74  0.9833104
4629.31  0.9774154
4629.88  0.9775894
4630.45  0.9836048
4631.02  0.9859945
4631.59  0.9874699
4632.16  0.9904092
4632.73  0.9901523
4633.30  0.9871488
4633.87  0.988283
4634.44  0.9873585
4635.01  0.9816233
4635.58  0.9823617
4636.15  0.988091
4636.72  0.9920539
4637.29  0.9910792
4637.86  0.9899848
4638.43  0.9898964
4639.00  0.989387
4639.57  0.9931105
4640.14  0.9940471
4640.71  0.9901544
4641.28  0.9906449
4641.85  0.9917177
4642.42  0.9917446
4642.99  0.9912831
4643.56  0.9946681
4644.13  0.9937027
4644.70  0.9923907
4645.27  0.9949095
4645.84  0.9977268
4646.41  0.9958127
4646.98  0.992278
4647.55  0.9961259
4648.12  0.9935209
4648.69  0.9954315
4649.26  0.9922813
4649.83  0.9932442
4650.40  0.9945207
4650.97  0.9949636
4651.54  0.9976478
4652.11  0.9961313
4652.68  0.9938669
4653.25  0.9918002
4653.82  0.9965424
4654.39  0.9950212
4654.96  0.9950432
4655.53  0.9918393
4656.10  0.9913662
4656.67  0.9916165
4657.24  0.9911067
4657.81  0.9965397
4658.38  0.9959328
4658.95  0.9948135
4659.52  0.9980472
4660.09  0.9998104
4660.66  0.9997442
4661.23  0.9967224
4661.80  0.9968031
4662.37  0.994947
4662.94  0.9900464
4663.51  0.987393
4664.08  0.9920834
4664.65  0.9972812
4665.22  0.9944785
4665.79  0.9961317
4666.36  0.9937524
4666.93  0.9942431
4667.50  0.9946163
4668.07  0.9961461
4668.64  0.9971597
4669.21  0.9936715
4669.78  0.9940857
4670.35  0.9973723
4670.92  0.9962227
4671.49  0.9972973
4672.06  0.9957978
4672.63  0.9919634
4673.20  0.9948089
4673.77  0.9907829
4674.34  0.991484
4674.91  0.9945555
4675.48  0.9956383
4676.05  0.9971382
4676.62  0.9962217
4677.19  0.9963427
4677.76  0.9987863
4678.33  0.9968102
4678.90  0.9936451
4679.47  0.9926145
4680.04  0.9973346
4680.61  0.9988257
4681.18  0.9978148
4681.75  0.9992449
4682.32  0.9972804
4682.89  0.9950335
4683.46  0.9986452
4684.03  1.001576
4684.60  1.000524
4685.17  0.9981929
4685.74  0.9947913
4686.31  0.9964213
4686.88  1.000249
4687.45  0.9991479
4688.02  0.9991549
4688.59  1.000681
4689.16  0.9986864
4689.73  0.997851
4690.30  0.9966406
4690.87  0.9965414
4691.44  0.9976197
4692.01  0.9981173
4692.58  1.000976
4693.15  0.9993591
4693.72  0.9980791
4694.29  0.9983314
4694.86  1.000108
4695.43  1.000804
4696.00  0.9967501
4696.57  0.9964014
4697.14  0.9996122
4697.71  0.9976776
4698.28  0.9951143
4698.85  0.9960935
4699.42  0.9983379
4699.99  0.9972309
4700.56  0.9959854
4701.13  0.9969554
4701.70  0.9976265
4702.27  0.9951584
4702.84  0.9987882
4703.41  0.9966174
4703.98  0.9959735
4704.55  0.9989641
4705.12  0.9963223
4705.69  0.9995186
4706.26  0.9994243
4706.83  0.9953431
4707.40  0.9970219
4707.97  0.9980022
4708.54  1.001213
4709.11  0.9978666
4709.68  0.9962443
4710.25  0.9975032
4710.82  0.9976936
4711.39  0.9938366
4711.96  0.9899518
4712.53  0.9706872
4713.10  0.9506078
4713.67  0.9494997
4714.24  0.9656556
4714.81  0.9862441
4715.38  0.9936519
4715.95  0.9911503
4716.52  0.9879179
4717.09  0.991693
4717.66  0.9995753
4718.23  0.9987954
4718.80  0.998435
4719.37  1.001425
4719.94  0.9996335
4720.52  0.9980485
4721.09  1.001247
4721.66  0.9995041
4722.23  1.001292
4722.80  0.999607
4723.37  0.9967988
4723.94  0.9984972
4724.51  0.9986498
4725.08  0.999131
4725.65  0.9996135
4726.22  1.000525
4726.79  0.9962853
4727.36  0.998785
4727.93  1.000614
4728.50  0.9977658
4729.07  1.001555
4729.64  1.004822
4730.21  1.002002
4730.78  0.9987842
4731.35  0.9982737
4731.92  0.9988084
4732.49  0.9993813
4733.06  0.9957489
4733.63  0.9976717
4734.20  1.00209
4734.77  0.9995275
4735.34  0.9979483
4735.91  0.9954804
4736.48  0.9939533
4737.05  0.9972976
4737.62  0.9969711
4738.19  0.9981203
4738.76  0.9989744
4739.33  0.9918499
4739.90  0.9910221
4740.47  0.9921903
4741.04  0.9934379
4741.61  0.9927968
4742.18  0.9962403
4742.75  1.00031
4743.32  0.9990103
4743.89  0.9986125
4744.46  1.000007
4745.03  1.000077
4745.60  1.000346
4746.17  1.002207
4746.74  1.00052
4747.31  0.9997253
4747.88  1.00014
4748.45  0.9993338
4749.02  0.9990153
4749.59  1.000229
4750.16  0.9995936
4750.73  0.9980647
4751.30  0.9979602
4751.87  0.9965436
4752.44  0.9988451
4753.01  0.9983754
4753.58  0.9964291
4754.15  0.9968739
4754.72  0.9964414
4755.29  0.9973199
4755.86  0.9928631
4756.43  0.9931715
4757.00  0.9979772
4757.57  0.9986587
4758.14  0.9952064
4758.71  0.9950231
4759.28  0.9959561
4759.85  0.9968891
4760.42  0.9965301
4760.99  0.9948921
4761.56  0.9967569
4762.13  0.9974991
4762.70  0.9935422
4763.27  0.9931499
4763.84  0.9939538
4764.41  0.9961097
4764.98  0.9976208
4765.55  0.9926054
4766.12  0.9934657
4766.69  0.9978936
4767.26  0.996254
4767.83  0.9918212
4768.40  0.9912499
4768.97  0.9938534
4769.54  0.9977037
4770.11  0.9952698
4770.68  0.9945797
4771.25  0.9959738
4771.82  0.9945461
4772.39  0.9944499
4772.96  0.992346
4773.53  0.9907579
4774.10  0.9921627
4774.67  0.9951847
4775.24  0.9962614
4775.81  0.9972215
4776.38  0.9985881
4776.95  0.9977897
4777.52  0.9969155
4778.09  0.9988647
4778.66  0.9981961
4779.23  0.9961015
4779.80  0.9943146
4780.37  0.9930155
4780.94  0.9959266
4781.51  0.9973755
4782.08  0.9968464
4782.65  0.9978883
4783.22  1.00104
4783.79  1.002214
4784.36  0.996909
4784.93  0.9957196
4785.50  0.9992244
4786.07  0.9949826
4786.64  0.9972714
4787.21  0.9990476
4787.78  0.9980869
4788.35  1.00249
4788.92  0.9990834
4789.49  0.9955719
4790.06  1.000423
4790.63  1.000778
4791.20  1.001376
4791.77  0.9994319
4792.34  0.9985188
4792.91  0.9968398
4793.48  0.9984379
4794.05  0.9989722
4794.62  0.9974956
4795.19  0.9980989
4795.76  1.000585
4796.33  1.000798
4796.90  1.002005
4797.47  0.9978296
4798.04  1.000038
4798.61  1.001192
4799.18  1.001652
4799.75  0.9999471
4800.32  0.9990966
4800.89  1.000978
4801.46  0.998908
4802.03  1.000302
4802.60  0.9983024
4803.17  0.9975974
4803.74  0.9999449
4804.31  0.9991671
4804.88  0.9980518
4805.45  0.9976642
4806.02  0.9996672
4806.59  0.9979681
4807.16  1.000926
4807.73  0.9996985
4808.30  0.9997855
4808.87  0.9970648
4809.44  1.00029
4810.01  1.001669
4810.58  0.9997023
4811.15  1.000169
4811.72  1.001367
4812.29  1.000238
4812.86  0.9988138
4813.43  0.9979349
4814.00  0.9984688
4814.57  0.99672
4815.14  0.994401
4815.71  0.9896306
4816.28  0.9913543
4816.85  0.9946095
4817.42  0.9992191
4817.99  0.9992317
4818.56  0.99845
4819.13  1.000395
4819.70  0.9963776
4820.27  0.9976
4820.84  0.998615
4821.41  1.00025
4821.98  1.002181
4822.55  0.9977255
4823.12  1.000417
4823.69  0.9956089
4824.26  0.9924404
4824.83  0.9930108
4825.40  0.9924375
4825.97  0.9964021
4826.54  0.9998736
4827.11  0.9985152
4827.68  0.9982347
4828.25  0.9952245
4828.82  0.9961528
4829.39  0.9975485
4829.96  0.996617
4830.53  0.9952948
4831.10  0.9939513
4831.67  0.9952015
4832.24  0.996565
4832.81  0.9986742
4833.38  0.9964417
4833.95  0.9911155
4834.52  0.9918537
4835.09  0.9914699
4835.66  0.9913872
4836.23  0.989475
4836.80  0.9888048
4837.37  0.9881948
4837.94  0.9877563
4838.51  0.9885011
4839.08  0.987098
4839.65  0.985844
4840.22  0.984157
4840.79  0.9836745
4841.36  0.9791983
4841.93  0.975666
4842.50  0.9748904
4843.07  0.9749337
4843.64  0.9720979
4844.21  0.9674536
4844.78  0.9646474
4845.35  0.9655013
4845.92  0.9643111
4846.49  0.9617967
4847.06  0.9551803
4847.63  0.9471301
4848.20  0.9415503
4848.77  0.937591
4849.34  0.9299232
4849.91  0.9247307
4850.48  0.9145384
4851.05  0.9046133
4851.62  0.8971692
4852.19  0.8909152
4852.76  0.8789762
4853.33  0.8646058
4853.90  0.8509824
4854.47  0.8356788
4855.04  0.8172668
4855.61  0.7958036
4856.18  0.7757016
4856.75  0.7507997
4857.32  0.7233271
4857.89  0.6975293
4858.46  0.6673016
4859.03  0.6335464
4859.60  0.5970702
4860.17  0.5524672
4860.74  0.4971585
4861.31  0.4466057
4861.88  0.4389706
4862.45  0.4820002
4863.02  0.5382507
4863.59  0.5839312
4864.16  0.6211523
4864.73  0.6566474
4865.30  0.689617
4865.87  0.7189894
4866.44  0.7452241
4867.01  0.7665048
4867.58  0.7908555
4868.15  0.814732
4868.72  0.8319908
4869.29  0.8450781
4869.86  0.8585761
4870.43  0.8734405
4871.00  0.8862358
4871.57  0.8950788
4872.14  0.9043148
4872.71  0.9166662
4873.28  0.9238296
4873.85  0.9297296
4874.42  0.9358394
4874.99  0.9407625
4875.56  0.9451581
4876.13  0.9490112
4876.70  0.9532809
4877.27  0.9589375
4877.84  0.9592645
4878.41  0.9629516
4878.98  0.9646609
4879.55  0.9637044
4880.12  0.9699938
4880.69  0.973303
4881.26  0.9757281
4881.83  0.9765726
4882.40  0.9766076
4882.97  0.9789698
4883.54  0.9760402
4884.11  0.9755589
4884.68  0.9802869
4885.25  0.9801702
4885.82  0.9796574
4886.39  0.9825101
4886.96  0.9808015
4887.53  0.9833601
4888.10  0.9892716
4888.67  0.9876265
4889.24  0.9890012
4889.81  0.9918528
4890.38  0.9943041
4890.95  0.9930289
4891.52  0.9910771
4892.09  0.9917591
4892.66  0.9909492
4893.23  0.9913744
4893.80  0.9938765
4894.37  0.9914281
4894.94  0.9890174
4895.51  0.992521
4896.08  0.9928192
4896.65  0.9894181
4897.22  0.9907126
4897.79  0.992672
4898.36  0.991703
4898.93  0.9960507
4899.50  0.9936138
4900.07  0.995389
4900.64  0.9935036
4901.21  0.9937478
4901.78  0.9932265
4902.35  0.9916916
4902.92  0.9960789
4903.49  0.9972316
4904.06  0.9985904
4904.63  1.002121
4905.20  0.9983929
4905.77  0.9983971
4906.34  0.9963782
4906.91  0.9963949
4907.48  0.9959732
4908.05  0.9961705
4908.62  0.9952952
4909.19  0.9957205
4909.76  0.9978405
4910.33  0.9988982
4910.90  0.9968534
4911.47  0.9994737
4912.04  0.9966719
4912.61  0.9968063
4913.18  0.9969181
4913.75  0.9986326
4914.32  0.9978158
4914.89  0.997727
4915.46  0.9979703
4916.03  0.9981154
4916.60  0.9989952
4917.17  0.9926237
4917.74  0.9904388
4918.31  0.9922966
4918.88  0.9926974
4919.45  0.99091
4920.02  0.9815322
4920.59  0.9713746
4921.16  0.9529532
4921.73  0.9217239
4922.30  0.9037158
4922.87  0.9139549
4923.44  0.933964
4924.01  0.9389936
4924.58  0.9469318
4925.15  0.965901
4925.72  0.977596
4926.29  0.9859809
4926.86  0.9921595
4927.43  0.9975257
4928.00  0.9981248
4928.57  0.9987838
4929.14  0.9984311
4929.71  0.9998622
4930.28  0.9999035
4930.85  0.9971228
4931.42  0.9955742
4931.99  0.998873
4932.56  0.9974378
4933.13  0.9971114
4933.70  0.9965072
4934.27  0.9989038
4934.84  1.000493
4935.41  0.9996539
4935.98  0.9991785
4936.55  0.9961094
4937.13  0.9952552
4937.70  1.000692
4938.27  0.9996454
4938.84  0.9991107
4939.41  0.9969138
4939.98  0.9984395
4940.55  0.9964997
4941.12  0.9963322
4941.69  0.9982082
4942.26  0.9958797
4942.83  0.9921259
4943.40  0.9962043
4943.97  0.9980681
4944.54  0.9978168
4945.11  1.000503
4945.68  0.9996243
4946.25  0.9988239
4946.82  0.999929
4947.39  0.9998808
4947.96  0.9971167
4948.53  0.9945766
4949.10  0.9956353
4949.67  0.9981751
4950.24  0.9971089
4950.81  0.9975109
4951.38  0.9957905
4951.95  0.9942815
4952.52  0.9948694
4953.09  0.9975251
4953.66  0.9982397
4954.23  1.000381
4954.80  0.9978833
4955.37  0.9949688
4955.94  0.998428
4956.51  1.001747
4957.08  0.996081
4957.65  0.997713
4958.22  0.9994197
4958.79  0.9993511
4959.36  0.9982647
4959.93  0.9993124
4960.50  1.000295
4961.07  0.9991783
4961.64  0.996361
4962.21  0.998005
4962.78  0.9967521
4963.35  0.9988601
4963.92  1.001593
4964.49  1.000426
4965.06  0.998477
4965.63  0.9961314
4966.20  0.999657
4966.77  1.000374
4967.34  1.001423
4967.91  0.9972119
4968.48  0.9940958
4969.05  0.9948883
4969.62  0.9958768
4970.19  0.9977235
4970.76  0.9987327
4971.33  1.001332
4971.90  1.001853
4972.47  0.9990827
4973.04  0.9995651
4973.61  1.001702
4974.18  0.9985395
4974.75  0.9985955
4975.32  0.9989663
4975.89  1.002945
4976.46  0.9979782
4977.03  1.001906
4977.60  1.000287
4978.17  1.000099
4978.74  0.9974503
4979.31  0.9990084
4979.88  1.001036
4980.45  0.9994272
4981.02  1.000132
4981.59  1.003345
4982.16  1.000718
4982.73  1.000549
4983.30  0.9992033
4983.87  0.9986135
4984.44  0.999229
4985.01  0.9994355
4985.58  1.00121
4986.15  0.9993637
4986.72  0.9997475
4987.29  1.00093
4987.86  0.9996115
4988.43  0.9990216
4989.00  0.9977213
4989.57  0.9978734
4990.14  0.9994471
4990.71  0.9994286
4991.28  1.00175
4991.85  0.9976216
4992.42  0.9931259
4992.99  0.9930587
4993.56  0.9956048
4994.13  0.9972389
4994.70  1.00029
4995.27  0.9992166
4995.84  1.002753
4996.41  1.003683
4996.98  0.9998145
4997.55  1.002889
4998.12  0.9985082
4998.69  0.9985632
4999.26  0.9975663
4999.83  0.9996334
5000.40  1.000744
5000.97  1.000575
5001.54  0.9952904
5002.11  0.9851425
5002.68  0.9870403
5003.25  0.9931407
5003.82  0.9960779
5004.39  0.9952734
5004.96  0.994274
5005.53  0.9949599
5006.10  0.9942994
5006.67  0.9978319
5007.24  0.9989932
5007.81  0.9976191
5008.38  0.9953946
5008.95  0.9956515
5009.52  0.9918548
5010.09  0.9897033
5010.66  0.9940461
5011.23  0.9975879
5011.80  0.9986003
5012.37  0.9984729
5012.94  0.9981113
5013.51  0.9954792
5014.08  0.9886466
5014.65  0.9797186
5015.22  0.9687739
5015.79  0.9496805
5016.36  0.9419142
5016.93  0.9555312
5017.50  0.9752071
5018.07  0.9768193
5018.64  0.9679757
5019.21  0.9603956
5019.78  0.9734643
5020.35  0.9846663
5020.92  0.9899733
5021.49  0.9944417
5022.06  0.9954221
5022.63  0.9924089
5023.20  0.9976075
5023.77  0.9957685
5024.34  0.9968227
5024.91  0.9981322
5025.48  0.9953397
5026.05  0.9930305
5026.62  0.9947289
5027.19  0.9946218
5027.76  0.9918739
5028.33  0.9908123
5028.90  0.9907746
5029.47  0.9940917
5030.04  0.9936169
5030.61  0.9940643
5031.18  0.9928132
5031.75  0.9893532
5032.32  0.9865254
5032.89  0.9820712
5033.46  0.9813059
5034.03  0.985567
5034.60  0.9859041
5035.17  0.9859655
5035.74  0.9799953
5036.31  0.9806954
5036.88  0.9818044
5037.45  0.9849326
5038.02  0.9859422
5038.59  0.9861524
5039.16  0.9898278
5039.73  0.9909555
5040.30  0.9860638
5040.87  0.9735729
5041.44  0.9536237
5042.01  0.9515206
5042.58  0.9686206
5043.15  0.9839984
5043.72  0.9861311
5044.29  0.9903506
5044.86  0.9916796
5045.43  0.9937727
5046.00  0.9956747
5046.57  0.994301
5047.14  0.9899186
5047.71  0.9770379
5048.28  0.9686943
5048.85  0.9719211
5049.42  0.9831265
5049.99  0.992754
5050.56  0.9954041
5051.13  0.9951638
5051.70  0.9954679
5052.27  0.9969473
5052.84  0.9974222
5053.41  0.9941045
5053.98  0.9936454
5054.55  0.9948111
5055.12  0.9913147
5055.69  0.980253
5056.26  0.950008
5056.83  0.9288757
5057.40  0.9463562
5057.97  0.9696096
5058.54  0.9840329
5059.11  0.9897701
5059.68  0.9933479
5060.25  0.9960328
5060.82  0.9949964
5061.39  0.9945374
5061.96  0.9947189
5062.53  0.9993068
5063.10  0.999081
5063.67  0.9983716
5064.24  1.001529
5064.81  1.000789
5065.38  1.000528
5065.95  0.9952185
5066.52  0.9920144
5067.09  0.9918253
5067.66  0.9913948
5068.23  0.9962547
5068.80  0.9953998
5069.37  0.9971323
5069.94  1.000265
5070.51  0.9972007
5071.08  0.9959986
5071.65  0.9955387
5072.22  0.9998116
5072.79  0.9979913
5073.36  0.9953457
5073.93  0.9944583
5074.50  0.9933379
5075.07  0.9977073
5075.64  1.000078
5076.21  0.9977712
5076.78  0.9952137
5077.35  0.9980258
5077.92  0.9996182
5078.49  1.000964
5079.06  1.001147
5079.63  0.9959125
5080.20  0.9970953
5080.77  0.9985457
5081.34  0.9978694
5081.91  1.000971
5082.48  1.000313
5083.05  1.003219
5083.62  1.000951
5084.19  1.001162
5084.76  1.000063
5085.33  0.9990256
5085.90  1.00051
5086.47  1.000355
5087.04  0.9948982
5087.61  0.9976798
5088.18  0.998884
5088.75  0.9977794
5089.32  1.000545
5089.89  0.9980568
5090.46  0.9995055
5091.03  0.9980559
5091.60  0.9986785
5092.17  0.9962869
5092.74  0.9989074
5093.31  0.9976529
5093.88  0.993486
5094.45  0.9920887
5095.02  0.994306
5095.59  0.9969359
5096.16  0.9983304
5096.73  0.99942
5097.30  0.9988759
5097.87  0.9960831
5098.44  0.9962251
5099.01  0.9972835
5099.58  0.9983224
5100.15  0.9965093
5100.72  0.9962964
5101.29  0.9926816
5101.86  0.9921279
5102.43  0.9960374
5103.00  0.9970226
5103.57  0.9956767
5104.14  0.9946614
5104.71  0.9983208
5105.28  0.9986603
5105.85  1.000432
5106.42  0.9979343
5106.99  0.9994929
5107.56  1.001362
5108.13  1.004168
5108.70  1.004566
5109.27  1.001174
5109.84  1.000265
5110.41  0.9977062
